"Clumped CO2 Iterative Analysis,         Data File Version 10"
"Started analysis at 3:11:00 AM on the Thursday, February 14, 2019"
"UTC FileTimeLow",-772636160," UTC FileTimeHigh",30721084
"Time Zone ","Eastern Daylight Time"
"CO Disabled",#FALSE#
"Persective Instrument","PS019"
"User logged in",#FALSE#
"Software Version","Stable 1.69.5"
"Axial Mass is :",46
"No_C_O_Cycles",6
"Num Blocks",1
0
-1
-1
-1
-1
0
-1
0
-1
0
"Sample Name is ","ETH-01"
Zero Data
-1.120554685282E-13, -5.782115068589E-14, -6.133431131419E-14, -3.253522634411E-14, 1.117766971104E-13, 4.213754367134E-12, Measured at start of run
Individual Data
No_C_O_Cycles                6 
Cycle_Length   20 
Zero_Measurement_Length      20 
Axial_Mass     46 
 Gas          Bla
0.000000E+00  -1.121236E-13 -1.118661E-13 -1.120556E-13 -1.121200E-13 -1.120878E-13 -1.120521E-13 -1.120628E-13 -1.121093E-13 -1.121522E-13 -1.121665E-13 -1.121415E-13 -1.121629E-13 -1.119519E-13 -1.119305E-13 -1.119054E-13 -1.118268E-13 -1.120843E-13 -1.120056E-13 -1.120843E-13 -1.122202E-13
0.000000E+00  -5.777484E-14 -5.793577E-14 -5.801445E-14 -5.786425E-14 -5.786782E-14 -5.778556E-14 -5.777484E-14 -5.776769E-14 -5.776411E-14 -5.773550E-14 -5.766755E-14 -5.766040E-14 -5.785709E-14 -5.772477E-14 -5.784279E-14 -5.783206E-14 -5.782848E-14 -5.787140E-14 -5.797511E-14 -5.787855E-14
0.000000E+00  -6.148344E-14 -6.149417E-14 -6.129390E-14 -6.119734E-14 -6.131893E-14 -6.131893E-14 -6.124741E-14 -6.127959E-14 -6.130463E-14 -6.140477E-14 -6.145126E-14 -6.141907E-14 -6.128317E-14 -6.127959E-14 -6.134755E-14 -6.125456E-14 -6.130106E-14 -6.116157E-14 -6.134397E-14 -6.150132E-14
0.000000E+00  -3.168586E-14 -3.193620E-14 -3.193620E-14 -3.157857E-14 -3.200773E-14 -3.200773E-14 -3.225806E-14 -3.250841E-14 -3.247264E-14 -3.261569E-14 -3.272298E-14 -3.215078E-14 -3.240112E-14 -3.333095E-14 -3.283027E-14 -3.297332E-14 -3.347400E-14 -3.311637E-14 -3.361705E-14 -3.308061E-14
0.000000E+00  1.155139E-13  1.155139E-13  1.130105E-13  1.144410E-13  1.144410E-13  1.133681E-13  1.140834E-13  1.122953E-13  1.122953E-13  1.097919E-13  1.105071E-13  1.112224E-13  1.105071E-13  1.105071E-13  1.112224E-13  1.083614E-13  1.112224E-13  1.094342E-13  1.090766E-13  1.087190E-13
0.000000E+00  4.470352E-12  4.345183E-12  4.291538E-12  4.327302E-12  4.273657E-12  4.327302E-12  4.255776E-12  4.202131E-12  4.220013E-12  4.220013E-12  4.184250E-12  4.148487E-12  4.166369E-12  4.148487E-12  4.220013E-12  4.148487E-12  4.130606E-12  4.041199E-12  4.094843E-12  4.059080E-12
Gas           Ref
0.000000E+00  -1.113332E-13 -1.112438E-13 -1.112867E-13 -1.113762E-13 -1.112903E-13 -1.114620E-13 -1.113547E-13 -1.114083E-13 -1.114048E-13 -1.114298E-13 -1.115764E-13 -1.114942E-13 -1.114298E-13 -1.113368E-13 -1.114620E-13 -1.115800E-13 -1.114513E-13 -1.113976E-13 -1.114334E-13 -1.113797E-13
0.000000E+00  -1.748087E-14 -1.748087E-14 -1.760961E-14 -1.773478E-14 -1.747729E-14 -1.738788E-14 -1.738788E-14 -1.729132E-14 -1.723410E-14 -1.720192E-14 -1.719476E-14 -1.753809E-14 -1.764180E-14 -1.761677E-14 -1.776339E-14 -1.760246E-14 -1.752021E-14 -1.757743E-14 -1.761677E-14 -1.771333E-14
0.000000E+00  3.655282E-13  3.660790E-13  3.648094E-13  3.642944E-13  3.652063E-13  3.643159E-13  3.637973E-13  3.645412E-13  3.652886E-13  3.651384E-13  3.649882E-13  3.652779E-13  3.645197E-13  3.645197E-13  3.634647E-13  3.632072E-13  3.633824E-13  3.638831E-13  3.640548E-13  3.628496E-13
0.000000E+00  3.666419E-11  3.663118E-11  3.646177E-11  3.649177E-11  3.662699E-11  3.645219E-11  3.650751E-11  3.657256E-11  3.659302E-11  3.658651E-11  3.660632E-11  3.655858E-11  3.648952E-11  3.649521E-11  3.639843E-11  3.642790E-11  3.649971E-11  3.652296E-11  3.645158E-11  3.636338E-11
0.000000E+00  1.047665E-10  1.046914E-10  1.041914E-10  1.042665E-10  1.046760E-10  1.041667E-10  1.043280E-10  1.044832E-10  1.045665E-10  1.045430E-10  1.045952E-10  1.044768E-10  1.042644E-10  1.042937E-10  1.040144E-10  1.040888E-10  1.042840E-10  1.043581E-10  1.041721E-10  1.038971E-10
0.000000E+00  8.770885E-09  8.765593E-09  8.722409E-09  8.729240E-09  8.763107E-09  8.720532E-09  8.733406E-09  8.747997E-09  8.754184E-09  8.752861E-09  8.756938E-09  8.747175E-09  8.728435E-09  8.732100E-09  8.707710E-09  8.713754E-09  8.730080E-09  8.737179E-09  8.721480E-09  8.697858E-09
Gas           Sam
0.000000E+00  -1.069952E-13 -1.069988E-13 -1.070095E-13 -1.066519E-13 -1.066662E-13 -1.066734E-13 -1.065768E-13 -1.065589E-13 -1.063050E-13 -1.060225E-13 -1.059760E-13 -1.060296E-13 -1.061047E-13 -1.061727E-13 -1.060296E-13 -1.060511E-13 -1.059402E-13 -1.058436E-13 -1.058937E-13 -1.059402E-13
0.000000E+00  -1.553537E-14 -1.564266E-14 -1.557471E-14 -1.561047E-14 -1.556398E-14 -1.534583E-14 -1.552464E-14 -1.558186E-14 -1.538874E-14 -1.513483E-14 -1.512767E-14 -1.532079E-14 -1.543523E-14 -1.567484E-14 -1.545669E-14 -1.544596E-14 -1.557471E-14 -1.553179E-14 -1.578929E-14 -1.553179E-14
0.000000E+00  3.799728E-13  3.806094E-13  3.798083E-13  3.796796E-13  3.802553E-13  3.808132E-13  3.797869E-13  3.799013E-13  3.806917E-13  3.814284E-13  3.819970E-13  3.812102E-13  3.802088E-13  3.809098E-13  3.805486E-13  3.811137E-13  3.817145E-13  3.818683E-13  3.804199E-13  3.810099E-13
0.000000E+00  3.709388E-11  3.713461E-11  3.694246E-11  3.697543E-11  3.707832E-11  3.702368E-11  3.693745E-11  3.700197E-11  3.705185E-11  3.707321E-11  3.709849E-11  3.692751E-11  3.692097E-11  3.696838E-11  3.691789E-11  3.699750E-11  3.703190E-11  3.693727E-11  3.687644E-11  3.700318E-11
0.000000E+00  1.052661E-10  1.053830E-10  1.048527E-10  1.049278E-10  1.052146E-10  1.051034E-10  1.048137E-10  1.050007E-10  1.051513E-10  1.052017E-10  1.052807E-10  1.048144E-10  1.047675E-10  1.049174E-10  1.047675E-10  1.049936E-10  1.050919E-10  1.048419E-10  1.046413E-10  1.049936E-10
0.000000E+00  8.768597E-09  8.778414E-09  8.734014E-09  8.740630E-09  8.763786E-09  8.755650E-09  8.730563E-09  8.746119E-09  8.759602E-09  8.763500E-09  8.769616E-09  8.730759E-09  8.726737E-09  8.739951E-09  8.726897E-09  8.745476E-09  8.754417E-09  8.733424E-09  8.716615E-09  8.746084E-09
Gas           Ref
0.000000E+00  -1.114548E-13 -1.115943E-13 -1.114191E-13 -1.112438E-13 -1.112581E-13 -1.112438E-13 -1.114119E-13 -1.113154E-13 -1.113332E-13 -1.113511E-13 -1.113583E-13 -1.113726E-13 -1.113154E-13 -1.112188E-13 -1.111830E-13 -1.113189E-13 -1.114513E-13 -1.113583E-13 -1.113869E-13 -1.111759E-13
0.000000E+00  -1.824261E-14 -1.809599E-14 -1.776697E-14 -1.789214E-14 -1.799228E-14 -1.803877E-14 -1.806022E-14 -1.817109E-14 -1.807095E-14 -1.785995E-14 -1.787068E-14 -1.808168E-14 -1.789929E-14 -1.780989E-14 -1.787426E-14 -1.815678E-14 -1.824261E-14 -1.803519E-14 -1.807453E-14 -1.795294E-14
0.000000E+00  3.588942E-13  3.593556E-13  3.599778E-13  3.590337E-13  3.593663E-13  3.594020E-13  3.596560E-13  3.597132E-13  3.586153E-13  3.582076E-13  3.587690E-13  3.595201E-13  3.595558E-13  3.594199E-13  3.589800E-13  3.579501E-13  3.582612E-13  3.574709E-13  3.577462E-13  3.584472E-13
0.000000E+00  3.605847E-11  3.614513E-11  3.615099E-11  3.601967E-11  3.608139E-11  3.615153E-11  3.613962E-11  3.609749E-11  3.598333E-11  3.605797E-11  3.609756E-11  3.611251E-11  3.612681E-11  3.612220E-11  3.602267E-11  3.591985E-11  3.599989E-11  3.590845E-11  3.598745E-11  3.606012E-11
0.000000E+00  1.030330E-10  1.032709E-10  1.033109E-10  1.029125E-10  1.030920E-10  1.033188E-10  1.032659E-10  1.031500E-10  1.028235E-10  1.030270E-10  1.031521E-10  1.031915E-10  1.032362E-10  1.032233E-10  1.029658E-10  1.026450E-10  1.028818E-10  1.026089E-10  1.028242E-10  1.030516E-10
0.000000E+00  8.625188E-09  8.645858E-09  8.649703E-09  8.615031E-09  8.631160E-09  8.649864E-09  8.644947E-09  8.636685E-09  8.608111E-09  8.625062E-09  8.635880E-09  8.639422E-09  8.643266E-09  8.642372E-09  8.620843E-09  8.593234E-09  8.613458E-09  8.590033E-09  8.608165E-09  8.627709E-09
Gas           Sam
0.000000E+00  -1.070417E-13 -1.069273E-13 -1.068557E-13 -1.068021E-13 -1.068700E-13 -1.068200E-13 -1.064659E-13 -1.062656E-13 -1.061691E-13 -1.062656E-13 -1.063515E-13 -1.062800E-13 -1.063086E-13 -1.063479E-13 -1.062478E-13 -1.063086E-13 -1.060904E-13 -1.059867E-13 -1.059867E-13 -1.060797E-13
0.000000E+00  -1.580001E-14 -1.599671E-14 -1.587869E-14 -1.607539E-14 -1.612903E-14 -1.600386E-14 -1.592876E-14 -1.597525E-14 -1.591088E-14 -1.590730E-14 -1.611473E-14 -1.615764E-14 -1.590730E-14 -1.585723E-14 -1.580359E-14 -1.595737E-14 -1.576783E-14 -1.590015E-14 -1.590373E-14 -1.580717E-14
0.000000E+00  3.761927E-13  3.747765E-13  3.750411E-13  3.750340E-13  3.749160E-13  3.756598E-13  3.760103E-13  3.747443E-13  3.757385E-13  3.766719E-13  3.752950E-13  3.760675E-13  3.766004E-13  3.767255E-13  3.766183E-13  3.755418E-13  3.756348E-13  3.755633E-13  3.767255E-13  3.767398E-13
0.000000E+00  3.669065E-11  3.655994E-11  3.665682E-11  3.655844E-11  3.663017E-11  3.667663E-11  3.660568E-11  3.655303E-11  3.666408E-11  3.659767E-11  3.655575E-11  3.663801E-11  3.664326E-11  3.666090E-11  3.652396E-11  3.655633E-11  3.650257E-11  3.652661E-11  3.661448E-11  3.652232E-11
0.000000E+00  1.041481E-10  1.037701E-10  1.040380E-10  1.037512E-10  1.039457E-10  1.040895E-10  1.039078E-10  1.037261E-10  1.040340E-10  1.038699E-10  1.037297E-10  1.039654E-10  1.039790E-10  1.040487E-10  1.036610E-10  1.037236E-10  1.036131E-10  1.036482E-10  1.039096E-10  1.036614E-10
0.000000E+00  8.675650E-09  8.642997E-09  8.666476E-09  8.641836E-09  8.658375E-09  8.670410E-09  8.655282E-09  8.640083E-09  8.666011E-09  8.653047E-09  8.640745E-09  8.660074E-09  8.662077E-09  8.666690E-09  8.635058E-09  8.639672E-09  8.630320E-09  8.633092E-09  8.655175E-09  8.634736E-09
Gas           Ref
0.000000E+00  -1.114083E-13 -1.114227E-13 -1.113118E-13 -1.112724E-13 -1.114799E-13 -1.115836E-13 -1.115085E-13 -1.115657E-13 -1.114369E-13 -1.114870E-13 -1.114870E-13 -1.113225E-13 -1.113762E-13 -1.113046E-13 -1.112224E-13 -1.114477E-13 -1.114298E-13 -1.115121E-13 -1.114799E-13 -1.113690E-13
0.000000E+00  -1.821401E-14 -1.843573E-14 -1.849653E-14 -1.860740E-14 -1.858594E-14 -1.855375E-14 -1.864674E-14 -1.860740E-14 -1.868607E-14 -1.843216E-14 -1.829268E-14 -1.858594E-14 -1.847865E-14 -1.860024E-14 -1.867535E-14 -1.850368E-14 -1.853587E-14 -1.866461E-14 -1.860382E-14 -1.864674E-14
0.000000E+00  3.542057E-13  3.546063E-13  3.547135E-13  3.540090E-13  3.533581E-13  3.543953E-13  3.531614E-13  3.534010E-13  3.537158E-13  3.539661E-13  3.534046E-13  3.525964E-13  3.530756E-13  3.537301E-13  3.524927E-13  3.525427E-13  3.528825E-13  3.531042E-13  3.522602E-13  3.530506E-13
0.000000E+00  3.569026E-11  3.567903E-11  3.569905E-11  3.557954E-11  3.563293E-11  3.563676E-11  3.552908E-11  3.559635E-11  3.563544E-11  3.562874E-11  3.555482E-11  3.549403E-11  3.564484E-11  3.555779E-11  3.545930E-11  3.553970E-11  3.558326E-11  3.552396E-11  3.546846E-11  3.555350E-11
0.000000E+00  1.019687E-10  1.019523E-10  1.020192E-10  1.016783E-10  1.018017E-10  1.018547E-10  1.015357E-10  1.017062E-10  1.018343E-10  1.018117E-10  1.016347E-10  1.014141E-10  1.018514E-10  1.016426E-10  1.013390E-10  1.015553E-10  1.016837E-10  1.015478E-10  1.013343E-10  1.015932E-10
0.000000E+00  8.536568E-09  8.535852E-09  8.541056E-09  8.512141E-09  8.522119E-09  8.527627E-09  8.499624E-09  8.514735E-09  8.525213E-09  8.523818E-09  8.508297E-09  8.490398E-09  8.526697E-09  8.509621E-09  8.484050E-09  8.501395E-09  8.512570E-09  8.501645E-09  8.483299E-09  8.505633E-09
Gas           Sam
0.000000E+00  -1.070667E-13 -1.069809E-13 -1.070059E-13 -1.068772E-13 -1.066912E-13 -1.067377E-13 -1.066161E-13 -1.065911E-13 -1.064230E-13 -1.064909E-13 -1.064051E-13 -1.062871E-13 -1.063336E-13 -1.064159E-13 -1.062728E-13 -1.060904E-13 -1.060833E-13 -1.059080E-13 -1.060368E-13 -1.060439E-13
0.000000E+00  -1.639010E-14 -1.644017E-14 -1.655103E-14 -1.636507E-14 -1.657249E-14 -1.652600E-14 -1.643302E-14 -1.641156E-14 -1.649024E-14 -1.635434E-14 -1.625420E-14 -1.611830E-14 -1.617910E-14 -1.627924E-14 -1.617552E-14 -1.630427E-14 -1.628996E-14 -1.653315E-14 -1.647951E-14 -1.632573E-14
0.000000E+00  3.697983E-13  3.702775E-13  3.711537E-13  3.713683E-13  3.707997E-13  3.706709E-13  3.713039E-13  3.721122E-13  3.708998E-13  3.708104E-13  3.713719E-13  3.719941E-13  3.711466E-13  3.707389E-13  3.713397E-13  3.719298E-13  3.716758E-13  3.710822E-13  3.718225E-13  3.725055E-13
0.000000E+00  3.619355E-11  3.626539E-11  3.632476E-11  3.630938E-11  3.614380E-11  3.620764E-11  3.630391E-11  3.627412E-11  3.613769E-11  3.619798E-11  3.627637E-11  3.627323E-11  3.610425E-11  3.615460E-11  3.624580E-11  3.625291E-11  3.608461E-11  3.612689E-11  3.620714E-11  3.622656E-11
0.000000E+00  1.027133E-10  1.029229E-10  1.030888E-10  1.030552E-10  1.026057E-10  1.027348E-10  1.030230E-10  1.029737E-10  1.025660E-10  1.027276E-10  1.029533E-10  1.029411E-10  1.024662E-10  1.026153E-10  1.028707E-10  1.028911E-10  1.024183E-10  1.025202E-10  1.027455E-10  1.028263E-10
0.000000E+00  8.555825E-09  8.573010E-09  8.587172E-09  8.584597E-09  8.546706E-09  8.557596E-09  8.582218E-09  8.578428E-09  8.543165E-09  8.556809E-09  8.575567E-09  8.575531E-09  8.535262E-09  8.546849E-09  8.568540E-09  8.570649E-09  8.531400E-09  8.540090E-09  8.558740E-09  8.565589E-09
Gas           Ref
0.000000E+00  -1.113726E-13 -1.113046E-13 -1.115299E-13 -1.115407E-13 -1.113869E-13 -1.114942E-13 -1.115621E-13 -1.115156E-13 -1.114977E-13 -1.114691E-13 -1.112367E-13 -1.112224E-13 -1.113368E-13 -1.113797E-13 -1.113797E-13 -1.114548E-13 -1.115514E-13 -1.114513E-13 -1.113368E-13 -1.113905E-13
0.000000E+00  -1.885058E-14 -1.898648E-14 -1.919033E-14 -1.901509E-14 -1.895787E-14 -1.895787E-14 -1.898648E-14 -1.904013E-14 -1.892568E-14 -1.901867E-14 -1.914026E-14 -1.902582E-14 -1.903655E-14 -1.919391E-14 -1.921536E-14 -1.921536E-14 -1.917602E-14 -1.900794E-14 -1.894714E-14 -1.921894E-14
0.000000E+00  3.484443E-13  3.480795E-13  3.481046E-13  3.478685E-13  3.484372E-13  3.486553E-13  3.484121E-13  3.473250E-13  3.473965E-13  3.475824E-13  3.471855E-13  3.477398E-13  3.485445E-13  3.474895E-13  3.473786E-13  3.472105E-13  3.468600E-13  3.477934E-13  3.481797E-13  3.471819E-13
0.000000E+00  3.506215E-11  3.514616E-11  3.507954E-11  3.511609E-11  3.516887E-11  3.522541E-11  3.505182E-11  3.504792E-11  3.518532E-11  3.501538E-11  3.504313E-11  3.513300E-11  3.517720E-11  3.498970E-11  3.510818E-11  3.497897E-11  3.503970E-11  3.509366E-11  3.515417E-11  3.494954E-11
0.000000E+00  1.001928E-10  1.004234E-10  1.002578E-10  1.003390E-10  1.005121E-10  1.006609E-10  1.001831E-10  1.001770E-10  1.005361E-10  1.000801E-10  1.001420E-10  1.003855E-10  1.005286E-10  9.998999E-11  1.003197E-10  9.997997E-11  1.001402E-10  1.002961E-10  1.004585E-10  9.988914E-11
0.000000E+00  8.387777E-09  8.406802E-09  8.393641E-09  8.400383E-09  8.414276E-09  8.427383E-09  8.387258E-09  8.385827E-09  8.416851E-09  8.378567E-09  8.383664E-09  8.403762E-09  8.416744E-09  8.370610E-09  8.398523E-09  8.370306E-09  8.383109E-09  8.396610E-09  8.411004E-09  8.363028E-09
Gas           Sam
0.000000E+00  -1.071919E-13 -1.071418E-13 -1.071454E-13 -1.069344E-13 -1.068164E-13 -1.067127E-13 -1.066447E-13 -1.066912E-13 -1.065911E-13 -1.066555E-13 -1.066018E-13 -1.065088E-13 -1.065088E-13 -1.063908E-13 -1.062585E-13 -1.063014E-13 -1.062978E-13 -1.061476E-13 -1.063050E-13 -1.062120E-13
0.000000E+00  -1.694442E-14 -1.694800E-14 -1.701595E-14 -1.685144E-14 -1.685144E-14 -1.711609E-14 -1.694800E-14 -1.681925E-14 -1.681925E-14 -1.664759E-14 -1.659752E-14 -1.668336E-14 -1.688005E-14 -1.697661E-14 -1.679780E-14 -1.683714E-14 -1.700522E-14 -1.693727E-14 -1.679780E-14 -1.682998E-14
0.000000E+00  3.651777E-13  3.655997E-13  3.654710E-13  3.663114E-13  3.661862E-13  3.652278E-13  3.659395E-13  3.667549E-13  3.659681E-13  3.664259E-13  3.672484E-13  3.671518E-13  3.661076E-13  3.667978E-13  3.670553E-13  3.671912E-13  3.664974E-13  3.663722E-13  3.672198E-13  3.663257E-13
0.000000E+00  3.578035E-11  3.584304E-11  3.580402E-11  3.589997E-11  3.580087E-11  3.578031E-11  3.587440E-11  3.582269E-11  3.574913E-11  3.587722E-11  3.585055E-11  3.580513E-11  3.573503E-11  3.581854E-11  3.585595E-11  3.579222E-11  3.568736E-11  3.580531E-11  3.583030E-11  3.567899E-11
0.000000E+00  1.015382E-10  1.017449E-10  1.016011E-10  1.018876E-10  1.016175E-10  1.015457E-10  1.018092E-10  1.016787E-10  1.014609E-10  1.018164E-10  1.017645E-10  1.016358E-10  1.013940E-10  1.016490E-10  1.017695E-10  1.016111E-10  1.012935E-10  1.015990E-10  1.017052E-10  1.012528E-10
0.000000E+00  8.458068E-09  8.474591E-09  8.463021E-09  8.486821E-09  8.464112E-09  8.458515E-09  8.480670E-09  8.470871E-09  8.451023E-09  8.480653E-09  8.476682E-09  8.466383E-09  8.446213E-09  8.467063E-09  8.476986E-09  8.463987E-09  8.437147E-09  8.462932E-09  8.472695E-09  8.433928E-09
Gas           Ref
0.000000E+00  -1.113583E-13 -1.114119E-13 -1.116444E-13 -1.115407E-13 -1.115335E-13 -1.113297E-13 -1.112546E-13 -1.115085E-13 -1.115729E-13 -1.114012E-13 -1.113225E-13 -1.113154E-13 -1.113154E-13 -1.114477E-13 -1.114191E-13 -1.114906E-13 -1.114083E-13 -1.114119E-13 -1.115514E-13 -1.115407E-13
0.000000E+00  -1.954438E-14 -1.959445E-14 -1.946570E-14 -1.966955E-14 -1.962664E-14 -1.953008E-14 -1.940848E-14 -1.939418E-14 -1.949074E-14 -1.945855E-14 -1.951220E-14 -1.951220E-14 -1.958730E-14 -1.971247E-14 -1.963379E-14 -1.963379E-14 -1.963021E-14 -1.953008E-14 -1.944782E-14 -1.954080E-14
0.000000E+00  3.435162E-13  3.436342E-13  3.434161E-13  3.422109E-13  3.423968E-13  3.428689E-13  3.430799E-13  3.421107E-13  3.425792E-13  3.426293E-13  3.417281E-13  3.422466E-13  3.426936E-13  3.417495E-13  3.422752E-13  3.417781E-13  3.424827E-13  3.413561E-13  3.413597E-13  3.425256E-13
0.000000E+00  3.474748E-11  3.471872E-11  3.475063E-11  3.460557E-11  3.466311E-11  3.473861E-11  3.468175E-11  3.458955E-11  3.474054E-11  3.459345E-11  3.458572E-11  3.470056E-11  3.458311E-11  3.455976E-11  3.468758E-11  3.452425E-11  3.465178E-11  3.451659E-11  3.460139E-11  3.466011E-11
0.000000E+00  9.931228E-11  9.922967E-11  9.931908E-11  9.888206E-11  9.905050E-11  9.927437E-11  9.912489E-11  9.883485E-11  9.926185E-11  9.887776E-11  9.882375E-11  9.915314E-11  9.884987E-11  9.876762E-11  9.913168E-11  9.866605E-11  9.903476E-11  9.863565E-11  9.887919E-11  9.905336E-11
0.000000E+00  8.314069E-09  8.307614E-09  8.315947E-09  8.278253E-09  8.292111E-09  8.310833E-09  8.298923E-09  8.273889E-09  8.310242E-09  8.278235E-09  8.272924E-09  8.301069E-09  8.275731E-09  8.268400E-09  8.299299E-09  8.260425E-09  8.291252E-09  8.257492E-09  8.277644E-09  8.293166E-09
Gas           Sam
0.000000E+00  -1.074852E-13 -1.072026E-13 -1.070489E-13 -1.071096E-13 -1.070059E-13 -1.069273E-13 -1.068665E-13 -1.067163E-13 -1.066197E-13 -1.067055E-13 -1.066805E-13 -1.065374E-13 -1.063157E-13 -1.061727E-13 -1.063765E-13 -1.064266E-13 -1.061977E-13 -1.062335E-13 -1.061619E-13 -1.061047E-13
0.000000E+00  -1.733424E-14 -1.713754E-14 -1.718046E-14 -1.723053E-14 -1.731993E-14 -1.723410E-14 -1.716615E-14 -1.737716E-14 -1.726629E-14 -1.720192E-14 -1.729848E-14 -1.722337E-14 -1.725198E-14 -1.731993E-14 -1.737000E-14 -1.719476E-14 -1.703741E-14 -1.705887E-14 -1.736643E-14 -1.728417E-14
0.000000E+00  3.605786E-13  3.613762E-13  3.608969E-13  3.609863E-13  3.616623E-13  3.609542E-13  3.617517E-13  3.614512E-13  3.616623E-13  3.621808E-13  3.616658E-13  3.622774E-13  3.615192E-13  3.622023E-13  3.616122E-13  3.624598E-13  3.628245E-13  3.630141E-13  3.621415E-13  3.620557E-13
0.000000E+00  3.547851E-11  3.553276E-11  3.538810E-11  3.549496E-11  3.544321E-11  3.545962E-11  3.551473E-11  3.535116E-11  3.543323E-11  3.550236E-11  3.533528E-11  3.545204E-11  3.535613E-11  3.542254E-11  3.534329E-11  3.544957E-11  3.547486E-11  3.547861E-11  3.529669E-11  3.537762E-11
0.000000E+00  1.006802E-10  1.008719E-10  1.004392E-10  1.007249E-10  1.006055E-10  1.006266E-10  1.007968E-10  1.003269E-10  1.005625E-10  1.007542E-10  1.003018E-10  1.006369E-10  1.003308E-10  1.005515E-10  1.002997E-10  1.006058E-10  1.006759E-10  1.006981E-10  1.001817E-10  1.004152E-10
0.000000E+00  8.385720E-09  8.403423E-09  8.366140E-09  8.390119E-09  8.380445E-09  8.381893E-09  8.396556E-09  8.357199E-09  8.376458E-09  8.393105E-09  8.354839E-09  8.382555E-09  8.356967E-09  8.375634E-09  8.354088E-09  8.381071E-09  8.386471E-09  8.388331E-09  8.344808E-09  8.363618E-09
Gas           Ref
0.000000E+00  -1.114012E-13 -1.113118E-13 -1.113511E-13 -1.114262E-13 -1.114012E-13 -1.114405E-13 -1.112653E-13 -1.115085E-13 -1.114656E-13 -1.115407E-13 -1.114906E-13 -1.114548E-13 -1.114048E-13 -1.114262E-13 -1.115299E-13 -1.114620E-13 -1.112903E-13 -1.114191E-13 -1.114012E-13 -1.114369E-13
0.000000E+00  -1.985910E-14 -1.996281E-14 -2.015950E-14 -2.023818E-14 -2.008083E-14 -1.993777E-14 -1.993062E-14 -2.016666E-14 -1.996281E-14 -1.996281E-14 -1.993420E-14 -1.996281E-14 -2.005221E-14 -2.032043E-14 -2.015592E-14 -2.023103E-14 -2.003076E-14 -2.019169E-14 -2.007367E-14 -1.996638E-14
0.000000E+00  3.383413E-13  3.375224E-13  3.381196E-13  3.373328E-13  3.377405E-13  3.377691E-13  3.378013E-13  3.367642E-13  3.369072E-13  3.381697E-13  3.368786E-13  3.365103E-13  3.369716E-13  3.362242E-13  3.368858E-13  3.369966E-13  3.373292E-13  3.361884E-13  3.364065E-13  3.369609E-13
0.000000E+00  3.431972E-11  3.419888E-11  3.423024E-11  3.418150E-11  3.425349E-11  3.428045E-11  3.420764E-11  3.412302E-11  3.423575E-11  3.424483E-11  3.409463E-11  3.416869E-11  3.417552E-11  3.410096E-11  3.424451E-11  3.413643E-11  3.418246E-11  3.405114E-11  3.415911E-11  3.419938E-11
0.000000E+00  9.810421E-11  9.773658E-11  9.784922E-11  9.768186E-11  9.789178E-11  9.796008E-11  9.777985E-11  9.751270E-11  9.782848E-11  9.789036E-11  9.743437E-11  9.764430E-11  9.769186E-11  9.744403E-11  9.785924E-11  9.757886E-11  9.770832E-11  9.731815E-11  9.760281E-11  9.774945E-11
0.000000E+00  8.213558E-09  8.181657E-09  8.191564E-09  8.178224E-09  8.195319E-09  8.201380E-09  8.186450E-09  8.163311E-09  8.189829E-09  8.195873E-09  8.156981E-09  8.174272E-09  8.178761E-09  8.157374E-09  8.192637E-09  8.169069E-09  8.180102E-09  8.147325E-09  8.171233E-09  8.183535E-09
Gas           Sam
0.000000E+00  -1.071955E-13 -1.071383E-13 -1.071311E-13 -1.069022E-13 -1.068021E-13 -1.068557E-13 -1.067127E-13 -1.066519E-13 -1.067699E-13 -1.066626E-13 -1.065267E-13 -1.065303E-13 -1.063515E-13 -1.064445E-13 -1.065374E-13 -1.065410E-13 -1.065339E-13 -1.065088E-13 -1.064659E-13 -1.064051E-13
0.000000E+00  -1.773478E-14 -1.774194E-14 -1.754882E-14 -1.765610E-14 -1.764538E-14 -1.778843E-14 -1.773121E-14 -1.755597E-14 -1.766683E-14 -1.785995E-14 -1.796366E-14 -1.779558E-14 -1.767756E-14 -1.762034E-14 -1.765610E-14 -1.779558E-14 -1.791360E-14 -1.758100E-14 -1.745583E-14 -1.773478E-14
0.000000E+00  3.560797E-13  3.557399E-13  3.567377E-13  3.574387E-13  3.569273E-13  3.562656E-13  3.570310E-13  3.575281E-13  3.572670E-13  3.575603E-13  3.565303E-13  3.570489E-13  3.575925E-13  3.575173E-13  3.577534E-13  3.565446E-13  3.565303E-13  3.578500E-13  3.569988E-13  3.566590E-13
0.000000E+00  3.510410E-11  3.503126E-11  3.510668E-11  3.516648E-11  3.498781E-11  3.507728E-11  3.512063E-11  3.512409E-11  3.502653E-11  3.507532E-11  3.496084E-11  3.504721E-11  3.505822E-11  3.506280E-11  3.505185E-11  3.490387E-11  3.498637E-11  3.507038E-11  3.488770E-11  3.493169E-11
0.000000E+00  9.963880E-11  9.941314E-11  9.962628E-11  9.980188E-11  9.932194E-11  9.953723E-11  9.968385E-11  9.970174E-11  9.942851E-11  9.956512E-11  9.921787E-11  9.946641E-11  9.951291E-11  9.952114E-11  9.950432E-11  9.904871E-11  9.929441E-11  9.953007E-11  9.902689E-11  9.915171E-11
0.000000E+00  8.299639E-09  8.280917E-09  8.298888E-09  8.313783E-09  8.273067E-09  8.291360E-09  8.304145E-09  8.304824E-09  8.282365E-09  8.293881E-09  8.263697E-09  8.285119E-09  8.288963E-09  8.289589E-09  8.288606E-09  8.251090E-09  8.269759E-09  8.291252E-09  8.248247E-09  8.258636E-09
Gas           Ref
0.000000E+00  -1.113225E-13 -1.112045E-13 -1.113046E-13 -1.111866E-13 -1.112152E-13 -1.113368E-13 -1.113010E-13 -1.114870E-13 -1.115407E-13 -1.115299E-13 -1.113905E-13 -1.113511E-13 -1.115121E-13 -1.116015E-13 -1.116015E-13 -1.115228E-13 -1.115442E-13 -1.113869E-13 -1.113547E-13 -1.113189E-13
0.000000E+00  -2.035620E-14 -2.053501E-14 -2.039554E-14 -2.050640E-14 -2.043845E-14 -2.046706E-14 -2.055647E-14 -2.059938E-14 -2.065661E-14 -2.056005E-14 -2.057435E-14 -2.066018E-14 -2.066018E-14 -2.063157E-14 -2.051355E-14 -2.066733E-14 -2.084615E-14 -2.076389E-14 -2.068879E-14 -2.068522E-14
0.000000E+00  3.333095E-13  3.330949E-13  3.330627E-13  3.321686E-13  3.318182E-13  3.322187E-13  3.325370E-13  3.322509E-13  3.315500E-13  3.323367E-13  3.319040E-13  3.310815E-13  3.317288E-13  3.322116E-13  3.321865E-13  3.321078E-13  3.320971E-13  3.319970E-13  3.314462E-13  3.305450E-13
0.000000E+00  3.378710E-11  3.379622E-11  3.384440E-11  3.368199E-11  3.372370E-11  3.379351E-11  3.384858E-11  3.366780E-11  3.367263E-11  3.384672E-11  3.366723E-11  3.365725E-11  3.378721E-11  3.374684E-11  3.377445E-11  3.375685E-11  3.377040E-11  3.377015E-11  3.363883E-11  3.361287E-11
0.000000E+00  9.655961E-11  9.658287E-11  9.672126E-11  9.626994E-11  9.636793E-11  9.657714E-11  9.672949E-11  9.622237E-11  9.623811E-11  9.671161E-11  9.622989E-11  9.619984E-11  9.654996E-11  9.645840E-11  9.652171E-11  9.649488E-11  9.650598E-11  9.650884E-11  9.616229E-11  9.605428E-11
0.000000E+00  8.084007E-09  8.085044E-09  8.098062E-09  8.059384E-09  8.067359E-09  8.084919E-09  8.098366E-09  8.055486E-09  8.056023E-09  8.097060E-09  8.056273E-09  8.052804E-09  8.082791E-09  8.075281E-09  8.080752E-09  8.078553E-09  8.079841E-09  8.080127E-09  8.050300E-09  8.041520E-09
 Gas          
0.000000E+00  0.000000E+00  0.000000E+00  0.000000E+00  0.000000E+00  0.000000E+00  0.000000E+00  0.000000E+00  0.000000E+00  0.000000E+00  0.000000E+00  0.000000E+00  0.000000E+00  0.000000E+00  0.000000E+00  0.000000E+00  0.000000E+00  0.000000E+00  0.000000E+00  0.000000E+00  0.000000E+00
0.000000E+00  0.000000E+00  0.000000E+00  0.000000E+00  0.000000E+00  0.000000E+00  0.000000E+00  0.000000E+00  0.000000E+00  0.000000E+00  0.000000E+00  0.000000E+00  0.000000E+00  0.000000E+00  0.000000E+00  0.000000E+00  0.000000E+00  0.000000E+00  0.000000E+00  0.000000E+00  0.000000E+00
0.000000E+00  0.000000E+00  0.000000E+00  0.000000E+00  0.000000E+00  0.000000E+00  0.000000E+00  0.000000E+00  0.000000E+00  0.000000E+00  0.000000E+00  0.000000E+00  0.000000E+00  0.000000E+00  0.000000E+00  0.000000E+00  0.000000E+00  0.000000E+00  0.000000E+00  0.000000E+00  0.000000E+00
0.000000E+00  0.000000E+00  0.000000E+00  0.000000E+00  0.000000E+00  0.000000E+00  0.000000E+00  0.000000E+00  0.000000E+00  0.000000E+00  0.000000E+00  0.000000E+00  0.000000E+00  0.000000E+00  0.000000E+00  0.000000E+00  0.000000E+00  0.000000E+00  0.000000E+00  0.000000E+00  0.000000E+00
0.000000E+00  0.000000E+00  0.000000E+00  0.000000E+00  0.000000E+00  0.000000E+00  0.000000E+00  0.000000E+00  0.000000E+00  0.000000E+00  0.000000E+00  0.000000E+00  0.000000E+00  0.000000E+00  0.000000E+00  0.000000E+00  0.000000E+00  0.000000E+00  0.000000E+00  0.000000E+00  0.000000E+00
0.000000E+00  0.000000E+00  0.000000E+00  0.000000E+00  0.000000E+00  0.000000E+00  0.000000E+00  0.000000E+00  0.000000E+00  0.000000E+00  0.000000E+00  0.000000E+00  0.000000E+00  0.000000E+00  0.000000E+00  0.000000E+00  0.000000E+00  0.000000E+00  0.000000E+00  0.000000E+00  0.000000E+00
End of Analysis
"H3 factor",13.13339
"Linearity factor (0)",52.88039
"Linearity factor (1)",18.00761
"Linearity factor (2)",-.1321419
"Linearity factor (3)",9.804096E-04
"Linearity factor (4)",-7.965973E-02
"Linearity factor (5)",0
"Collector Gains :",500,5000,5000,5000,500,500,50,500,1,5
"Number of deflectors available : ",33
"Source HT",8000
"Extraction V",780
"H Defl",310
"Trap",850
"Trap Voltage",24
"Repeller",4
"Filament V",-110
"Delta HP",19
"Z Lens",110
"Delta Z",130
"Max Current",3.5
"Heater Current",1
"Quad 1",120
"Cubic 1",50
"Lin 1",0
"Deflect 1 I",5
"Deflect 1 O",5
"Offset 1",0
"Offset 2",0
"Quad 2",-620
"Cubic 2",0
"Lin 2",0
"Q1 I Cor",0
"Q1 O Cor",0
"Suppressor",-100
"Mop Plate",-15
"ESA H1",790
"ESA H1 delta",0
"ESA H2",800
"ESA H2 delta",0
"ESA H3",820
"ESA H3 delta",0
"ESA HD",0
"ESA HD delta",0
"Batch Started: ","13:02:19 15:29:56"
"Data File: ","C:\Nu Stable\Results\2019\201902013 standard PD4 BSS WNI ZE NTA\Data_9295 ETH-01.txt"
"Sample Name: ","ETH-01"
"Sample Weight: ",75
"Sample Type: ","Sam"
"Vial Number: ",18
"Sam Beam First CO: ","8.742329e-09"
"Sam Beam Last CO: ","8.279677e-09"
"Ref Beam First CO: ","8.732433e-09"
"Ref Beam Second CO: ","8.623085e-09"
"Ref BeamLast CO: ","8.068984e-09"
"Sam Depletion: ","5 %"
"Ref Depletion: ","8 %"
"Observed CP Temperature: ",70.254
"Std Dev: ","0.000e00"
"Min: ","70.254"
"Max: ","70.254"
"Ave Started: ","14:02:19 02:27:13"
"Ave Stopped: ","14:02:19 02:30:05"
"Num: ",6
"Current Mass: ",46.03193
"Method File Name","C:\Nu Stable\Analyses\DI\040216 12-12-20 6 collectors.rdf"
"Version 6"
"Analysis Type","DI"
"Analysis Calculation Routine ","Clumped CO2 Iterative"
"Gas ID ","CO2"
"Ref Gas Identifier ","AirLiquide01"
"Centring collector ",8
"Num of Ref/Sam cycles ",6
"Cycles length(secs) ",20
"C/O valve stabilisation time ",12
"Offset for zero measurement(amu) ",0
"Zero measurement time ",20
"Spare",0
"Spare",0
0
-1
-1
-1
-1
0
-1
0
-1
0
"Num Clumped Blocks","1"
"Do zero at start of block",#FALSE#
"Balance beams",#FALSE#
"Mag Hysteresis Offset",.001
"Apply Hysteresis Offset",#FALSE#
"Target Beam (A) ",.00000005
"Use CF with Bellows ",#FALSE#
"DI Auto Gas balancing: ","True"
"Pirani pressure",3.322723E-02
"Cold finger status","CF"
"Inlet transducer pressure",2.410784
"Sample operations:  InitialisePrepSampleRun; CheckIfCFRequired; UseCF; SampleTrapped; BalanceRefToSamValue; DepletingBalance; SampleReady;"
"Number of sample chops",0
"Number of sample double chops",0
"Run from bellows",#FALSE#
"Max sample pump-over pressure (mBar)","0.000000e00"
"Max sample pump-over pressure (raw)",0
"Pre-balance Sam Beam","9.040246e-09"
"Min ref beam","3.733460e-09"
"Max ref beam","2.295235e-08"
"Ref bellows position",4089
"Sam bellows position",8446
"Balance %",9.372661E-02
"Initial Sam Beam","9.394321e-09"
"Final Ref Beam","9.043202e-09"
"Final Sam Beam","9.051678e-09"
"Pre-depleted Ref Beam",9.065339E-09
"InletPiraniPressure",3.322723E-02
"Depletion Factor",.96
"Balance End","14/02/19 03:10:27"
"Water Trap Temperature Hot",-195.1766
"Water Trap Temperature Cold",-195.1766
"DP Version",25
"Num Gas Cycles ",1
"UseFrontHeightThreshold(1)",#TRUE#
"FrontHeightThreshold(1)",2
"UseBackHeightThreshold(1)",#TRUE#
"BackHeightThreshold(1)",2.7
"UsePeakWidthLimit(1)",#FALSE#
"PeakWidthLimit(1)",6
"RefGasFrontHeightThreshold(1)",40
"RefGasBackHeightThreshold(1)",10
"Measure_Elemental_Comp",#TRUE#
"Use_TCD_For_Elem_Calcs",#FALSE#
"Sample_Name","ETH-01"
"Sample_Type","Sam"
"Sample_Weight",75
"Sample_Vial",18
"Standard_Type",""
"NoAnalysisCycles",1
"Gas1","CO2"
"Ref Gas1","AirLiquide01"
"Analysis_Routine1","Clumped CO2 Iterative"
"ZeroWidth1",10
"NoZeros1",1
"ZeroTime1",10
"Delta wrt Std 1",#FALSE#
"AllowLinearityCorrection",#FALSE#
"Num Collectors",6
"LinearityFactor(Cent)",52880.39
"LinearityFactor(Low2)",18007.61
"LinearityFactor(Low4)",-132.1419
"LinearityFactor()",.9804096
"LinearityFactor()",-79.65973
"LinearityFactor()",0
"UseH3Factor",#FALSE#
"H3Factor",0
"Axial Mass",46
"Anal Start",0
"Anal End",0
"Calc Linearity Correction from Ref Peaks",#FALSE#
"Temperature",25
"Std Temperature",25
"A_Factor",1.01025
"K_Factor",.04
"TemperatureCorrectionEnabled",#FALSE#
"GC ZeroMethod","Lowest Peak Limit"
"GC AllowZeroToCutPoints",#FALSE#
"GC UseIsotopicShift",#TRUE#
"GC InterpolatePeakHeight",#TRUE#
"GC NumZeroPoints",10
"GC Min Peak Height",.0000000001
"GC No UserPeaks",0
"SmoothingInterval",10
"DropFactor",1
"GradientRejectfactor",10
"SectionSize",100
"BackgroundStartTime",1
"CutOffTime",1000
"UseNewBackgroundCalcn",#FALSE#
"GC Label File","None.lab"
"GC No User Defined Background Points",0
"GC No Auto-detected Peaks to be Removed",0
"GC No Auto-calculated Background Points to Remove",0
"GC Std Peak In Sample",#FALSE#
"GC Std Peak Time",0
"Max Gap For Grouping EA Ref Pulses",20
"Group EA Ref Peaks",#FALSE#
"Use Defined Peak Limits (1)",#FALSE#
"Peak Start (1)",0
"Peak End (1)",0
"DP Version",25
"Num Gas Cycles ",1
"UseFrontHeightThreshold(1)",#TRUE#
"FrontHeightThreshold(1)",2
"UseBackHeightThreshold(1)",#TRUE#
"BackHeightThreshold(1)",2.7
"UsePeakWidthLimit(1)",#FALSE#
"PeakWidthLimit(1)",6
"RefGasFrontHeightThreshold(1)",40
"RefGasBackHeightThreshold(1)",10
"Measure_Elemental_Comp",#TRUE#
"Use_TCD_For_Elem_Calcs",#FALSE#
"Sample_Name","ETH-01"
"Sample_Type","Sam"
"Sample_Weight",75
"Sample_Vial",18
"Standard_Type",""
"NoAnalysisCycles",1
"Gas1","CO2"
"Ref Gas1","AirLiquide01"
"Analysis_Routine1","Clumped CO2 Iterative"
"ZeroWidth1",10
"NoZeros1",1
"ZeroTime1",10
"Delta wrt Std 1",#FALSE#
"AllowLinearityCorrection",#FALSE#
"Num Collectors",6
"LinearityFactor(Cent)",52880.39
"LinearityFactor(Low2)",18007.61
"LinearityFactor(Low4)",-132.1419
"LinearityFactor()",.9804096
"LinearityFactor()",-79.65973
"LinearityFactor()",0
"UseH3Factor",#FALSE#
"H3Factor",0
"Axial Mass",46
"Anal Start",0
"Anal End",0
"Calc Linearity Correction from Ref Peaks",#FALSE#
"Temperature",25
"Std Temperature",25
"A_Factor",1.01025
"K_Factor",.04
"TemperatureCorrectionEnabled",#FALSE#
"GC ZeroMethod","Lowest Peak Limit"
"GC AllowZeroToCutPoints",#FALSE#
"GC UseIsotopicShift",#TRUE#
"GC InterpolatePeakHeight",#TRUE#
"GC NumZeroPoints",10
"GC Min Peak Height",.0000000001
"GC No UserPeaks",0
"SmoothingInterval",10
"DropFactor",1
"GradientRejectfactor",10
"SectionSize",100
"BackgroundStartTime",1
"CutOffTime",1000
"UseNewBackgroundCalcn",#FALSE#
"GC Label File","None.lab"
"GC No User Defined Background Points",0
"GC No Auto-detected Peaks to be Removed",0
"GC No Auto-calculated Background Points to Remove",0
"GC Std Peak In Sample",#FALSE#
"GC Std Peak Time",0
"Max Gap For Grouping EA Ref Pulses",20
"Group EA Ref Peaks",#FALSE#
"Use Defined Peak Limits (1)",#FALSE#
"Peak Start (1)",0
"Peak End (1)",0
"End of Data file"


