"Clumped CO2 Iterative Analysis,         Data File Version 10"
"Started analysis at 10:30:39 AM on the Thursday, February 14, 2019"
"UTC FileTimeLow",1024358784," UTC FileTimeHigh",30721146
"Time Zone ","Eastern Daylight Time"
"CO Disabled",#FALSE#
"Persective Instrument","PS019"
"User logged in",#FALSE#
"Software Version","Stable 1.69.5"
"Axial Mass is :",46
"No_C_O_Cycles",6
"Num Blocks",1
0
-1
-1
-1
-1
0
-1
0
-1
0
"Sample Name is ","ETH-01"
Zero Data
-1.101232044329E-13, -5.720066449308E-14, -6.044918018022E-14, -3.137114625419E-14, 1.120091541219E-13, 4.037622493291E-12, Measured at start of run
Individual Data
No_C_O_Cycles                6 
Cycle_Length   20 
Zero_Measurement_Length      20 
Axial_Mass     46 
 Gas          Bla
0.000000E+00  -1.099993E-13 -1.100279E-13 -1.100815E-13 -1.101173E-13 -1.101960E-13 -1.102282E-13 -1.101388E-13 -1.102568E-13 -1.101745E-13 -1.102854E-13 -1.102425E-13 -1.100923E-13 -1.100172E-13 -1.101316E-13 -1.100243E-13 -1.100100E-13 -1.101710E-13 -1.101888E-13 -1.099528E-13 -1.101280E-13
0.000000E+00  -5.717402E-14 -5.722051E-14 -5.723840E-14 -5.718117E-14 -5.722409E-14 -5.723482E-14 -5.722051E-14 -5.720263E-14 -5.714899E-14 -5.719548E-14 -5.713111E-14 -5.715614E-14 -5.718832E-14 -5.715257E-14 -5.729562E-14 -5.711322E-14 -5.720621E-14 -5.715971E-14 -5.726343E-14 -5.730635E-14
0.000000E+00  -6.047493E-14 -6.052142E-14 -6.048208E-14 -6.032115E-14 -6.040340E-14 -6.042486E-14 -6.033904E-14 -6.033545E-14 -6.044990E-14 -6.060368E-14 -6.048566E-14 -6.040698E-14 -6.043559E-14 -6.052142E-14 -6.046778E-14 -6.043559E-14 -6.053572E-14 -6.043559E-14 -6.044632E-14 -6.045705E-14
0.000000E+00  -3.100636E-14 -3.075603E-14 -3.061297E-14 -3.086332E-14 -3.143552E-14 -3.125670E-14 -3.114942E-14 -3.114942E-14 -3.161433E-14 -3.129247E-14 -3.114942E-14 -3.165009E-14 -3.125670E-14 -3.132823E-14 -3.139976E-14 -3.157857E-14 -3.225806E-14 -3.222230E-14 -3.125670E-14 -3.218654E-14
0.000000E+00  1.133681E-13  1.130105E-13  1.144410E-13  1.133681E-13  1.130105E-13  1.130105E-13  1.133681E-13  1.126529E-13  1.126529E-13  1.137258E-13  1.108647E-13  1.119376E-13  1.130105E-13  1.105071E-13  1.094342E-13  1.115800E-13  1.101495E-13  1.097919E-13  1.090766E-13  1.112224E-13
0.000000E+00  4.202131E-12  4.166369E-12  4.237894E-12  4.130606E-12  4.148487E-12  4.112724E-12  4.112724E-12  4.059080E-12  4.112724E-12  4.059080E-12  4.059080E-12  3.969673E-12  3.987555E-12  3.969673E-12  4.005436E-12  3.951792E-12  3.898147E-12  3.844503E-12  3.898147E-12  3.826622E-12
Gas           Ref
0.000000E+00  -1.095129E-13 -1.093269E-13 -1.094164E-13 -1.095522E-13 -1.093913E-13 -1.095415E-13 -1.095022E-13 -1.095701E-13 -1.096595E-13 -1.095630E-13 -1.095129E-13 -1.095737E-13 -1.095058E-13 -1.095630E-13 -1.095916E-13 -1.095022E-13 -1.095844E-13 -1.096810E-13 -1.094700E-13 -1.094700E-13
0.000000E+00  -1.911880E-14 -1.910808E-14 -1.926186E-14 -1.936914E-14 -1.901509E-14 -1.910808E-14 -1.904728E-14 -1.917602E-14 -1.940491E-14 -1.924755E-14 -1.925113E-14 -1.917602E-14 -1.926186E-14 -1.929047E-14 -1.908304E-14 -1.915457E-14 -1.925828E-14 -1.939775E-14 -1.936557E-14 -1.925470E-14
0.000000E+00  3.408912E-13  3.411737E-13  3.413347E-13  3.412131E-13  3.413847E-13  3.407195E-13  3.405908E-13  3.404156E-13  3.396431E-13  3.393463E-13  3.399650E-13  3.404084E-13  3.408054E-13  3.409198E-13  3.409198E-13  3.404406E-13  3.389278E-13  3.392819E-13  3.388849E-13  3.387991E-13
0.000000E+00  3.445837E-11  3.447986E-11  3.448863E-11  3.447911E-11  3.445973E-11  3.439364E-11  3.442622E-11  3.435609E-11  3.431428E-11  3.434536E-11  3.440931E-11  3.443087E-11  3.444357E-11  3.444253E-11  3.444939E-11  3.431236E-11  3.425120E-11  3.431821E-11  3.423571E-11  3.429340E-11
0.000000E+00  9.846899E-11  9.855197E-11  9.857020E-11  9.853014E-11  9.848867E-11  9.829017E-11  9.838996E-11  9.819219E-11  9.805522E-11  9.812817E-11  9.831915E-11  9.838996E-11  9.843967E-11  9.843538E-11  9.845576E-11  9.807703E-11  9.788249E-11  9.808668E-11  9.784207E-11  9.798798E-11
0.000000E+00  8.243742E-09  8.250304E-09  8.251913E-09  8.249088E-09  8.245440E-09  8.228596E-09  8.236535E-09  8.220532E-09  8.208945E-09  8.215506E-09  8.231457E-09  8.237197E-09  8.241185E-09  8.240666E-09  8.242544E-09  8.210590E-09  8.193959E-09  8.211287E-09  8.190795E-09  8.203276E-09
Gas           Sam
0.000000E+00  -1.060511E-13 -1.060010E-13 -1.061798E-13 -1.060010E-13 -1.057614E-13 -1.058186E-13 -1.056434E-13 -1.056219E-13 -1.055075E-13 -1.055647E-13 -1.054395E-13 -1.054360E-13 -1.053430E-13 -1.051391E-13 -1.051892E-13 -1.053716E-13 -1.051999E-13 -1.051248E-13 -1.051391E-13 -1.051498E-13
0.000000E+00  -1.723053E-14 -1.718404E-14 -1.738073E-14 -1.734139E-14 -1.728060E-14 -1.732351E-14 -1.747371E-14 -1.725198E-14 -1.714470E-14 -1.729490E-14 -1.743437E-14 -1.715185E-14 -1.714827E-14 -1.722695E-14 -1.726987E-14 -1.730920E-14 -1.730920E-14 -1.722695E-14 -1.703383E-14 -1.734854E-14
0.000000E+00  3.580860E-13  3.578463E-13  3.566733E-13  3.571132E-13  3.573707E-13  3.565911E-13  3.575173E-13  3.582147E-13  3.582576E-13  3.585795E-13  3.587440E-13  3.580752E-13  3.580502E-13  3.575102E-13  3.569308E-13  3.569487E-13  3.577427E-13  3.583470E-13  3.587118E-13  3.586975E-13
0.000000E+00  3.517188E-11  3.505794E-11  3.498094E-11  3.506713E-11  3.499925E-11  3.500508E-11  3.506988E-11  3.509327E-11  3.508583E-11  3.510178E-11  3.505536E-11  3.500121E-11  3.505393E-11  3.496756E-11  3.493713E-11  3.496685E-11  3.504141E-11  3.505150E-11  3.506895E-11  3.507063E-11
0.000000E+00  9.981832E-11  9.951041E-11  9.928725E-11  9.950361E-11  9.934411E-11  9.932838E-11  9.952221E-11  9.959123E-11  9.956835E-11  9.961340E-11  9.950576E-11  9.932766E-11  9.949432E-11  9.925041E-11  9.914741E-11  9.924254E-11  9.944746E-11  9.946785E-11  9.952150E-11  9.951899E-11
0.000000E+00  8.314927E-09  8.289375E-09  8.269830E-09  8.288570E-09  8.275535E-09  8.273371E-09  8.289983E-09  8.296295E-09  8.294561E-09  8.298978E-09  8.289035E-09  8.273550E-09  8.287569E-09  8.267578E-09  8.258565E-09  8.265968E-09  8.283760E-09  8.285995E-09  8.290645E-09  8.289607E-09
Gas           Ref
0.000000E+00  -1.096417E-13 -1.096452E-13 -1.095809E-13 -1.096274E-13 -1.095415E-13 -1.095201E-13 -1.095201E-13 -1.094772E-13 -1.095093E-13 -1.095809E-13 -1.094557E-13 -1.094664E-13 -1.095952E-13 -1.096953E-13 -1.097275E-13 -1.095987E-13 -1.096095E-13 -1.096953E-13 -1.096417E-13 -1.095022E-13
0.000000E+00  -1.962664E-14 -1.959087E-14 -1.961233E-14 -1.960518E-14 -1.958372E-14 -1.960518E-14 -1.950504E-14 -1.958014E-14 -1.995923E-14 -1.995565E-14 -1.970531E-14 -1.978757E-14 -1.978042E-14 -1.980903E-14 -1.966955E-14 -1.975896E-14 -1.980187E-14 -1.975896E-14 -1.979472E-14 -1.989128E-14
0.000000E+00  3.357950E-13  3.359953E-13  3.366247E-13  3.366283E-13  3.366605E-13  3.363851E-13  3.353551E-13  3.345183E-13  3.351620E-13  3.347042E-13  3.346720E-13  3.355590E-13  3.356627E-13  3.347364E-13  3.346756E-13  3.342286E-13  3.339568E-13  3.347972E-13  3.349117E-13  3.352657E-13
0.000000E+00  3.404163E-11  3.405797E-11  3.407818E-11  3.408308E-11  3.408605E-11  3.407357E-11  3.386836E-11  3.391725E-11  3.390938E-11  3.389504E-11  3.395937E-11  3.398155E-11  3.394790E-11  3.383016E-11  3.394571E-11  3.381379E-11  3.387923E-11  3.394203E-11  3.395383E-11  3.397568E-11
0.000000E+00  9.727845E-11  9.734175E-11  9.738645E-11  9.740433E-11  9.741435E-11  9.739289E-11  9.680424E-11  9.692869E-11  9.691188E-11  9.685859E-11  9.702775E-11  9.711644E-11  9.703097E-11  9.667585E-11  9.700522E-11  9.664545E-11  9.681461E-11  9.699413E-11  9.702596E-11  9.709427E-11
0.000000E+00  8.143695E-09  8.149167E-09  8.152922E-09  8.154889E-09  8.155569E-09  8.153709E-09  8.103998E-09  8.113350E-09  8.113189E-09  8.108952E-09  8.122881E-09  8.130320E-09  8.123257E-09  8.093663E-09  8.121057E-09  8.091088E-09  8.104946E-09  8.119698E-09  8.122846E-09  8.128907E-09
Gas           Sam
0.000000E+00  -1.059402E-13 -1.060225E-13 -1.060296E-13 -1.057971E-13 -1.058401E-13 -1.056577E-13 -1.056183E-13 -1.056005E-13 -1.056577E-13 -1.055540E-13 -1.054360E-13 -1.052822E-13 -1.052750E-13 -1.053108E-13 -1.053966E-13 -1.053752E-13 -1.054395E-13 -1.052822E-13 -1.052106E-13 -1.052679E-13
0.000000E+00  -1.788856E-14 -1.769544E-14 -1.758816E-14 -1.751663E-14 -1.786353E-14 -1.776339E-14 -1.789572E-14 -1.780273E-14 -1.762034E-14 -1.776697E-14 -1.785638E-14 -1.783134E-14 -1.757027E-14 -1.742365E-14 -1.756312E-14 -1.760246E-14 -1.754166E-14 -1.789572E-14 -1.785280E-14 -1.767756E-14
0.000000E+00  3.516773E-13  3.525856E-13  3.531757E-13  3.535012E-13  3.535620E-13  3.539339E-13  3.536514E-13  3.523067E-13  3.521350E-13  3.525213E-13  3.526715E-13  3.533832E-13  3.537086E-13  3.538838E-13  3.539589E-13  3.526607E-13  3.528324E-13  3.525856E-13  3.524998E-13  3.531006E-13
0.000000E+00  3.464391E-11  3.471930E-11  3.475367E-11  3.476482E-11  3.477745E-11  3.477934E-11  3.467760E-11  3.457664E-11  3.466876E-11  3.457453E-11  3.464004E-11  3.468751E-11  3.469466E-11  3.471057E-11  3.461973E-11  3.452936E-11  3.464795E-11  3.451681E-11  3.458580E-11  3.463987E-11
0.000000E+00  9.831271E-11  9.852407E-11  9.860954E-11  9.867141E-11  9.870717E-11  9.872005E-11  9.843967E-11  9.813426E-11  9.839246E-11  9.812746E-11  9.831557E-11  9.845755E-11  9.847221E-11  9.851656E-11  9.827802E-11  9.800122E-11  9.832737E-11  9.796652E-11  9.814892E-11  9.830878E-11
0.000000E+00  8.188970E-09  8.207085E-09  8.214684E-09  8.219297E-09  8.222427E-09  8.223338E-09  8.200326E-09  8.173933E-09  8.195175E-09  8.173861E-09  8.189168E-09  8.201130E-09  8.202740E-09  8.206494E-09  8.186413E-09  8.163132E-09  8.190276E-09  8.160415E-09  8.175041E-09  8.188882E-09
Gas           Ref
0.000000E+00  -1.096452E-13 -1.096774E-13 -1.096560E-13 -1.096238E-13 -1.097597E-13 -1.096238E-13 -1.094807E-13 -1.095558E-13 -1.097239E-13 -1.096238E-13 -1.095058E-13 -1.095487E-13 -1.095773E-13 -1.094664E-13 -1.094628E-13 -1.096703E-13 -1.096274E-13 -1.095987E-13 -1.095308E-13 -1.094414E-13
0.000000E+00  -2.026679E-14 -2.011659E-14 -2.003791E-14 -2.017738E-14 -2.031328E-14 -1.996996E-14 -1.998069E-14 -2.015950E-14 -2.015592E-14 -2.008440E-14 -2.027394E-14 -2.037408E-14 -2.014162E-14 -1.999142E-14 -2.002003E-14 -2.011659E-14 -2.007010E-14 -2.037765E-14 -2.015592E-14 -2.021315E-14
0.000000E+00  3.304985E-13  3.299764E-13  3.298369E-13  3.295151E-13  3.301409E-13  3.310028E-13  3.308526E-13  3.296760E-13  3.299871E-13  3.305701E-13  3.292111E-13  3.290001E-13  3.297475E-13  3.302840E-13  3.304306E-13  3.307346E-13  3.299227E-13  3.286568E-13  3.287676E-13  3.296545E-13
0.000000E+00  3.346266E-11  3.357410E-11  3.345615E-11  3.349224E-11  3.356423E-11  3.358547E-11  3.352943E-11  3.342955E-11  3.347107E-11  3.355028E-11  3.339818E-11  3.345927E-11  3.351974E-11  3.353247E-11  3.354921E-11  3.354706E-11  3.345236E-11  3.336253E-11  3.348623E-11  3.343384E-11
0.000000E+00  9.562942E-11  9.594951E-11  9.562084E-11  9.571562E-11  9.591016E-11  9.598920E-11  9.583971E-11  9.553251E-11  9.565410E-11  9.589263E-11  9.544596E-11  9.561298E-11  9.577927E-11  9.583792E-11  9.586545E-11  9.586475E-11  9.562192E-11  9.532974E-11  9.568808E-11  9.554145E-11
0.000000E+00  8.005006E-09  8.032079E-09  8.004792E-09  8.012517E-09  8.028860E-09  8.035763E-09  8.023210E-09  7.996906E-09  8.007510E-09  8.027609E-09  7.989378E-09  8.003898E-09  8.018471E-09  8.022620E-09  8.025749E-09  8.025570E-09  8.005562E-09  7.980367E-09  8.010246E-09  7.998802E-09
Gas           Sam
0.000000E+00  -1.060368E-13 -1.059366E-13 -1.059974E-13 -1.059581E-13 -1.060904E-13 -1.060403E-13 -1.056684E-13 -1.056076E-13 -1.057042E-13 -1.056648E-13 -1.054896E-13 -1.054610E-13 -1.052965E-13 -1.053000E-13 -1.053036E-13 -1.054610E-13 -1.054324E-13 -1.052643E-13 -1.053215E-13 -1.052178E-13
0.000000E+00  -1.826407E-14 -1.816036E-14 -1.815321E-14 -1.817109E-14 -1.809956E-14 -1.828911E-14 -1.819612E-14 -1.796366E-14 -1.813533E-14 -1.821401E-14 -1.816394E-14 -1.808168E-14 -1.811387E-14 -1.793863E-14 -1.808168E-14 -1.794936E-14 -1.801373E-14 -1.814606E-14 -1.823189E-14 -1.828553E-14
0.000000E+00  3.471318E-13  3.472105E-13  3.470138E-13  3.476361E-13  3.489665E-13  3.480509E-13  3.480581E-13  3.486625E-13  3.480295E-13  3.481654E-13  3.490845E-13  3.491345E-13  3.491238E-13  3.493885E-13  3.500036E-13  3.491274E-13  3.484622E-13  3.487161E-13  3.481189E-13  3.484550E-13
0.000000E+00  3.431164E-11  3.422838E-11  3.427623E-11  3.433396E-11  3.437072E-11  3.421458E-11  3.424816E-11  3.431657E-11  3.420453E-11  3.426733E-11  3.431657E-11  3.432891E-11  3.434533E-11  3.434350E-11  3.435327E-11  3.416737E-11  3.415864E-11  3.423718E-11  3.415078E-11  3.423925E-11
0.000000E+00  9.737537E-11  9.715757E-11  9.726772E-11  9.745297E-11  9.756240E-11  9.709462E-11  9.720263E-11  9.740183E-11  9.708104E-11  9.725234E-11  9.740291E-11  9.745154E-11  9.747621E-11  9.747515E-11  9.751949E-11  9.698662E-11  9.695623E-11  9.718224E-11  9.693012E-11  9.715578E-11
0.000000E+00  8.110722E-09  8.093287E-09  8.102085E-09  8.117391E-09  8.127387E-09  8.087047E-09  8.096542E-09  8.113708E-09  8.085848E-09  8.100744E-09  8.113279E-09  8.117177E-09  8.120181E-09  8.120020E-09  8.123310E-09  8.079107E-09  8.076014E-09  8.095433E-09  8.073672E-09  8.093055E-09
Gas           Ref
0.000000E+00  -1.093913E-13 -1.095487E-13 -1.094772E-13 -1.094914E-13 -1.096130E-13 -1.095201E-13 -1.094807E-13 -1.094199E-13 -1.096738E-13 -1.096917E-13 -1.096130E-13 -1.095809E-13 -1.095487E-13 -1.095487E-13 -1.097597E-13 -1.096095E-13 -1.093699E-13 -1.093019E-13 -1.093556E-13 -1.094199E-13
0.000000E+00  -2.080681E-14 -2.071383E-14 -2.061011E-14 -2.069595E-14 -2.061727E-14 -2.073528E-14 -2.062799E-14 -2.060654E-14 -2.054932E-14 -2.051355E-14 -2.052428E-14 -2.049210E-14 -2.048494E-14 -2.069595E-14 -2.096059E-14 -2.087834E-14 -2.082112E-14 -2.074244E-14 -2.076747E-14 -2.055647E-14
0.000000E+00  3.255382E-13  3.259567E-13  3.258672E-13  3.262428E-13  3.253702E-13  3.247336E-13  3.254095E-13  3.253952E-13  3.250805E-13  3.249911E-13  3.251234E-13  3.250876E-13  3.254238E-13  3.252879E-13  3.239110E-13  3.244582E-13  3.239432E-13  3.234890E-13  3.242579E-13  3.248480E-13
0.000000E+00  3.312692E-11  3.315550E-11  3.316426E-11  3.319008E-11  3.302296E-11  3.302385E-11  3.321035E-11  3.308150E-11  3.308193E-11  3.310504E-11  3.311737E-11  3.311748E-11  3.312757E-11  3.306605E-11  3.293598E-11  3.304438E-11  3.292801E-11  3.298620E-11  3.306012E-11  3.301659E-11
0.000000E+00  9.466741E-11  9.476432E-11  9.478757E-11  9.486124E-11  9.439131E-11  9.437666E-11  9.491953E-11  9.455225E-11  9.455189E-11  9.462162E-11  9.463808E-11  9.466347E-11  9.468279E-11  9.451184E-11  9.411630E-11  9.444175E-11  9.410593E-11  9.427652E-11  9.446356E-11  9.437486E-11
0.000000E+00  7.924720E-09  7.933552E-09  7.934786E-09  7.941153E-09  7.901759E-09  7.900114E-09  7.946373E-09  7.915653E-09  7.915403E-09  7.920785E-09  7.923146E-09  7.924934E-09  7.926275E-09  7.912399E-09  7.878835E-09  7.906015E-09  7.877727E-09  7.891979E-09  7.908858E-09  7.901134E-09
Gas           Sam
0.000000E+00  -1.061619E-13 -1.061905E-13 -1.060654E-13 -1.060511E-13 -1.060618E-13 -1.058293E-13 -1.057077E-13 -1.057971E-13 -1.059152E-13 -1.057578E-13 -1.055575E-13 -1.053430E-13 -1.053823E-13 -1.054681E-13 -1.054967E-13 -1.054431E-13 -1.052857E-13 -1.052428E-13 -1.054431E-13 -1.055075E-13
0.000000E+00  -1.884701E-14 -1.860024E-14 -1.827122E-14 -1.837494E-14 -1.849295E-14 -1.866104E-14 -1.855018E-14 -1.850011E-14 -1.849295E-14 -1.852872E-14 -1.861455E-14 -1.848580E-14 -1.869680E-14 -1.857163E-14 -1.878263E-14 -1.858952E-14 -1.856090E-14 -1.866104E-14 -1.851084E-14 -1.851799E-14
0.000000E+00  3.431371E-13  3.429225E-13  3.436235E-13  3.443280E-13  3.436092E-13  3.432444E-13  3.444675E-13  3.434411E-13  3.435233E-13  3.441563E-13  3.445640E-13  3.451935E-13  3.452543E-13  3.445927E-13  3.438059E-13  3.441421E-13  3.435412E-13  3.445354E-13  3.451434E-13  3.440634E-13
0.000000E+00  3.386524E-11  3.392168E-11  3.397307E-11  3.402668E-11  3.383670E-11  3.388416E-11  3.395072E-11  3.383556E-11  3.390659E-11  3.395086E-11  3.396202E-11  3.399142E-11  3.398741E-11  3.383342E-11  3.382909E-11  3.384980E-11  3.381142E-11  3.388881E-11  3.393509E-11  3.375760E-11
0.000000E+00  9.612081E-11  9.626922E-11  9.641942E-11  9.658287E-11  9.604428E-11  9.617016E-11  9.637472E-11  9.603033E-11  9.622630E-11  9.636113E-11  9.639797E-11  9.647128E-11  9.645447E-11  9.605608E-11  9.598598E-11  9.609076E-11  9.595272E-11  9.618375E-11  9.633503E-11  9.582183E-11
0.000000E+00  8.006116E-09  8.018525E-09  8.032043E-09  8.045401E-09  8.000608E-09  8.010747E-09  8.028127E-09  7.999124E-09  8.014823E-09  8.026268E-09  8.029772E-09  8.035673E-09  8.034529E-09  8.001395E-09  7.995172E-09  8.003451E-09  7.991972E-09  8.011283E-09  8.024319E-09  7.980849E-09
Gas           Ref
0.000000E+00  -1.094378E-13 -1.094342E-13 -1.096846E-13 -1.094772E-13 -1.095844E-13 -1.095773E-13 -1.095201E-13 -1.093341E-13 -1.094128E-13 -1.094557E-13 -1.094736E-13 -1.094914E-13 -1.094950E-13 -1.095487E-13 -1.095129E-13 -1.096631E-13 -1.096130E-13 -1.096166E-13 -1.096095E-13 -1.096595E-13
0.000000E+00  -2.119305E-14 -2.111079E-14 -2.123596E-14 -2.110007E-14 -2.097132E-14 -2.105715E-14 -2.101423E-14 -2.097132E-14 -2.103569E-14 -2.106430E-14 -2.125742E-14 -2.120735E-14 -2.115013E-14 -2.119662E-14 -2.122166E-14 -2.118947E-14 -2.113583E-14 -2.106430E-14 -2.113583E-14 -2.129676E-14
0.000000E+00  3.202596E-13  3.206280E-13  3.210071E-13  3.201559E-13  3.197482E-13  3.202239E-13  3.205350E-13  3.209034E-13  3.208104E-13  3.202525E-13  3.193692E-13  3.197661E-13  3.191867E-13  3.195086E-13  3.195408E-13  3.189293E-13  3.193227E-13  3.195587E-13  3.196088E-13  3.182820E-13
0.000000E+00  3.267359E-11  3.275882E-11  3.272452E-11  3.258347E-11  3.262732E-11  3.269548E-11  3.270381E-11  3.272398E-11  3.271926E-11  3.260693E-11  3.256430E-11  3.261444E-11  3.256015E-11  3.264591E-11  3.258369E-11  3.253136E-11  3.259703E-11  3.263254E-11  3.256455E-11  3.249192E-11
0.000000E+00  9.336314E-11  9.361490E-11  9.352372E-11  9.313175E-11  9.324655E-11  9.344039E-11  9.346935E-11  9.352800E-11  9.350905E-11  9.321079E-11  9.306773E-11  9.321902E-11  9.304771E-11  9.329233E-11  9.314892E-11  9.297189E-11  9.315786E-11  9.325549E-11  9.309169E-11  9.285674E-11
0.000000E+00  7.815679E-09  7.836725E-09  7.829698E-09  7.796706E-09  7.805290E-09  7.821919E-09  7.824637E-09  7.829966E-09  7.828625E-09  7.803215E-09  7.790233E-09  7.804109E-09  7.789125E-09  7.809778E-09  7.798048E-09  7.782079E-09  7.798387E-09  7.806792E-09  7.792826E-09  7.773192E-09
Gas           Sam
0.000000E+00  -1.063586E-13 -1.063050E-13 -1.061655E-13 -1.061834E-13 -1.060654E-13 -1.059581E-13 -1.057614E-13 -1.059438E-13 -1.059259E-13 -1.058544E-13 -1.057542E-13 -1.057793E-13 -1.056183E-13 -1.054073E-13 -1.053787E-13 -1.055361E-13 -1.054324E-13 -1.054288E-13 -1.054932E-13 -1.056112E-13
0.000000E+00  -1.912238E-14 -1.904728E-14 -1.876118E-14 -1.901509E-14 -1.890780E-14 -1.896502E-14 -1.885058E-14 -1.907946E-14 -1.909377E-14 -1.891853E-14 -1.882913E-14 -1.895430E-14 -1.912596E-14 -1.898291E-14 -1.890780E-14 -1.902582E-14 -1.897575E-14 -1.898648E-14 -1.885416E-14 -1.893641E-14
0.000000E+00  3.390959E-13  3.395036E-13  3.400329E-13  3.402260E-13  3.397647E-13  3.385773E-13  3.393641E-13  3.389672E-13  3.389243E-13  3.397683E-13  3.403762E-13  3.392318E-13  3.393463E-13  3.404728E-13  3.407625E-13  3.395286E-13  3.394285E-13  3.401545E-13  3.404334E-13  3.407696E-13
0.000000E+00  3.361205E-11  3.363246E-11  3.364970E-11  3.365267E-11  3.356963E-11  3.346717E-11  3.357621E-11  3.346045E-11  3.353062E-11  3.357700E-11  3.357571E-11  3.344217E-11  3.352593E-11  3.359688E-11  3.352514E-11  3.343048E-11  3.350640E-11  3.353036E-11  3.355200E-11  3.356534E-11
0.000000E+00  9.539375E-11  9.546706E-11  9.551678E-11  9.553430E-11  9.529003E-11  9.499965E-11  9.531329E-11  9.496495E-11  9.516200E-11  9.530828E-11  9.531007E-11  9.491810E-11  9.514555E-11  9.536442E-11  9.519097E-11  9.488127E-11  9.508404E-11  9.516880E-11  9.522960E-11  9.527037E-11
0.000000E+00  7.946373E-09  7.951845E-09  7.956405E-09  7.957818E-09  7.937862E-09  7.912864E-09  7.939096E-09  7.910271E-09  7.926543E-09  7.938739E-09  7.939132E-09  7.905837E-09  7.924970E-09  7.943620E-09  7.928618E-09  7.902797E-09  7.920070E-09  7.927420E-09  7.932140E-09  7.935234E-09
Gas           Ref
0.000000E+00  -1.095773E-13 -1.095809E-13 -1.095809E-13 -1.097203E-13 -1.096595E-13 -1.096810E-13 -1.097168E-13 -1.096095E-13 -1.095844E-13 -1.097132E-13 -1.095594E-13 -1.094020E-13 -1.096059E-13 -1.096452E-13 -1.095451E-13 -1.094772E-13 -1.094700E-13 -1.094914E-13 -1.095809E-13 -1.097919E-13
0.000000E+00  -2.149346E-14 -2.160074E-14 -2.149703E-14 -2.156856E-14 -2.171161E-14 -2.151849E-14 -2.136113E-14 -2.155068E-14 -2.170088E-14 -2.160432E-14 -2.153280E-14 -2.179029E-14 -2.183678E-14 -2.161863E-14 -2.170088E-14 -2.175095E-14 -2.167227E-14 -2.169730E-14 -2.164723E-14 -2.169373E-14
0.000000E+00  3.154853E-13  3.160790E-13  3.164724E-13  3.157857E-13  3.149524E-13  3.149202E-13  3.150454E-13  3.145090E-13  3.146878E-13  3.153351E-13  3.152636E-13  3.142837E-13  3.149810E-13  3.148881E-13  3.145125E-13  3.151706E-13  3.150919E-13  3.140691E-13  3.139296E-13  3.141335E-13
0.000000E+00  3.231414E-11  3.233689E-11  3.235123E-11  3.218371E-11  3.216801E-11  3.224498E-11  3.222724E-11  3.218475E-11  3.223786E-11  3.224991E-11  3.218919E-11  3.212113E-11  3.225585E-11  3.211544E-11  3.215353E-11  3.220370E-11  3.226422E-11  3.205962E-11  3.217381E-11  3.209731E-11
0.000000E+00  9.234533E-11  9.241399E-11  9.246191E-11  9.199699E-11  9.194121E-11  9.215006E-11  9.212002E-11  9.197912E-11  9.212181E-11  9.216687E-11  9.201166E-11  9.179565E-11  9.218475E-11  9.180674E-11  9.188506E-11  9.204099E-11  9.222874E-11  9.164402E-11  9.194335E-11  9.175810E-11
0.000000E+00  7.730849E-09  7.736803E-09  7.740630E-09  7.701219E-09  7.695319E-09  7.713665E-09  7.711716E-09  7.699485E-09  7.711948E-09  7.715811E-09  7.702972E-09  7.684107E-09  7.717509E-09  7.685770E-09  7.691725E-09  7.704992E-09  7.720889E-09  7.671733E-09  7.696535E-09  7.681461E-09
Gas           Sam
0.000000E+00  -1.062943E-13 -1.062800E-13 -1.061977E-13 -1.062120E-13 -1.060761E-13 -1.059724E-13 -1.058329E-13 -1.060046E-13 -1.059259E-13 -1.057828E-13 -1.056756E-13 -1.058293E-13 -1.057256E-13 -1.056148E-13 -1.056219E-13 -1.057364E-13 -1.057507E-13 -1.056112E-13 -1.052714E-13 -1.055003E-13
0.000000E+00  -1.935841E-14 -1.943352E-14 -1.942637E-14 -1.940133E-14 -1.929404E-14 -1.939775E-14 -1.932981E-14 -1.930477E-14 -1.941921E-14 -1.944782E-14 -1.938703E-14 -1.954438E-14 -1.941206E-14 -1.931550E-14 -1.943709E-14 -1.958372E-14 -1.933338E-14 -1.937630E-14 -1.966955E-14 -1.947643E-14
0.000000E+00  3.344503E-13  3.339604E-13  3.351405E-13  3.350654E-13  3.348473E-13  3.352907E-13  3.358379E-13  3.358808E-13  3.349832E-13  3.358665E-13  3.349153E-13  3.347865E-13  3.355626E-13  3.355053E-13  3.349188E-13  3.353837E-13  3.363744E-13  3.350511E-13  3.349117E-13  3.356806E-13
0.000000E+00  3.316329E-11  3.313175E-11  3.325749E-11  3.319895E-11  3.322648E-11  3.323593E-11  3.325266E-11  3.315675E-11  3.309724E-11  3.324748E-11  3.307914E-11  3.316154E-11  3.323024E-11  3.308641E-11  3.307467E-11  3.315764E-11  3.320514E-11  3.303286E-11  3.309087E-11  3.320757E-11
0.000000E+00  9.414241E-11  9.404334E-11  9.440991E-11  9.422466E-11  9.432086E-11  9.432945E-11  9.438381E-11  9.412453E-11  9.392997E-11  9.436020E-11  9.389815E-11  9.411702E-11  9.431299E-11  9.392997E-11  9.389242E-11  9.410270E-11  9.426650E-11  9.375688E-11  9.392747E-11  9.425971E-11
0.000000E+00  7.841928E-09  7.833560E-09  7.863886E-09  7.848849E-09  7.856287E-09  7.857413E-09  7.861741E-09  7.839979E-09  7.824100E-09  7.860757E-09  7.821240E-09  7.839282E-09  7.856037E-09  7.823886E-09  7.819756E-09  7.838370E-09  7.852193E-09  7.809974E-09  7.823350E-09  7.851799E-09
Gas           Ref
0.000000E+00  -1.095093E-13 -1.096810E-13 -1.096524E-13 -1.094378E-13 -1.096381E-13 -1.094628E-13 -1.094271E-13 -1.095236E-13 -1.096023E-13 -1.097704E-13 -1.096774E-13 -1.095022E-13 -1.095666E-13 -1.098026E-13 -1.096667E-13 -1.094772E-13 -1.096345E-13 -1.095058E-13 -1.094700E-13 -1.093448E-13
0.000000E+00  -2.199771E-14 -2.195480E-14 -2.190473E-14 -2.182963E-14 -2.199056E-14 -2.197625E-14 -2.205493E-14 -2.202632E-14 -2.225163E-14 -2.253415E-14 -2.224805E-14 -2.198698E-14 -2.185466E-14 -2.188685E-14 -2.197625E-14 -2.207639E-14 -2.219441E-14 -2.216222E-14 -2.226951E-14 -2.229812E-14
0.000000E+00  3.116408E-13  3.114119E-13  3.097883E-13  3.100243E-13  3.105071E-13  3.103676E-13  3.105751E-13  3.105035E-13  3.092411E-13  3.098241E-13  3.100994E-13  3.097168E-13  3.099742E-13  3.101602E-13  3.103390E-13  3.088942E-13  3.091088E-13  3.098741E-13  3.097990E-13  3.089550E-13
0.000000E+00  3.192826E-11  3.181740E-11  3.174397E-11  3.185598E-11  3.180416E-11  3.182737E-11  3.185638E-11  3.182022E-11  3.170542E-11  3.184107E-11  3.171444E-11  3.172591E-11  3.179140E-11  3.181375E-11  3.175184E-11  3.166866E-11  3.180055E-11  3.177079E-11  3.176468E-11  3.163776E-11
0.000000E+00  9.124884E-11  9.095844E-11  9.072527E-11  9.103819E-11  9.091446E-11  9.097596E-11  9.105393E-11  9.096524E-11  9.061405E-11  9.100529E-11  9.066590E-11  9.067735E-11  9.087119E-11  9.093091E-11  9.076533E-11  9.050818E-11  9.088621E-11  9.081038E-11  9.080538E-11  9.042808E-11
0.000000E+00  7.639582E-09  7.614477E-09  7.594753E-09  7.620825E-09  7.610507E-09  7.615514E-09  7.622631E-09  7.615049E-09  7.585169E-09  7.618250E-09  7.589907E-09  7.590069E-09  7.607288E-09  7.612009E-09  7.598383E-09  7.576121E-09  7.608969E-09  7.602693E-09  7.602103E-09  7.569612E-09
 Gas          
0.000000E+00  0.000000E+00  0.000000E+00  0.000000E+00  0.000000E+00  0.000000E+00  0.000000E+00  0.000000E+00  0.000000E+00  0.000000E+00  0.000000E+00  0.000000E+00  0.000000E+00  0.000000E+00  0.000000E+00  0.000000E+00  0.000000E+00  0.000000E+00  0.000000E+00  0.000000E+00  0.000000E+00
0.000000E+00  0.000000E+00  0.000000E+00  0.000000E+00  0.000000E+00  0.000000E+00  0.000000E+00  0.000000E+00  0.000000E+00  0.000000E+00  0.000000E+00  0.000000E+00  0.000000E+00  0.000000E+00  0.000000E+00  0.000000E+00  0.000000E+00  0.000000E+00  0.000000E+00  0.000000E+00  0.000000E+00
0.000000E+00  0.000000E+00  0.000000E+00  0.000000E+00  0.000000E+00  0.000000E+00  0.000000E+00  0.000000E+00  0.000000E+00  0.000000E+00  0.000000E+00  0.000000E+00  0.000000E+00  0.000000E+00  0.000000E+00  0.000000E+00  0.000000E+00  0.000000E+00  0.000000E+00  0.000000E+00  0.000000E+00
0.000000E+00  0.000000E+00  0.000000E+00  0.000000E+00  0.000000E+00  0.000000E+00  0.000000E+00  0.000000E+00  0.000000E+00  0.000000E+00  0.000000E+00  0.000000E+00  0.000000E+00  0.000000E+00  0.000000E+00  0.000000E+00  0.000000E+00  0.000000E+00  0.000000E+00  0.000000E+00  0.000000E+00
0.000000E+00  0.000000E+00  0.000000E+00  0.000000E+00  0.000000E+00  0.000000E+00  0.000000E+00  0.000000E+00  0.000000E+00  0.000000E+00  0.000000E+00  0.000000E+00  0.000000E+00  0.000000E+00  0.000000E+00  0.000000E+00  0.000000E+00  0.000000E+00  0.000000E+00  0.000000E+00  0.000000E+00
0.000000E+00  0.000000E+00  0.000000E+00  0.000000E+00  0.000000E+00  0.000000E+00  0.000000E+00  0.000000E+00  0.000000E+00  0.000000E+00  0.000000E+00  0.000000E+00  0.000000E+00  0.000000E+00  0.000000E+00  0.000000E+00  0.000000E+00  0.000000E+00  0.000000E+00  0.000000E+00  0.000000E+00
End of Analysis
"H3 factor",13.13339
"Linearity factor (0)",52.88039
"Linearity factor (1)",18.00761
"Linearity factor (2)",-.1321419
"Linearity factor (3)",9.804096E-04
"Linearity factor (4)",-7.965973E-02
"Linearity factor (5)",0
"Collector Gains :",500,5000,5000,5000,500,500,50,500,1,5
"Number of deflectors available : ",33
"Source HT",8000
"Extraction V",780
"H Defl",310
"Trap",850
"Trap Voltage",24
"Repeller",4
"Filament V",-110
"Delta HP",19
"Z Lens",110
"Delta Z",130
"Max Current",3.5
"Heater Current",1
"Quad 1",120
"Cubic 1",50
"Lin 1",0
"Deflect 1 I",5
"Deflect 1 O",5
"Offset 1",0
"Offset 2",0
"Quad 2",-620
"Cubic 2",0
"Lin 2",0
"Q1 I Cor",0
"Q1 O Cor",0
"Suppressor",-100
"Mop Plate",-15
"ESA H1",790
"ESA H1 delta",0
"ESA H2",800
"ESA H2 delta",0
"ESA H3",820
"ESA H3 delta",0
"ESA HD",0
"ESA HD delta",0
"Batch Started: ","13:02:19 15:29:56"
"Data File: ","C:\Nu Stable\Results\2019\201902013 standard PD4 BSS WNI ZE NTA\Data_9306 ETH-01.txt"
"Sample Name: ","ETH-01"
"Sample Weight: ",71
"Sample Type: ","Sam"
"Vial Number: ",30
"Sam Beam First CO: ","8.280147e-09"
"Sam Beam Last CO: ","7.837182e-09"
"Ref Beam First CO: ","8.223640e-09"
"Ref Beam Second CO: ","8.121368e-09"
"Ref BeamLast CO: ","7.600658e-09"
"Sam Depletion: ","5 %"
"Ref Depletion: ","8 %"
"Observed CP Temperature: ",69.728
"Std Dev: ","0.000e00"
"Min: ","69.728"
"Max: ","69.728"
"Ave Started: ","14:02:19 09:47:47"
"Ave Stopped: ","14:02:19 09:51:02"
"Num: ",6
"Current Mass: ",46.02691
"Method File Name","C:\Nu Stable\Analyses\DI\040216 12-12-20 6 collectors.rdf"
"Version 6"
"Analysis Type","DI"
"Analysis Calculation Routine ","Clumped CO2 Iterative"
"Gas ID ","CO2"
"Ref Gas Identifier ","AirLiquide01"
"Centring collector ",8
"Num of Ref/Sam cycles ",6
"Cycles length(secs) ",20
"C/O valve stabilisation time ",12
"Offset for zero measurement(amu) ",0
"Zero measurement time ",20
"Spare",0
"Spare",0
0
-1
-1
-1
-1
0
-1
0
-1
0
"Num Clumped Blocks","1"
"Do zero at start of block",#FALSE#
"Balance beams",#FALSE#
"Mag Hysteresis Offset",.001
"Apply Hysteresis Offset",#FALSE#
"Target Beam (A) ",.00000005
"Use CF with Bellows ",#FALSE#
"DI Auto Gas balancing: ","True"
"Pirani pressure",3.248841E-02
"Cold finger status","CF"
"Inlet transducer pressure",2.349749
"Sample operations:  InitialisePrepSampleRun; CheckIfCFRequired; UseCF; SampleTrapped; BalanceRefToSamValue; DepletingBalance; SampleReady;"
"Number of sample chops",0
"Number of sample double chops",0
"Run from bellows",#FALSE#
"Max sample pump-over pressure (mBar)","0.000000e00"
"Max sample pump-over pressure (raw)",0
"Pre-balance Sam Beam","8.548848e-09"
"Min ref beam","3.473249e-09"
"Max ref beam","2.116590e-08"
"Ref bellows position",4044
"Sam bellows position",8446
"Balance %",.5268643
"Initial Sam Beam","8.903547e-09"
"Final Ref Beam","8.539160e-09"
"Final Sam Beam","8.584150e-09"
"Pre-depleted Ref Beam",8.573922E-09
"InletPiraniPressure",3.248841E-02
"Depletion Factor",.96
"Balance End","14/02/19 10:30:06"
"Water Trap Temperature Hot",-195.1766
"Water Trap Temperature Cold",-195.1766
"DP Version",25
"Num Gas Cycles ",1
"UseFrontHeightThreshold(1)",#TRUE#
"FrontHeightThreshold(1)",2
"UseBackHeightThreshold(1)",#TRUE#
"BackHeightThreshold(1)",2.7
"UsePeakWidthLimit(1)",#FALSE#
"PeakWidthLimit(1)",6
"RefGasFrontHeightThreshold(1)",40
"RefGasBackHeightThreshold(1)",10
"Measure_Elemental_Comp",#TRUE#
"Use_TCD_For_Elem_Calcs",#FALSE#
"Sample_Name","ETH-01"
"Sample_Type","Sam"
"Sample_Weight",71
"Sample_Vial",30
"Standard_Type",""
"NoAnalysisCycles",1
"Gas1","CO2"
"Ref Gas1","AirLiquide01"
"Analysis_Routine1","Clumped CO2 Iterative"
"ZeroWidth1",10
"NoZeros1",1
"ZeroTime1",10
"Delta wrt Std 1",#FALSE#
"AllowLinearityCorrection",#FALSE#
"Num Collectors",6
"LinearityFactor(Cent)",52880.39
"LinearityFactor(Low2)",18007.61
"LinearityFactor(Low4)",-132.1419
"LinearityFactor()",.9804096
"LinearityFactor()",-79.65973
"LinearityFactor()",0
"UseH3Factor",#FALSE#
"H3Factor",0
"Axial Mass",46
"Anal Start",0
"Anal End",0
"Calc Linearity Correction from Ref Peaks",#FALSE#
"Temperature",25
"Std Temperature",25
"A_Factor",1.01025
"K_Factor",.04
"TemperatureCorrectionEnabled",#FALSE#
"GC ZeroMethod","Lowest Peak Limit"
"GC AllowZeroToCutPoints",#FALSE#
"GC UseIsotopicShift",#TRUE#
"GC InterpolatePeakHeight",#TRUE#
"GC NumZeroPoints",10
"GC Min Peak Height",.0000000001
"GC No UserPeaks",0
"SmoothingInterval",10
"DropFactor",1
"GradientRejectfactor",10
"SectionSize",100
"BackgroundStartTime",1
"CutOffTime",1000
"UseNewBackgroundCalcn",#FALSE#
"GC Label File","None.lab"
"GC No User Defined Background Points",0
"GC No Auto-detected Peaks to be Removed",0
"GC No Auto-calculated Background Points to Remove",0
"GC Std Peak In Sample",#FALSE#
"GC Std Peak Time",0
"Max Gap For Grouping EA Ref Pulses",20
"Group EA Ref Peaks",#FALSE#
"Use Defined Peak Limits (1)",#FALSE#
"Peak Start (1)",0
"Peak End (1)",0
"DP Version",25
"Num Gas Cycles ",1
"UseFrontHeightThreshold(1)",#TRUE#
"FrontHeightThreshold(1)",2
"UseBackHeightThreshold(1)",#TRUE#
"BackHeightThreshold(1)",2.7
"UsePeakWidthLimit(1)",#FALSE#
"PeakWidthLimit(1)",6
"RefGasFrontHeightThreshold(1)",40
"RefGasBackHeightThreshold(1)",10
"Measure_Elemental_Comp",#TRUE#
"Use_TCD_For_Elem_Calcs",#FALSE#
"Sample_Name","ETH-01"
"Sample_Type","Sam"
"Sample_Weight",71
"Sample_Vial",30
"Standard_Type",""
"NoAnalysisCycles",1
"Gas1","CO2"
"Ref Gas1","AirLiquide01"
"Analysis_Routine1","Clumped CO2 Iterative"
"ZeroWidth1",10
"NoZeros1",1
"ZeroTime1",10
"Delta wrt Std 1",#FALSE#
"AllowLinearityCorrection",#FALSE#
"Num Collectors",6
"LinearityFactor(Cent)",52880.39
"LinearityFactor(Low2)",18007.61
"LinearityFactor(Low4)",-132.1419
"LinearityFactor()",.9804096
"LinearityFactor()",-79.65973
"LinearityFactor()",0
"UseH3Factor",#FALSE#
"H3Factor",0
"Axial Mass",46
"Anal Start",0
"Anal End",0
"Calc Linearity Correction from Ref Peaks",#FALSE#
"Temperature",25
"Std Temperature",25
"A_Factor",1.01025
"K_Factor",.04
"TemperatureCorrectionEnabled",#FALSE#
"GC ZeroMethod","Lowest Peak Limit"
"GC AllowZeroToCutPoints",#FALSE#
"GC UseIsotopicShift",#TRUE#
"GC InterpolatePeakHeight",#TRUE#
"GC NumZeroPoints",10
"GC Min Peak Height",.0000000001
"GC No UserPeaks",0
"SmoothingInterval",10
"DropFactor",1
"GradientRejectfactor",10
"SectionSize",100
"BackgroundStartTime",1
"CutOffTime",1000
"UseNewBackgroundCalcn",#FALSE#
"GC Label File","None.lab"
"GC No User Defined Background Points",0
"GC No Auto-detected Peaks to be Removed",0
"GC No Auto-calculated Background Points to Remove",0
"GC Std Peak In Sample",#FALSE#
"GC Std Peak Time",0
"Max Gap For Grouping EA Ref Pulses",20
"Group EA Ref Peaks",#FALSE#
"Use Defined Peak Limits (1)",#FALSE#
"Peak Start (1)",0
"Peak End (1)",0
"End of Data file"


