"Clumped CO2 Iterative Analysis,         Data File Version 10"
"Started analysis at 4:49:31 PM on the Wednesday, February 13, 2019"
"UTC FileTimeLow",-481408," UTC FileTimeHigh",30720997
"Time Zone ","Eastern Daylight Time"
"CO Disabled",#FALSE#
"Persective Instrument","PS019"
"User logged in",#FALSE#
"Software Version","Stable 1.69.5"
"Axial Mass is :",46
"No_C_O_Cycles",6
"Num Blocks",1
0
-1
-1
-1
-1
0
-1
0
-1
0
"Sample Name is ","PD4 123"
Zero Data
-1.189221071336E-13, -5.974250770740E-14, -6.467849225764E-14, -3.796581037291E-14, 1.100600811660E-13, 4.267398630645E-12, Measured at start of run
Individual Data
No_C_O_Cycles                6 
Cycle_Length   20 
Zero_Measurement_Length      20 
Axial_Mass     46 
 Gas          Bla
0.000000E+00  -1.188363E-13 -1.188506E-13 -1.189364E-13 -1.189615E-13 -1.190580E-13 -1.189257E-13 -1.189114E-13 -1.188220E-13 -1.188363E-13 -1.188792E-13 -1.190473E-13 -1.189579E-13 -1.189436E-13 -1.189114E-13 -1.190330E-13 -1.190044E-13 -1.189543E-13 -1.187969E-13 -1.188398E-13 -1.189364E-13
0.000000E+00  -5.968099E-14 -5.971676E-14 -5.973821E-14 -5.987769E-14 -5.979186E-14 -5.975610E-14 -5.975610E-14 -5.989557E-14 -5.994206E-14 -5.977041E-14 -5.962735E-14 -5.970960E-14 -5.967027E-14 -5.973106E-14 -5.978829E-14 -5.975610E-14 -5.960589E-14 -5.955583E-14 -5.975967E-14 -5.972034E-14
0.000000E+00  -6.474859E-14 -6.462699E-14 -6.476647E-14 -6.471998E-14 -6.465917E-14 -6.483799E-14 -6.474501E-14 -6.464845E-14 -6.477720E-14 -6.476647E-14 -6.470210E-14 -6.475217E-14 -6.464130E-14 -6.457692E-14 -6.460911E-14 -6.466633E-14 -6.463772E-14 -6.453044E-14 -6.460911E-14 -6.454832E-14
0.000000E+00  -3.712181E-14 -3.665689E-14 -3.708605E-14 -3.730062E-14 -3.758672E-14 -3.798012E-14 -3.776554E-14 -3.805164E-14 -3.805164E-14 -3.790859E-14 -3.801588E-14 -3.808741E-14 -3.819469E-14 -3.830198E-14 -3.830198E-14 -3.837351E-14 -3.833774E-14 -3.876690E-14 -3.858808E-14 -3.883842E-14
0.000000E+00  1.130105E-13  1.137258E-13  1.112224E-13  1.122953E-13  1.140834E-13  1.101495E-13  1.101495E-13  1.090766E-13  1.108647E-13  1.112224E-13  1.097919E-13  1.101495E-13  1.094342E-13  1.076461E-13  1.101495E-13  1.083614E-13  1.090766E-13  1.076461E-13  1.062156E-13  1.069308E-13
0.000000E+00  4.416708E-12  4.434590E-12  4.434590E-12  4.363064E-12  4.363064E-12  4.363064E-12  4.380946E-12  4.291538E-12  4.327302E-12  4.273657E-12  4.237894E-12  4.237894E-12  4.184250E-12  4.202131E-12  4.273657E-12  4.148487E-12  4.112724E-12  4.130606E-12  4.112724E-12  4.059080E-12
Gas           Ref
0.000000E+00  -1.183356E-13 -1.182927E-13 -1.182212E-13 -1.183141E-13 -1.185502E-13 -1.184679E-13 -1.185037E-13 -1.185394E-13 -1.184822E-13 -1.184000E-13 -1.184572E-13 -1.185752E-13 -1.185180E-13 -1.184608E-13 -1.183177E-13 -1.184393E-13 -1.185323E-13 -1.185001E-13 -1.185180E-13 -1.185716E-13
0.000000E+00  -3.069523E-14 -3.082398E-14 -3.070596E-14 -3.071311E-14 -3.063801E-14 -3.081325E-14 -3.070954E-14 -3.083113E-14 -3.094557E-14 -3.063443E-14 -3.063801E-14 -3.073814E-14 -3.071669E-14 -3.093484E-14 -3.093484E-14 -3.072384E-14 -3.091696E-14 -3.086332E-14 -3.071311E-14 -3.074530E-14
0.000000E+00  2.407339E-13  2.401080E-13  2.398398E-13  2.400865E-13  2.405801E-13  2.407374E-13  2.405085E-13  2.410664E-13  2.410450E-13  2.410808E-13  2.407875E-13  2.408769E-13  2.402367E-13  2.389850E-13  2.389171E-13  2.396181E-13  2.396395E-13  2.390387E-13  2.391138E-13  2.396431E-13
0.000000E+00  2.608247E-11  2.609917E-11  2.611930E-11  2.617095E-11  2.618972E-11  2.619745E-11  2.620539E-11  2.620685E-11  2.620764E-11  2.619977E-11  2.620016E-11  2.620288E-11  2.606244E-11  2.602536E-11  2.603973E-11  2.618665E-11  2.602321E-11  2.601720E-11  2.605715E-11  2.609742E-11
0.000000E+00  7.461876E-11  7.465275E-11  7.470603E-11  7.486017E-11  7.491095E-11  7.493777E-11  7.495780E-11  7.496281E-11  7.496388E-11  7.493955E-11  7.495029E-11  7.494564E-11  7.454867E-11  7.443030E-11  7.447894E-11  7.488699E-11  7.445462E-11  7.443315E-11  7.453008E-11  7.465596E-11
0.000000E+00  6.246120E-09  6.248301E-09  6.253326E-09  6.266362E-09  6.270474E-09  6.272548E-09  6.274837E-09  6.275606E-09  6.275284E-09  6.273264E-09  6.273764E-09  6.274068E-09  6.240058E-09  6.230420E-09  6.234389E-09  6.268865E-09  6.232566E-09  6.229758E-09  6.237984E-09  6.249159E-09
Gas           Sam
0.000000E+00  -1.114262E-13 -1.113440E-13 -1.112367E-13 -1.110364E-13 -1.111365E-13 -1.110507E-13 -1.109184E-13 -1.108791E-13 -1.108969E-13 -1.108147E-13 -1.106001E-13 -1.104570E-13 -1.106573E-13 -1.105071E-13 -1.104213E-13 -1.104964E-13 -1.103068E-13 -1.101245E-13 -1.100780E-13 -1.101531E-13
0.000000E+00  -2.864960E-14 -2.871397E-14 -2.861741E-14 -2.862456E-14 -2.858165E-14 -2.846721E-14 -2.847436E-14 -2.847078E-14 -2.829554E-14 -2.853873E-14 -2.869966E-14 -2.858880E-14 -2.848151E-14 -2.847436E-14 -2.859595E-14 -2.864960E-14 -2.847436E-14 -2.834919E-14 -2.845648E-14 -2.851012E-14
0.000000E+00  2.523925E-13  2.524462E-13  2.529969E-13  2.539089E-13  2.533653E-13  2.530756E-13  2.536371E-13  2.541556E-13  2.547600E-13  2.540913E-13  2.534118E-13  2.534440E-13  2.545455E-13  2.537229E-13  2.535369E-13  2.541413E-13  2.548888E-13  2.549603E-13  2.549782E-13  2.550533E-13
0.000000E+00  2.636081E-11  2.639253E-11  2.645698E-11  2.651109E-11  2.634822E-11  2.637898E-11  2.644278E-11  2.647300E-11  2.649195E-11  2.636267E-11  2.634672E-11  2.639672E-11  2.650336E-11  2.631589E-11  2.633867E-11  2.639908E-11  2.642561E-11  2.643988E-11  2.644335E-11  2.644714E-11
0.000000E+00  7.464809E-11  7.472284E-11  7.489843E-11  7.509190E-11  7.461627E-11  7.468923E-11  7.485873E-11  7.495208E-11  7.502468E-11  7.467205E-11  7.460232E-11  7.474143E-11  7.503040E-11  7.452400E-11  7.458193E-11  7.474966E-11  7.483549E-11  7.486983E-11  7.487876E-11  7.489593E-11
0.000000E+00  6.239933E-09  6.246621E-09  6.261229E-09  6.277984E-09  6.237608E-09  6.243563E-09  6.258154E-09  6.265664E-09  6.272066E-09  6.242400E-09  6.236124E-09  6.247515E-09  6.272799E-09  6.229973E-09  6.234658E-09  6.248838E-09  6.255686E-09  6.258601E-09  6.260139E-09  6.260818E-09
Gas           Ref
0.000000E+00  -1.183070E-13 -1.184822E-13 -1.183964E-13 -1.183106E-13 -1.183535E-13 -1.184143E-13 -1.184000E-13 -1.183821E-13 -1.184143E-13 -1.183606E-13 -1.182068E-13 -1.184786E-13 -1.185001E-13 -1.184500E-13 -1.182498E-13 -1.183857E-13 -1.185216E-13 -1.185180E-13 -1.185037E-13 -1.187755E-13
0.000000E+00  -3.098848E-14 -3.104571E-14 -3.100637E-14 -3.097776E-14 -3.105643E-14 -3.105643E-14 -3.120664E-14 -3.137830E-14 -3.133896E-14 -3.114942E-14 -3.106716E-14 -3.093842E-14 -3.100994E-14 -3.097418E-14 -3.105286E-14 -3.122810E-14 -3.119233E-14 -3.128889E-14 -3.120306E-14 -3.121022E-14
0.000000E+00  2.371147E-13  2.375939E-13  2.366569E-13  2.359559E-13  2.364387E-13  2.374651E-13  2.361348E-13  2.360418E-13  2.367141E-13  2.369072E-13  2.372434E-13  2.371611E-13  2.369359E-13  2.370539E-13  2.369430E-13  2.363994E-13  2.362635E-13  2.354410E-13  2.356055E-13  2.357378E-13
0.000000E+00  2.589464E-11  2.592493E-11  2.575363E-11  2.578464E-11  2.586564E-11  2.585223E-11  2.574515E-11  2.579508E-11  2.583796E-11  2.586020E-11  2.587773E-11  2.587279E-11  2.586689E-11  2.587501E-11  2.578367E-11  2.579973E-11  2.576307E-11  2.568421E-11  2.570678E-11  2.576826E-11
0.000000E+00  7.407195E-11  7.416029E-11  7.367284E-11  7.375402E-11  7.396467E-11  7.397146E-11  7.364495E-11  7.377620E-11  7.390422E-11  7.398433E-11  7.402474E-11  7.401116E-11  7.399006E-11  7.401366E-11  7.376225E-11  7.379122E-11  7.370503E-11  7.347758E-11  7.352586E-11  7.369787E-11
0.000000E+00  6.200039E-09  6.208193E-09  6.167066E-09  6.173235E-09  6.191260E-09  6.192243E-09  6.163955E-09  6.174988E-09  6.186593E-09  6.192958E-09  6.196266E-09  6.195551E-09  6.193799E-09  6.196356E-09  6.174773E-09  6.176865E-09  6.169838E-09  6.150007E-09  6.155104E-09  6.168747E-09
Gas           Sam
0.000000E+00  -1.117552E-13 -1.115907E-13 -1.113332E-13 -1.112402E-13 -1.112045E-13 -1.110006E-13 -1.110114E-13 -1.110114E-13 -1.109434E-13 -1.108039E-13 -1.107682E-13 -1.105143E-13 -1.103569E-13 -1.104106E-13 -1.104535E-13 -1.103641E-13 -1.102425E-13 -1.102282E-13 -1.101173E-13 -1.100672E-13
0.000000E+00  -2.922538E-14 -2.905729E-14 -2.898577E-14 -2.909663E-14 -2.899649E-14 -2.902153E-14 -2.877119E-14 -2.875331E-14 -2.886060E-14 -2.889636E-14 -2.875688E-14 -2.876046E-14 -2.882483E-14 -2.879265E-14 -2.869609E-14 -2.882483E-14 -2.875688E-14 -2.902868E-14 -2.887848E-14 -2.883556E-14
0.000000E+00  2.489164E-13  2.498283E-13  2.503719E-13  2.508154E-13  2.497783E-13  2.497461E-13  2.510335E-13  2.508261E-13  2.510443E-13  2.513840E-13  2.516308E-13  2.517202E-13  2.520778E-13  2.515414E-13  2.510514E-13  2.511015E-13  2.512839E-13  2.513912E-13  2.513483E-13  2.504327E-13
0.000000E+00  2.616909E-11  2.621186E-11  2.624254E-11  2.621858E-11  2.608683E-11  2.613272E-11  2.622970E-11  2.615106E-11  2.616626E-11  2.618450E-11  2.619462E-11  2.619755E-11  2.619752E-11  2.614405E-11  2.613368E-11  2.614301E-11  2.615228E-11  2.615181E-11  2.611580E-11  2.601799E-11
0.000000E+00  7.408912E-11  7.421751E-11  7.431586E-11  7.425363E-11  7.386274E-11  7.399328E-11  7.428010E-11  7.404442E-11  7.409556E-11  7.414527E-11  7.418282E-11  7.419033E-11  7.418246E-11  7.404478E-11  7.399256E-11  7.402260E-11  7.404513E-11  7.405408E-11  7.395572E-11  7.366319E-11
0.000000E+00  6.193316E-09  6.205010E-09  6.212592E-09  6.207442E-09  6.174523E-09  6.185377E-09  6.210124E-09  6.189972E-09  6.193906E-09  6.198251E-09  6.201595E-09  6.201988E-09  6.200862E-09  6.190204E-09  6.185537E-09  6.188166E-09  6.189615E-09  6.190669E-09  6.182659E-09  6.158000E-09
Gas           Ref
0.000000E+00  -1.185251E-13 -1.185073E-13 -1.181711E-13 -1.182927E-13 -1.184572E-13 -1.185323E-13 -1.184643E-13 -1.183964E-13 -1.183535E-13 -1.184822E-13 -1.183106E-13 -1.184500E-13 -1.184822E-13 -1.184000E-13 -1.183213E-13 -1.183535E-13 -1.183320E-13 -1.184000E-13 -1.182104E-13 -1.183034E-13
0.000000E+00  -3.127816E-14 -3.133181E-14 -3.145340E-14 -3.156427E-14 -3.141764E-14 -3.117803E-14 -3.136042E-14 -3.157500E-14 -3.147843E-14 -3.167513E-14 -3.154281E-14 -3.158215E-14 -3.139618E-14 -3.139618E-14 -3.144983E-14 -3.163222E-14 -3.165725E-14 -3.178600E-14 -3.157142E-14 -3.151777E-14
0.000000E+00  2.336814E-13  2.337708E-13  2.337708E-13  2.324691E-13  2.326264E-13  2.329912E-13  2.318933E-13  2.322616E-13  2.329268E-13  2.332809E-13  2.319612E-13  2.317896E-13  2.323367E-13  2.327301E-13  2.327552E-13  2.326693E-13  2.317574E-13  2.316716E-13  2.329876E-13  2.322831E-13
0.000000E+00  2.559195E-11  2.559438E-11  2.552614E-11  2.544528E-11  2.555851E-11  2.548484E-11  2.543838E-11  2.549750E-11  2.555211E-11  2.550869E-11  2.540709E-11  2.545776E-11  2.549846E-11  2.551756E-11  2.553501E-11  2.542518E-11  2.537912E-11  2.547611E-11  2.549442E-11  2.542608E-11
0.000000E+00  7.322187E-11  7.322831E-11  7.304377E-11  7.278878E-11  7.309635E-11  7.290680E-11  7.275695E-11  7.293005E-11  7.308812E-11  7.297869E-11  7.267684E-11  7.282383E-11  7.294543E-11  7.299299E-11  7.304413E-11  7.273979E-11  7.259137E-11  7.287032E-11  7.293613E-11  7.273443E-11
0.000000E+00  6.128657E-09  6.129247E-09  6.113887E-09  6.092483E-09  6.118893E-09  6.103766E-09  6.089747E-09  6.104409E-09  6.118053E-09  6.108969E-09  6.082684E-09  6.095737E-09  6.105894E-09  6.109899E-09  6.114155E-09  6.088906E-09  6.076139E-09  6.099456E-09  6.105536E-09  6.087780E-09
Gas           Sam
0.000000E+00  -1.116801E-13 -1.113762E-13 -1.112331E-13 -1.111973E-13 -1.111401E-13 -1.110543E-13 -1.110793E-13 -1.110042E-13 -1.109184E-13 -1.107646E-13 -1.108326E-13 -1.105786E-13 -1.106359E-13 -1.105643E-13 -1.105751E-13 -1.104249E-13 -1.103748E-13 -1.102747E-13 -1.103247E-13 -1.103247E-13
0.000000E+00  -2.911094E-14 -2.901080E-14 -2.908590E-14 -2.910021E-14 -2.929690E-14 -2.925399E-14 -2.922538E-14 -2.925756E-14 -2.899649E-14 -2.893570E-14 -2.893570E-14 -2.898219E-14 -2.917889E-14 -2.949002E-14 -2.953294E-14 -2.933267E-14 -2.933982E-14 -2.903941E-14 -2.885702E-14 -2.916458E-14
0.000000E+00  2.466276E-13  2.467027E-13  2.470210E-13  2.467635E-13  2.468386E-13  2.465596E-13  2.463450E-13  2.463772E-13  2.468779E-13  2.474287E-13  2.477648E-13  2.482154E-13  2.478328E-13  2.467027E-13  2.476575E-13  2.479150E-13  2.471676E-13  2.469530E-13  2.480259E-13  2.474752E-13
0.000000E+00  2.596645E-11  2.596667E-11  2.593609E-11  2.589203E-11  2.593287E-11  2.587490E-11  2.580141E-11  2.583528E-11  2.589357E-11  2.591556E-11  2.591961E-11  2.593666E-11  2.583077E-11  2.578399E-11  2.595619E-11  2.585044E-11  2.576593E-11  2.582083E-11  2.590283E-11  2.574709E-11
0.000000E+00  7.352693E-11  7.352586E-11  7.344324E-11  7.332058E-11  7.342143E-11  7.328625E-11  7.307381E-11  7.314927E-11  7.331986E-11  7.338746E-11  7.339174E-11  7.345219E-11  7.316107E-11  7.301516E-11  7.349617E-11  7.321257E-11  7.296402E-11  7.311673E-11  7.334704E-11  7.290608E-11
0.000000E+00  6.147182E-09  6.146842E-09  6.139833E-09  6.129050E-09  6.137973E-09  6.126422E-09  6.108129E-09  6.114798E-09  6.129068E-09  6.134325E-09  6.135416E-09  6.140172E-09  6.116229E-09  6.103569E-09  6.144679E-09  6.121254E-09  6.099027E-09  6.111884E-09  6.132161E-09  6.094432E-09
Gas           Ref
0.000000E+00  -1.184572E-13 -1.183678E-13 -1.185716E-13 -1.183463E-13 -1.183427E-13 -1.184786E-13 -1.184965E-13 -1.184858E-13 -1.183857E-13 -1.183928E-13 -1.184715E-13 -1.185752E-13 -1.183356E-13 -1.183606E-13 -1.185037E-13 -1.185752E-13 -1.185430E-13 -1.184178E-13 -1.182748E-13 -1.182676E-13
0.000000E+00  -3.180030E-14 -3.185037E-14 -3.154638E-14 -3.147486E-14 -3.173593E-14 -3.186825E-14 -3.169301E-14 -3.183607E-14 -3.199700E-14 -3.183249E-14 -3.163579E-14 -3.175023E-14 -3.172520E-14 -3.168228E-14 -3.176454E-14 -3.184322E-14 -3.188971E-14 -3.182534E-14 -3.206852E-14 -3.198269E-14
0.000000E+00  2.293720E-13  2.288177E-13  2.294257E-13  2.299192E-13  2.287748E-13  2.286246E-13  2.292039E-13  2.296116E-13  2.282634E-13  2.286424E-13  2.291646E-13  2.295866E-13  2.295258E-13  2.294829E-13  2.296653E-13  2.286711E-13  2.279987E-13  2.287676E-13  2.277662E-13  2.279880E-13
0.000000E+00  2.513300E-11  2.516741E-11  2.523235E-11  2.523024E-11  2.512381E-11  2.517660E-11  2.525599E-11  2.516801E-11  2.510600E-11  2.517316E-11  2.519877E-11  2.523017E-11  2.522999E-11  2.522241E-11  2.522935E-11  2.506101E-11  2.511011E-11  2.517045E-11  2.505601E-11  2.510822E-11
0.000000E+00  7.191152E-11  7.198591E-11  7.217939E-11  7.219226E-11  7.187147E-11  7.200987E-11  7.225413E-11  7.201166E-11  7.182283E-11  7.200415E-11  7.208784E-11  7.216758E-11  7.217188E-11  7.216580E-11  7.218368E-11  7.170874E-11  7.181317E-11  7.202668E-11  7.167406E-11  7.181532E-11
0.000000E+00  6.019008E-09  6.025517E-09  6.041574E-09  6.042880E-09  6.014985E-09  6.027788E-09  6.048387E-09  6.028127E-09  6.011426E-09  6.026840E-09  6.034350E-09  6.041503E-09  6.041449E-09  6.040770E-09  6.042075E-09  6.001931E-09  6.010943E-09  6.029057E-09  5.999088E-09  6.010926E-09
Gas           Sam
0.000000E+00  -1.117087E-13 -1.115657E-13 -1.114477E-13 -1.112045E-13 -1.111151E-13 -1.111294E-13 -1.109971E-13 -1.109613E-13 -1.109792E-13 -1.108540E-13 -1.105608E-13 -1.106287E-13 -1.106931E-13 -1.107861E-13 -1.104642E-13 -1.104177E-13 -1.103784E-13 -1.104570E-13 -1.104392E-13 -1.104463E-13
0.000000E+00  -2.946499E-14 -2.951148E-14 -2.966168E-14 -2.954367E-14 -2.962592E-14 -2.951506E-14 -2.955082E-14 -2.947214E-14 -2.941492E-14 -2.945426E-14 -2.944711E-14 -2.941849E-14 -2.944353E-14 -2.948287E-14 -2.943280E-14 -2.937916E-14 -2.944711E-14 -2.951506E-14 -2.947929E-14 -2.932194E-14
0.000000E+00  2.439525E-13  2.437487E-13  2.424648E-13  2.430549E-13  2.434518E-13  2.429797E-13  2.436449E-13  2.441063E-13  2.431300E-13  2.433159E-13  2.441134E-13  2.440133E-13  2.438917E-13  2.444889E-13  2.449217E-13  2.450862E-13  2.451148E-13  2.445605E-13  2.445354E-13  2.446892E-13
0.000000E+00  2.571837E-11  2.564548E-11  2.555815E-11  2.569237E-11  2.557857E-11  2.556123E-11  2.564037E-11  2.565378E-11  2.553008E-11  2.558340E-11  2.566065E-11  2.552357E-11  2.555189E-11  2.560700E-11  2.563214E-11  2.564126E-11  2.562395E-11  2.555883E-11  2.557800E-11  2.561777E-11
0.000000E+00  7.282776E-11  7.263822E-11  7.236786E-11  7.274551E-11  7.244332E-11  7.238037E-11  7.259245E-11  7.267077E-11  7.228990E-11  7.243187E-11  7.266075E-11  7.229919E-11  7.235426E-11  7.251699E-11  7.257707E-11  7.261176E-11  7.255919E-11  7.238073E-11  7.243616E-11  7.254881E-11
0.000000E+00  6.088460E-09  6.072312E-09  6.049263E-09  6.080985E-09  6.056112E-09  6.050747E-09  6.068665E-09  6.074995E-09  6.043344E-09  6.054735E-09  6.074351E-09  6.043773E-09  6.048476E-09  6.062192E-09  6.067216E-09  6.070489E-09  6.066268E-09  6.050300E-09  6.055111E-09  6.064480E-09
Gas           Ref
0.000000E+00  -1.182569E-13 -1.184250E-13 -1.184250E-13 -1.183427E-13 -1.181925E-13 -1.183749E-13 -1.183606E-13 -1.184286E-13 -1.183463E-13 -1.182140E-13 -1.182748E-13 -1.183678E-13 -1.184822E-13 -1.185573E-13 -1.184286E-13 -1.185573E-13 -1.185323E-13 -1.184465E-13 -1.183606E-13 -1.182891E-13
0.000000E+00  -3.183249E-14 -3.180745E-14 -3.206137E-14 -3.215435E-14 -3.216866E-14 -3.211859E-14 -3.191832E-14 -3.189686E-14 -3.190759E-14 -3.181818E-14 -3.201130E-14 -3.208640E-14 -3.202203E-14 -3.203276E-14 -3.191474E-14 -3.211859E-14 -3.206137E-14 -3.216866E-14 -3.202918E-14 -3.206494E-14
0.000000E+00  2.259209E-13  2.262428E-13  2.262392E-13  2.250840E-13  2.250375E-13  2.251878E-13  2.253487E-13  2.254703E-13  2.258279E-13  2.259745E-13  2.254023E-13  2.244439E-13  2.253308E-13  2.260317E-13  2.262142E-13  2.247765E-13  2.243688E-13  2.253129E-13  2.258565E-13  2.257027E-13
0.000000E+00  2.494725E-11  2.495455E-11  2.490773E-11  2.479880E-11  2.486424E-11  2.480330E-11  2.484296E-11  2.489203E-11  2.494807E-11  2.495079E-11  2.480012E-11  2.477595E-11  2.493105E-11  2.493666E-11  2.488277E-11  2.474473E-11  2.478496E-11  2.491939E-11  2.490977E-11  2.481893E-11
0.000000E+00  7.136149E-11  7.139761E-11  7.126600E-11  7.094628E-11  7.112689E-11  7.095952E-11  7.107503E-11  7.120020E-11  7.137222E-11  7.139189E-11  7.096881E-11  7.086260E-11  7.131249E-11  7.134111E-11  7.119626E-11  7.079501E-11  7.090480E-11  7.129211E-11  7.126636E-11  7.102103E-11
0.000000E+00  5.973589E-09  5.976236E-09  5.966079E-09  5.938077E-09  5.953491E-09  5.939758E-09  5.948984E-09  5.959391E-09  5.974429E-09  5.976468E-09  5.940545E-09  5.931926E-09  5.969137E-09  5.972051E-09  5.959552E-09  5.925363E-09  5.934983E-09  5.967491E-09  5.965328E-09  5.944943E-09
Gas           Sam
0.000000E+00  -1.120628E-13 -1.118411E-13 -1.116086E-13 -1.115836E-13 -1.113619E-13 -1.112760E-13 -1.112724E-13 -1.111473E-13 -1.111044E-13 -1.109863E-13 -1.110042E-13 -1.108576E-13 -1.109005E-13 -1.107360E-13 -1.106788E-13 -1.106716E-13 -1.105894E-13 -1.106108E-13 -1.105179E-13 -1.107002E-13
0.000000E+00  -3.011945E-14 -2.996567E-14 -3.001216E-14 -2.991560E-14 -2.975824E-14 -2.978685E-14 -2.988341E-14 -2.981189E-14 -2.986195E-14 -2.984765E-14 -2.970460E-14 -2.986553E-14 -2.982262E-14 -2.983692E-14 -2.977255E-14 -2.988699E-14 -2.997998E-14 -2.991918E-14 -2.985838E-14 -2.995852E-14
0.000000E+00  2.388384E-13  2.396395E-13  2.400543E-13  2.406194E-13  2.407339E-13  2.399542E-13  2.399220E-13  2.409556E-13  2.406373E-13  2.407625E-13  2.408805E-13  2.409520E-13  2.415636E-13  2.417888E-13  2.418747E-13  2.412596E-13  2.403405E-13  2.406981E-13  2.413061E-13  2.406015E-13
0.000000E+00  2.532036E-11  2.538713E-11  2.541324E-11  2.541803E-11  2.539944E-11  2.527019E-11  2.536020E-11  2.542490E-11  2.534347E-11  2.536357E-11  2.537973E-11  2.539461E-11  2.539092E-11  2.538731E-11  2.540705E-11  2.528457E-11  2.523532E-11  2.534733E-11  2.525388E-11  2.524083E-11
0.000000E+00  7.170731E-11  7.189185E-11  7.196052E-11  7.199091E-11  7.194085E-11  7.156749E-11  7.181174E-11  7.201417E-11  7.177420E-11  7.181997E-11  7.187576E-11  7.191975E-11  7.190902E-11  7.190401E-11  7.195015E-11  7.161612E-11  7.146949E-11  7.176096E-11  7.153637E-11  7.148630E-11
0.000000E+00  5.994278E-09  6.009424E-09  6.015825E-09  6.017935E-09  6.014520E-09  5.982494E-09  6.002897E-09  6.020206E-09  5.999535E-09  6.003648E-09  6.008458E-09  6.011909E-09  6.011158E-09  6.011283E-09  6.014859E-09  5.986678E-09  5.974376E-09  5.999142E-09  5.980527E-09  5.975342E-09
Gas           Ref
0.000000E+00  -1.183177E-13 -1.183499E-13 -1.183427E-13 -1.183535E-13 -1.184858E-13 -1.184214E-13 -1.183320E-13 -1.185073E-13 -1.184894E-13 -1.185216E-13 -1.183606E-13 -1.184429E-13 -1.183106E-13 -1.182533E-13 -1.182212E-13 -1.184786E-13 -1.184965E-13 -1.183642E-13 -1.183821E-13 -1.183249E-13
0.000000E+00  -3.222945E-14 -3.240111E-14 -3.247622E-14 -3.248337E-14 -3.218296E-14 -3.245834E-14 -3.261569E-14 -3.252629E-14 -3.276232E-14 -3.254774E-14 -3.245476E-14 -3.239754E-14 -3.239396E-14 -3.253344E-14 -3.240469E-14 -3.244046E-14 -3.249768E-14 -3.256563E-14 -3.251913E-14 -3.249052E-14
0.000000E+00  2.217652E-13  2.216794E-13  2.220979E-13  2.224412E-13  2.226486E-13  2.220442E-13  2.213254E-13  2.222016E-13  2.224054E-13  2.218511E-13  2.217474E-13  2.217295E-13  2.218761E-13  2.219941E-13  2.216723E-13  2.205529E-13  2.210464E-13  2.207746E-13  2.204849E-13  2.209677E-13
0.000000E+00  2.451813E-11  2.456777E-11  2.460815E-11  2.462428E-11  2.465246E-11  2.448673E-11  2.451223E-11  2.465864E-11  2.460167E-11  2.454989E-11  2.456817E-11  2.457882E-11  2.457414E-11  2.459295E-11  2.448873E-11  2.444285E-11  2.455858E-11  2.443416E-11  2.448194E-11  2.452485E-11
0.000000E+00  7.013626E-11  7.027895E-11  7.040269E-11  7.044632E-11  7.053251E-11  7.007438E-11  7.012553E-11  7.055111E-11  7.039518E-11  7.023925E-11  7.028753E-11  7.032616E-11  7.030362E-11  7.035262E-11  7.008977E-11  6.992991E-11  7.026929E-11  6.990308E-11  7.005293E-11  7.017488E-11
0.000000E+00  5.870235E-09  5.882769E-09  5.892837E-09  5.896771E-09  5.903869E-09  5.865460E-09  5.869072E-09  5.906051E-09  5.892390E-09  5.879676E-09  5.883163E-09  5.886328E-09  5.884987E-09  5.888974E-09  5.866801E-09  5.853319E-09  5.881839E-09  5.850726E-09  5.863028E-09  5.873489E-09
Gas           Sam
0.000000E+00  -1.119841E-13 -1.117588E-13 -1.116086E-13 -1.117302E-13 -1.115836E-13 -1.116408E-13 -1.112045E-13 -1.110471E-13 -1.109935E-13 -1.109291E-13 -1.107503E-13 -1.105822E-13 -1.106216E-13 -1.106287E-13 -1.106931E-13 -1.106788E-13 -1.105250E-13 -1.103104E-13 -1.102246E-13 -1.103855E-13
0.000000E+00  -3.017667E-14 -3.009441E-14 -3.014091E-14 -3.013733E-14 -3.003004E-14 -2.996925E-14 -2.996567E-14 -2.997282E-14 -3.009441E-14 -2.997640E-14 -3.000858E-14 -3.001931E-14 -3.007653E-14 -3.008011E-14 -3.000143E-14 -3.019455E-14 -3.017667E-14 -3.013375E-14 -2.990845E-14 -2.995494E-14
0.000000E+00  2.358272E-13  2.364817E-13  2.373185E-13  2.376404E-13  2.368250E-13  2.364316E-13  2.371862E-13  2.379050E-13  2.374008E-13  2.367713E-13  2.371111E-13  2.381339E-13  2.371147E-13  2.371325E-13  2.382448E-13  2.382519E-13  2.374651E-13  2.377369E-13  2.381375E-13  2.381232E-13
0.000000E+00  2.505869E-11  2.512170E-11  2.517009E-11  2.515213E-11  2.500794E-11  2.505958E-11  2.511759E-11  2.517252E-11  2.501087E-11  2.502475E-11  2.509853E-11  2.508987E-11  2.498806E-11  2.504835E-11  2.512249E-11  2.507045E-11  2.497286E-11  2.503676E-11  2.506480E-11  2.508079E-11
0.000000E+00  7.096881E-11  7.113941E-11  7.127208E-11  7.124204E-11  7.082898E-11  7.095844E-11  7.112510E-11  7.128961E-11  7.083220E-11  7.086046E-11  7.107360E-11  7.106752E-11  7.075996E-11  7.092840E-11  7.115013E-11  7.100744E-11  7.072527E-11  7.088155E-11  7.098955E-11  7.103283E-11
0.000000E+00  5.932534E-09  5.947089E-09  5.958086E-09  5.956101E-09  5.920607E-09  5.931264E-09  5.945605E-09  5.959928E-09  5.921322E-09  5.923485E-09  5.941295E-09  5.941063E-09  5.915242E-09  5.929011E-09  5.948251E-09  5.936181E-09  5.911809E-09  5.925935E-09  5.934125E-09  5.938667E-09
Gas           Ref
0.000000E+00  -1.182033E-13 -1.184250E-13 -1.184071E-13 -1.185037E-13 -1.184214E-13 -1.185645E-13 -1.184715E-13 -1.184536E-13 -1.184357E-13 -1.184393E-13 -1.181925E-13 -1.182104E-13 -1.183678E-13 -1.182998E-13 -1.184321E-13 -1.183857E-13 -1.182212E-13 -1.182891E-13 -1.182820E-13 -1.182212E-13
0.000000E+00  -3.260139E-14 -3.269437E-14 -3.261569E-14 -3.284457E-14 -3.283385E-14 -3.299478E-14 -3.294471E-14 -3.268007E-14 -3.262285E-14 -3.274801E-14 -3.297690E-14 -3.309134E-14 -3.282669E-14 -3.267291E-14 -3.272298E-14 -3.286603E-14 -3.303054E-14 -3.263715E-14 -3.282669E-14 -3.300551E-14
0.000000E+00  2.196266E-13  2.195945E-13  2.197482E-13  2.184179E-13  2.179565E-13  2.189042E-13  2.183499E-13  2.176883E-13  2.182605E-13  2.186789E-13  2.178170E-13  2.173485E-13  2.179637E-13  2.185323E-13  2.178886E-13  2.172126E-13  2.177312E-13  2.179887E-13  2.172305E-13  2.173020E-13
0.000000E+00  2.437808E-11  2.436918E-11  2.432984E-11  2.418178E-11  2.426060E-11  2.435945E-11  2.417563E-11  2.420635E-11  2.427856E-11  2.430094E-11  2.416866E-11  2.418339E-11  2.427534E-11  2.430881E-11  2.413712E-11  2.416533E-11  2.425381E-11  2.416690E-11  2.414298E-11  2.421157E-11
0.000000E+00  6.974930E-11  6.972463E-11  6.962807E-11  6.918782E-11  6.939024E-11  6.968887E-11  6.918425E-11  6.923288E-11  6.946141E-11  6.953079E-11  6.915814E-11  6.919104E-11  6.944747E-11  6.956011E-11  6.906695E-11  6.913311E-11  6.938345E-11  6.916565E-11  6.907482E-11  6.926114E-11
0.000000E+00  5.838388E-09  5.836349E-09  5.828249E-09  5.790662E-09  5.808204E-09  5.833542E-09  5.790859E-09  5.795025E-09  5.813568E-09  5.820167E-09  5.789000E-09  5.791109E-09  5.812960E-09  5.822885E-09  5.781042E-09  5.786263E-09  5.808150E-09  5.789571E-09  5.781149E-09  5.797547E-09
 Gas          
0.000000E+00  0.000000E+00  0.000000E+00  0.000000E+00  0.000000E+00  0.000000E+00  0.000000E+00  0.000000E+00  0.000000E+00  0.000000E+00  0.000000E+00  0.000000E+00  0.000000E+00  0.000000E+00  0.000000E+00  0.000000E+00  0.000000E+00  0.000000E+00  0.000000E+00  0.000000E+00  0.000000E+00
0.000000E+00  0.000000E+00  0.000000E+00  0.000000E+00  0.000000E+00  0.000000E+00  0.000000E+00  0.000000E+00  0.000000E+00  0.000000E+00  0.000000E+00  0.000000E+00  0.000000E+00  0.000000E+00  0.000000E+00  0.000000E+00  0.000000E+00  0.000000E+00  0.000000E+00  0.000000E+00  0.000000E+00
0.000000E+00  0.000000E+00  0.000000E+00  0.000000E+00  0.000000E+00  0.000000E+00  0.000000E+00  0.000000E+00  0.000000E+00  0.000000E+00  0.000000E+00  0.000000E+00  0.000000E+00  0.000000E+00  0.000000E+00  0.000000E+00  0.000000E+00  0.000000E+00  0.000000E+00  0.000000E+00  0.000000E+00
0.000000E+00  0.000000E+00  0.000000E+00  0.000000E+00  0.000000E+00  0.000000E+00  0.000000E+00  0.000000E+00  0.000000E+00  0.000000E+00  0.000000E+00  0.000000E+00  0.000000E+00  0.000000E+00  0.000000E+00  0.000000E+00  0.000000E+00  0.000000E+00  0.000000E+00  0.000000E+00  0.000000E+00
0.000000E+00  0.000000E+00  0.000000E+00  0.000000E+00  0.000000E+00  0.000000E+00  0.000000E+00  0.000000E+00  0.000000E+00  0.000000E+00  0.000000E+00  0.000000E+00  0.000000E+00  0.000000E+00  0.000000E+00  0.000000E+00  0.000000E+00  0.000000E+00  0.000000E+00  0.000000E+00  0.000000E+00
0.000000E+00  0.000000E+00  0.000000E+00  0.000000E+00  0.000000E+00  0.000000E+00  0.000000E+00  0.000000E+00  0.000000E+00  0.000000E+00  0.000000E+00  0.000000E+00  0.000000E+00  0.000000E+00  0.000000E+00  0.000000E+00  0.000000E+00  0.000000E+00  0.000000E+00  0.000000E+00  0.000000E+00
End of Analysis
"H3 factor",13.13339
"Linearity factor (0)",52.88039
"Linearity factor (1)",18.00761
"Linearity factor (2)",-.1321419
"Linearity factor (3)",9.804096E-04
"Linearity factor (4)",-7.965973E-02
"Linearity factor (5)",0
"Collector Gains :",500,5000,5000,5000,500,500,50,500,1,5
"Number of deflectors available : ",33
"Source HT",8000
"Extraction V",780
"H Defl",310
"Trap",850
"Trap Voltage",24
"Repeller",4
"Filament V",-110
"Delta HP",19
"Z Lens",110
"Delta Z",130
"Max Current",3.5
"Heater Current",1
"Quad 1",120
"Cubic 1",50
"Lin 1",0
"Deflect 1 I",5
"Deflect 1 O",5
"Offset 1",0
"Offset 2",0
"Quad 2",-620
"Cubic 2",0
"Lin 2",0
"Q1 I Cor",0
"Q1 O Cor",0
"Suppressor",-100
"Mop Plate",-15
"ESA H1",790
"ESA H1 delta",0
"ESA H2",800
"ESA H2 delta",0
"ESA H3",820
"ESA H3 delta",0
"ESA HD",0
"ESA HD delta",0
"Batch Started: ","13:02:19 15:29:56"
"Data File: ","C:\Nu Stable\Results\2019\201902013 standard PD4 BSS WNI ZE NTA\Data_9280 PD4 123.txt"
"Sample Name: ","PD4 123"
"Sample Weight: ",77
"Sample Type: ","Sam"
"Vial Number: ",3
"Sam Beam First CO: ","6.248251e-09"
"Sam Beam Last CO: ","5.931613e-09"
"Ref Beam First CO: ","6.252090e-09"
"Ref Beam Second CO: ","6.177124e-09"
"Ref BeamLast CO: ","5.801467e-09"
"Sam Depletion: ","5 %"
"Ref Depletion: ","7 %"
"Observed CP Temperature: ",70.256
"Std Dev: ","0.000e00"
"Min: ","70.256"
"Max: ","70.256"
"Ave Started: ","13:02:19 16:05:17"
"Ave Stopped: ","13:02:19 16:09:02"
"Num: ",8
"Current Mass: ",46.03441
"Method File Name","C:\Nu Stable\Analyses\DI\040216 12-12-20 6 collectors.rdf"
"Version 6"
"Analysis Type","DI"
"Analysis Calculation Routine ","Clumped CO2 Iterative"
"Gas ID ","CO2"
"Ref Gas Identifier ","AirLiquide01"
"Centring collector ",8
"Num of Ref/Sam cycles ",6
"Cycles length(secs) ",20
"C/O valve stabilisation time ",12
"Offset for zero measurement(amu) ",0
"Zero measurement time ",20
"Spare",0
"Spare",0
0
-1
-1
-1
-1
0
-1
0
-1
0
"Num Clumped Blocks","1"
"Do zero at start of block",#FALSE#
"Balance beams",#FALSE#
"Mag Hysteresis Offset",.001
"Apply Hysteresis Offset",#FALSE#
"Target Beam (A) ",.00000005
"Use CF with Bellows ",#FALSE#
"DI Auto Gas balancing: ","True"
"Pirani pressure",3.322723E-02
"Cold finger status","CF"
"Inlet transducer pressure",1.342669
"Sample operations:  InitialisePrepSampleRun; CheckIfCFRequired; UseCF; SampleTrapped; BalanceRefToSamValue; DepletingBalance; SampleReady;"
"Number of sample chops",0
"Number of sample double chops",0
"Run from bellows",#FALSE#
"Max sample pump-over pressure (mBar)","0.000000e00"
"Max sample pump-over pressure (raw)",0
"Pre-balance Sam Beam","6.496188e-09"
"Min ref beam","3.076175e-09"
"Max ref beam","1.847659e-08"
"Ref bellows position",4555
"Sam bellows position",8446
"Balance %",.143488
"Initial Sam Beam","6.762499e-09"
"Final Ref Beam","6.480223e-09"
"Final Sam Beam","6.489521e-09"
"Pre-depleted Ref Beam",6.492561E-09
"InletPiraniPressure",3.322723E-02
"Depletion Factor",.96
"Balance End","13/02/19 16:48:57"
"Water Trap Temperature Hot",-195.1766
"Water Trap Temperature Cold",-195.1766
"DP Version",25
"Num Gas Cycles ",1
"UseFrontHeightThreshold(1)",#TRUE#
"FrontHeightThreshold(1)",2
"UseBackHeightThreshold(1)",#TRUE#
"BackHeightThreshold(1)",2.7
"UsePeakWidthLimit(1)",#FALSE#
"PeakWidthLimit(1)",6
"RefGasFrontHeightThreshold(1)",40
"RefGasBackHeightThreshold(1)",10
"Measure_Elemental_Comp",#TRUE#
"Use_TCD_For_Elem_Calcs",#FALSE#
"Sample_Name","PD4 123"
"Sample_Type","Sam"
"Sample_Weight",77
"Sample_Vial",3
"Standard_Type",""
"NoAnalysisCycles",1
"Gas1","CO2"
"Ref Gas1","AirLiquide01"
"Analysis_Routine1","Clumped CO2 Iterative"
"ZeroWidth1",10
"NoZeros1",1
"ZeroTime1",10
"Delta wrt Std 1",#FALSE#
"AllowLinearityCorrection",#FALSE#
"Num Collectors",6
"LinearityFactor(Cent)",52880.39
"LinearityFactor(Low2)",18007.61
"LinearityFactor(Low4)",-132.1419
"LinearityFactor()",.9804096
"LinearityFactor()",-79.65973
"LinearityFactor()",0
"UseH3Factor",#FALSE#
"H3Factor",0
"Axial Mass",46
"Anal Start",0
"Anal End",0
"Calc Linearity Correction from Ref Peaks",#FALSE#
"Temperature",25
"Std Temperature",25
"A_Factor",1.01025
"K_Factor",.04
"TemperatureCorrectionEnabled",#FALSE#
"GC ZeroMethod","Lowest Peak Limit"
"GC AllowZeroToCutPoints",#FALSE#
"GC UseIsotopicShift",#TRUE#
"GC InterpolatePeakHeight",#TRUE#
"GC NumZeroPoints",10
"GC Min Peak Height",.0000000001
"GC No UserPeaks",0
"SmoothingInterval",10
"DropFactor",1
"GradientRejectfactor",10
"SectionSize",100
"BackgroundStartTime",1
"CutOffTime",1000
"UseNewBackgroundCalcn",#FALSE#
"GC Label File","None.lab"
"GC No User Defined Background Points",0
"GC No Auto-detected Peaks to be Removed",0
"GC No Auto-calculated Background Points to Remove",0
"GC Std Peak In Sample",#FALSE#
"GC Std Peak Time",0
"Max Gap For Grouping EA Ref Pulses",20
"Group EA Ref Peaks",#FALSE#
"Use Defined Peak Limits (1)",#FALSE#
"Peak Start (1)",0
"Peak End (1)",0
"DP Version",25
"Num Gas Cycles ",1
"UseFrontHeightThreshold(1)",#TRUE#
"FrontHeightThreshold(1)",2
"UseBackHeightThreshold(1)",#TRUE#
"BackHeightThreshold(1)",2.7
"UsePeakWidthLimit(1)",#FALSE#
"PeakWidthLimit(1)",6
"RefGasFrontHeightThreshold(1)",40
"RefGasBackHeightThreshold(1)",10
"Measure_Elemental_Comp",#TRUE#
"Use_TCD_For_Elem_Calcs",#FALSE#
"Sample_Name","PD4 123"
"Sample_Type","Sam"
"Sample_Weight",77
"Sample_Vial",3
"Standard_Type",""
"NoAnalysisCycles",1
"Gas1","CO2"
"Ref Gas1","AirLiquide01"
"Analysis_Routine1","Clumped CO2 Iterative"
"ZeroWidth1",10
"NoZeros1",1
"ZeroTime1",10
"Delta wrt Std 1",#FALSE#
"AllowLinearityCorrection",#FALSE#
"Num Collectors",6
"LinearityFactor(Cent)",52880.39
"LinearityFactor(Low2)",18007.61
"LinearityFactor(Low4)",-132.1419
"LinearityFactor()",.9804096
"LinearityFactor()",-79.65973
"LinearityFactor()",0
"UseH3Factor",#FALSE#
"H3Factor",0
"Axial Mass",46
"Anal Start",0
"Anal End",0
"Calc Linearity Correction from Ref Peaks",#FALSE#
"Temperature",25
"Std Temperature",25
"A_Factor",1.01025
"K_Factor",.04
"TemperatureCorrectionEnabled",#FALSE#
"GC ZeroMethod","Lowest Peak Limit"
"GC AllowZeroToCutPoints",#FALSE#
"GC UseIsotopicShift",#TRUE#
"GC InterpolatePeakHeight",#TRUE#
"GC NumZeroPoints",10
"GC Min Peak Height",.0000000001
"GC No UserPeaks",0
"SmoothingInterval",10
"DropFactor",1
"GradientRejectfactor",10
"SectionSize",100
"BackgroundStartTime",1
"CutOffTime",1000
"UseNewBackgroundCalcn",#FALSE#
"GC Label File","None.lab"
"GC No User Defined Background Points",0
"GC No Auto-detected Peaks to be Removed",0
"GC No Auto-calculated Background Points to Remove",0
"GC Std Peak In Sample",#FALSE#
"GC Std Peak Time",0
"Max Gap For Grouping EA Ref Pulses",20
"Group EA Ref Peaks",#FALSE#
"Use Defined Peak Limits (1)",#FALSE#
"Peak Start (1)",0
"Peak End (1)",0
"End of Data file"


