"Clumped CO2 Iterative Analysis,         Data File Version 10"
"Started analysis at 8:27:33 AM on the Thursday, February 14, 2019"
"UTC FileTimeLow",178802816," UTC FileTimeHigh",30721129
"Time Zone ","Eastern Daylight Time"
"CO Disabled",#FALSE#
"Persective Instrument","PS019"
"User logged in",#FALSE#
"Software Version","Stable 1.69.5"
"Axial Mass is :",46
"No_C_O_Cycles",6
"Num Blocks",1
0
-1
-1
-1
-1
0
-1
0
-1
0
"Sample Name is ","WNI-8"
Zero Data
-1.107102497649E-13, -5.740004351278E-14, -6.063675698164E-14, -3.068271260302E-14, 1.137436522871E-13, 4.214648421930E-12, Measured at start of run
Individual Data
No_C_O_Cycles                6 
Cycle_Length   20 
Zero_Measurement_Length      20 
Axial_Mass     46 
 Gas          Bla
0.000000E+00  -1.106859E-13 -1.105679E-13 -1.104570E-13 -1.105679E-13 -1.106537E-13 -1.106967E-13 -1.106645E-13 -1.108898E-13 -1.108147E-13 -1.107825E-13 -1.107896E-13 -1.106502E-13 -1.106466E-13 -1.107002E-13 -1.107646E-13 -1.108147E-13 -1.107753E-13 -1.108004E-13 -1.107896E-13 -1.106931E-13
0.000000E+00  -5.727773E-14 -5.740648E-14 -5.732065E-14 -5.732065E-14 -5.733138E-14 -5.736356E-14 -5.729562E-14 -5.729562E-14 -5.734568E-14 -5.744582E-14 -5.740291E-14 -5.742436E-14 -5.743867E-14 -5.738860E-14 -5.728489E-14 -5.744224E-14 -5.756026E-14 -5.760318E-14 -5.761749E-14 -5.743509E-14
0.000000E+00  -6.065732E-14 -6.062156E-14 -6.078607E-14 -6.067521E-14 -6.068593E-14 -6.044275E-14 -6.047136E-14 -6.051427E-14 -6.063586E-14 -6.068593E-14 -6.059295E-14 -6.063586E-14 -6.065017E-14 -6.068236E-14 -6.059652E-14 -6.066447E-14 -6.078964E-14 -6.068951E-14 -6.053930E-14 -6.071812E-14
0.000000E+00  -3.014806E-14 -3.014806E-14 -3.043416E-14 -3.025535E-14 -2.996924E-14 -3.014806E-14 -3.032687E-14 -3.046993E-14 -3.014806E-14 -3.039840E-14 -3.075603E-14 -3.111365E-14 -3.072026E-14 -3.086332E-14 -3.097060E-14 -3.082755E-14 -3.147129E-14 -3.143552E-14 -3.150705E-14 -3.154281E-14
0.000000E+00  1.151563E-13  1.147987E-13  1.147987E-13  1.151563E-13  1.158715E-13  1.144410E-13  1.147987E-13  1.140834E-13  1.122953E-13  1.144410E-13  1.137258E-13  1.137258E-13  1.133681E-13  1.126529E-13  1.144410E-13  1.126529E-13  1.144410E-13  1.122953E-13  1.108647E-13  1.108647E-13
0.000000E+00  4.363064E-12  4.363064E-12  4.380946E-12  4.363064E-12  4.291538E-12  4.363064E-12  4.309420E-12  4.273657E-12  4.237894E-12  4.184250E-12  4.273657E-12  4.220013E-12  4.184250E-12  4.166369E-12  4.202131E-12  4.005436E-12  4.005436E-12  4.059080E-12  4.041199E-12  4.005436E-12
Gas           Ref
0.000000E+00  -1.099135E-13 -1.098705E-13 -1.099170E-13 -1.099135E-13 -1.097561E-13 -1.099957E-13 -1.101781E-13 -1.099599E-13 -1.099170E-13 -1.098527E-13 -1.099635E-13 -1.100064E-13 -1.100315E-13 -1.099671E-13 -1.099885E-13 -1.099385E-13 -1.098777E-13 -1.099135E-13 -1.098848E-13 -1.100493E-13
0.000000E+00  -1.011373E-14 -1.026393E-14 -1.023174E-14 -1.007796E-14 -1.021029E-14 -1.027108E-14 -1.032473E-14 -1.020671E-14 -1.008869E-14 -1.021744E-14 -1.023532E-14 -1.024605E-14 -1.046063E-14 -1.035334E-14 -1.031400E-14 -1.028896E-14 -1.035691E-14 -1.026393E-14 -1.058222E-14 -1.044274E-14
0.000000E+00  4.382591E-13  4.367320E-13  4.362313E-13  4.367749E-13  4.369573E-13  4.361061E-13  4.366068E-13  4.371361E-13  4.371397E-13  4.373972E-13  4.372076E-13  4.367642E-13  4.362957E-13  4.364209E-13  4.354803E-13  4.353337E-13  4.357771E-13  4.359631E-13  4.349832E-13  4.349975E-13
0.000000E+00  4.275503E-11  4.262406E-11  4.266519E-11  4.271980E-11  4.265728E-11  4.262624E-11  4.268082E-11  4.272817E-11  4.274855E-11  4.274508E-11  4.268049E-11  4.267012E-11  4.263722E-11  4.260203E-11  4.253884E-11  4.256720E-11  4.266415E-11  4.257911E-11  4.250125E-11  4.256938E-11
0.000000E+00  1.221515E-10  1.217674E-10  1.218740E-10  1.220338E-10  1.218715E-10  1.217653E-10  1.219194E-10  1.220617E-10  1.220978E-10  1.220914E-10  1.219244E-10  1.218858E-10  1.217878E-10  1.217066E-10  1.215128E-10  1.215789E-10  1.218471E-10  1.216451E-10  1.214194E-10  1.215847E-10
0.000000E+00  1.022733E-08  1.019405E-08  1.020270E-08  1.021662E-08  1.020403E-08  1.019432E-08  1.020733E-08  1.021951E-08  1.022271E-08  1.022278E-08  1.020794E-08  1.020523E-08  1.019612E-08  1.018992E-08  1.017325E-08  1.017914E-08  1.020170E-08  1.018438E-08  1.016540E-08  1.017942E-08
Gas           Sam
0.000000E+00  -1.058866E-13 -1.058007E-13 -1.056541E-13 -1.055111E-13 -1.055790E-13 -1.055111E-13 -1.054395E-13 -1.053608E-13 -1.052893E-13 -1.052285E-13 -1.052250E-13 -1.052714E-13 -1.051391E-13 -1.050712E-13 -1.049174E-13 -1.048995E-13 -1.048351E-13 -1.047708E-13 -1.048244E-13 -1.048387E-13
0.000000E+00  -8.397110E-15 -8.418568E-15 -8.490094E-15 -8.536585E-15 -8.490094E-15 -8.604534E-15 -8.640298E-15 -8.429297E-15 -8.597382E-15 -8.411415E-15 -8.389957E-15 -8.744010E-15 -8.783349E-15 -8.661756E-15 -8.361348E-15 -8.375653E-15 -8.525857E-15 -8.511551E-15 -8.597382E-15 -8.647450E-15
0.000000E+00  4.531042E-13  4.536406E-13  4.545383E-13  4.547457E-13  4.546849E-13  4.554538E-13  4.557686E-13  4.557507E-13  4.548888E-13  4.545848E-13  4.545848E-13  4.539017E-13  4.541127E-13  4.550462E-13  4.557471E-13  4.559509E-13  4.561548E-13  4.564015E-13  4.548566E-13  4.541127E-13
0.000000E+00  4.315800E-11  4.324405E-11  4.326790E-11  4.326411E-11  4.326697E-11  4.328753E-11  4.328993E-11  4.322180E-11  4.315117E-11  4.316916E-11  4.310239E-11  4.307979E-11  4.309821E-11  4.319073E-11  4.320524E-11  4.322058E-11  4.324076E-11  4.322330E-11  4.300837E-11  4.301077E-11
0.000000E+00  1.229483E-10  1.231754E-10  1.232762E-10  1.232766E-10  1.232848E-10  1.233188E-10  1.233335E-10  1.231479E-10  1.229340E-10  1.230137E-10  1.228027E-10  1.227258E-10  1.227849E-10  1.230388E-10  1.230910E-10  1.231375E-10  1.231836E-10  1.231400E-10  1.225474E-10  1.225395E-10
0.000000E+00  1.024295E-08  1.026216E-08  1.027099E-08  1.027058E-08  1.027090E-08  1.027496E-08  1.027557E-08  1.026012E-08  1.024211E-08  1.024843E-08  1.023153E-08  1.022454E-08  1.022983E-08  1.025029E-08  1.025533E-08  1.025942E-08  1.026286E-08  1.025992E-08  1.021002E-08  1.020868E-08
Gas           Ref
0.000000E+00  -1.100529E-13 -1.099921E-13 -1.100029E-13 -1.101102E-13 -1.100780E-13 -1.099635E-13 -1.098276E-13 -1.099993E-13 -1.100136E-13 -1.099027E-13 -1.099063E-13 -1.099528E-13 -1.099778E-13 -1.100708E-13 -1.102317E-13 -1.101209E-13 -1.100172E-13 -1.099313E-13 -1.098741E-13 -1.099707E-13
0.000000E+00  -1.076461E-14 -1.089336E-14 -1.097203E-14 -1.098992E-14 -1.089693E-14 -1.085402E-14 -1.093985E-14 -1.114727E-14 -1.091124E-14 -1.092197E-14 -1.099349E-14 -1.084329E-14 -1.081825E-14 -1.086832E-14 -1.102925E-14 -1.089336E-14 -1.098992E-14 -1.091124E-14 -1.106144E-14 -1.087905E-14
0.000000E+00  4.320900E-13  4.312174E-13  4.307024E-13  4.312388E-13  4.310457E-13  4.310707E-13  4.308526E-13  4.305307E-13  4.300801E-13  4.294471E-13  4.291717E-13  4.290179E-13  4.284994E-13  4.288856E-13  4.296653E-13  4.297225E-13  4.303447E-13  4.288427E-13  4.277198E-13  4.278056E-13
0.000000E+00  4.225406E-11  4.214956E-11  4.218225E-11  4.219834E-11  4.217363E-11  4.217663E-11  4.217806E-11  4.215635E-11  4.210200E-11  4.197847E-11  4.207346E-11  4.197858E-11  4.201202E-11  4.208215E-11  4.211294E-11  4.211269E-11  4.212664E-11  4.189629E-11  4.192990E-11  4.199664E-11
0.000000E+00  1.207156E-10  1.203891E-10  1.204839E-10  1.205497E-10  1.204742E-10  1.204917E-10  1.204796E-10  1.204202E-10  1.202675E-10  1.199263E-10  1.201810E-10  1.199313E-10  1.200175E-10  1.202171E-10  1.202854E-10  1.202990E-10  1.203698E-10  1.196996E-10  1.197607E-10  1.199438E-10
0.000000E+00  1.010736E-08  1.007943E-08  1.008778E-08  1.009279E-08  1.008665E-08  1.008748E-08  1.008776E-08  1.008261E-08  1.006984E-08  1.003988E-08  1.006199E-08  1.004059E-08  1.004721E-08  1.006428E-08  1.007138E-08  1.007203E-08  1.007787E-08  1.002164E-08  1.002695E-08  1.004202E-08
Gas           Sam
0.000000E+00  -1.060546E-13 -1.059938E-13 -1.059438E-13 -1.058401E-13 -1.056970E-13 -1.056326E-13 -1.055754E-13 -1.054431E-13 -1.056005E-13 -1.053251E-13 -1.051713E-13 -1.050247E-13 -1.051498E-13 -1.051785E-13 -1.050640E-13 -1.050533E-13 -1.050998E-13 -1.050497E-13 -1.050497E-13 -1.050890E-13
0.000000E+00  -9.094485E-15 -9.108791E-15 -9.087333E-15 -8.904943E-15 -8.987197E-15 -9.112367E-15 -9.005078E-15 -9.158858E-15 -9.166011E-15 -9.169587E-15 -9.198198E-15 -9.241113E-15 -9.183893E-15 -9.258994E-15 -9.166011E-15 -8.847722E-15 -9.069451E-15 -9.112367E-15 -9.226808E-15 -9.251842E-15
0.000000E+00  4.471747E-13  4.479043E-13  4.485623E-13  4.490595E-13  4.495029E-13  4.491095E-13  4.492204E-13  4.481797E-13  4.481511E-13  4.491203E-13  4.496710E-13  4.498140E-13  4.481260E-13  4.481618E-13  4.497175E-13  4.497068E-13  4.480330E-13  4.484336E-13  4.490595E-13  4.494743E-13
0.000000E+00  4.267341E-11  4.274176E-11  4.279115E-11  4.278946E-11  4.279336E-11  4.274759E-11  4.273289E-11  4.261730E-11  4.265825E-11  4.272924E-11  4.275395E-11  4.270041E-11  4.258061E-11  4.261158E-11  4.277795E-11  4.265317E-11  4.255861E-11  4.260553E-11  4.267470E-11  4.268765E-11
0.000000E+00  1.215789E-10  1.217770E-10  1.219130E-10  1.219362E-10  1.219330E-10  1.217903E-10  1.217645E-10  1.214108E-10  1.215382E-10  1.217341E-10  1.218085E-10  1.216701E-10  1.213078E-10  1.213815E-10  1.218607E-10  1.215335E-10  1.212413E-10  1.213729E-10  1.215793E-10  1.216211E-10
0.000000E+00  1.012860E-08  1.014523E-08  1.015712E-08  1.015875E-08  1.015904E-08  1.014682E-08  1.014461E-08  1.011530E-08  1.012503E-08  1.014198E-08  1.014833E-08  1.013683E-08  1.010611E-08  1.011317E-08  1.015299E-08  1.012610E-08  1.010108E-08  1.011213E-08  1.012943E-08  1.013318E-08
Gas           Ref
0.000000E+00  -1.100315E-13 -1.099313E-13 -1.099349E-13 -1.098884E-13 -1.098991E-13 -1.100172E-13 -1.099564E-13 -1.098848E-13 -1.098312E-13 -1.098562E-13 -1.099313E-13 -1.099707E-13 -1.100744E-13 -1.100637E-13 -1.099349E-13 -1.099456E-13 -1.099528E-13 -1.098634E-13 -1.096667E-13 -1.099743E-13
0.000000E+00  -1.155854E-14 -1.148702E-14 -1.130105E-14 -1.133324E-14 -1.136900E-14 -1.144410E-14 -1.159788E-14 -1.163007E-14 -1.166941E-14 -1.137615E-14 -1.150132E-14 -1.163007E-14 -1.169444E-14 -1.171948E-14 -1.146914E-14 -1.147987E-14 -1.173021E-14 -1.172663E-14 -1.148702E-14 -1.154066E-14
0.000000E+00  4.232923E-13  4.230741E-13  4.236643E-13  4.242329E-13  4.231600E-13  4.225270E-13  4.238144E-13  4.232279E-13  4.224555E-13  4.233460E-13  4.239647E-13  4.229454E-13  4.224376E-13  4.231529E-13  4.232172E-13  4.229204E-13  4.220299E-13  4.223804E-13  4.213969E-13  4.219691E-13
0.000000E+00  4.149184E-11  4.153830E-11  4.161727E-11  4.156970E-11  4.148895E-11  4.152436E-11  4.162521E-11  4.143459E-11  4.148298E-11  4.159302E-11  4.157753E-11  4.140516E-11  4.146664E-11  4.153247E-11  4.153744E-11  4.143359E-11  4.138749E-11  4.145143E-11  4.139911E-11  4.146796E-11
0.000000E+00  1.185545E-10  1.186457E-10  1.188767E-10  1.187547E-10  1.185066E-10  1.186206E-10  1.189032E-10  1.183842E-10  1.184819E-10  1.188155E-10  1.187683E-10  1.182866E-10  1.184397E-10  1.186457E-10  1.186618E-10  1.183825E-10  1.182179E-10  1.184186E-10  1.182523E-10  1.184633E-10
0.000000E+00  9.925184E-09  9.933069E-09  9.951828E-09  9.942923E-09  9.920732E-09  9.930602E-09  9.955153E-09  9.911219E-09  9.919659E-09  9.946820E-09  9.943977E-09  9.902832E-09  9.915600E-09  9.932677E-09  9.935126E-09  9.911648E-09  9.897057E-09  9.914330E-09  9.900079E-09  9.917906E-09
Gas           Sam
0.000000E+00  -1.061870E-13 -1.060618E-13 -1.058615E-13 -1.058115E-13 -1.057542E-13 -1.057578E-13 -1.056148E-13 -1.054932E-13 -1.054789E-13 -1.054610E-13 -1.054360E-13 -1.052392E-13 -1.052786E-13 -1.053465E-13 -1.051642E-13 -1.052285E-13 -1.051963E-13 -1.051498E-13 -1.051749E-13 -1.051463E-13
0.000000E+00  -9.630928E-15 -9.677419E-15 -9.673843E-15 -9.745368E-15 -9.559402E-15 -9.530792E-15 -9.537944E-15 -9.759674E-15 -9.945641E-15 -9.824047E-15 -9.924183E-15 -9.845504E-15 -9.527216E-15 -9.663114E-15 -9.530792E-15 -9.427080E-15 -9.684572E-15 -9.738217E-15 -9.630928E-15 -9.845504E-15
0.000000E+00  4.424898E-13  4.430227E-13  4.430584E-13  4.433195E-13  4.439311E-13  4.439883E-13  4.443280E-13  4.427509E-13  4.420678E-13  4.428618E-13  4.427974E-13  4.433589E-13  4.438381E-13  4.438738E-13  4.441313E-13  4.445748E-13  4.437272E-13  4.423324E-13  4.430549E-13  4.425935E-13
0.000000E+00  4.232859E-11  4.233638E-11  4.234214E-11  4.234665E-11  4.233556E-11  4.233699E-11  4.234118E-11  4.210257E-11  4.214159E-11  4.220675E-11  4.212345E-11  4.219569E-11  4.224898E-11  4.224398E-11  4.226482E-11  4.229690E-11  4.210386E-11  4.207042E-11  4.215897E-11  4.204681E-11
0.000000E+00  1.205883E-10  1.206219E-10  1.206366E-10  1.206559E-10  1.206330E-10  1.206158E-10  1.206455E-10  1.199481E-10  1.200644E-10  1.202546E-10  1.200129E-10  1.202221E-10  1.203748E-10  1.203623E-10  1.204091E-10  1.204985E-10  1.199696E-10  1.198620E-10  1.201159E-10  1.198058E-10
0.000000E+00  1.004721E-08  1.004926E-08  1.005098E-08  1.005229E-08  1.005019E-08  1.004914E-08  1.005207E-08  9.993974E-09  1.000275E-08  1.001886E-08  9.997890E-09  1.001588E-08  1.002843E-08  1.002863E-08  1.003199E-08  1.003941E-08  9.995458E-09  9.985963E-09  1.000758E-08  9.980759E-09
Gas           Ref
0.000000E+00  -1.098312E-13 -1.100601E-13 -1.100815E-13 -1.099170E-13 -1.099349E-13 -1.098848E-13 -1.099743E-13 -1.100064E-13 -1.100923E-13 -1.099814E-13 -1.099027E-13 -1.098705E-13 -1.098991E-13 -1.098848E-13 -1.099242E-13 -1.100601E-13 -1.099921E-13 -1.099743E-13 -1.099242E-13 -1.099671E-13
0.000000E+00  -1.194836E-14 -1.201631E-14 -1.222731E-14 -1.224161E-14 -1.217724E-14 -1.209141E-14 -1.229883E-14 -1.224161E-14 -1.214863E-14 -1.221300E-14 -1.228811E-14 -1.230599E-14 -1.236321E-14 -1.226307E-14 -1.219155E-14 -1.225592E-14 -1.233817E-14 -1.229526E-14 -1.232029E-14 -1.220943E-14
0.000000E+00  4.174916E-13  4.178349E-13  4.176811E-13  4.162435E-13  4.167155E-13  4.173486E-13  4.160682E-13  4.165725E-13  4.167191E-13  4.175023E-13  4.177133E-13  4.161684E-13  4.162149E-13  4.158501E-13  4.149632E-13  4.155962E-13  4.166655E-13  4.159431E-13  4.156570E-13  4.158930E-13
0.000000E+00  4.108554E-11  4.107807E-11  4.096038E-11  4.091721E-11  4.105611E-11  4.094872E-11  4.090569E-11  4.097075E-11  4.101727E-11  4.100926E-11  4.100772E-11  4.081353E-11  4.098255E-11  4.083277E-11  4.085648E-11  4.093674E-11  4.094020E-11  4.079058E-11  4.083546E-11  4.094467E-11
0.000000E+00  1.173650E-10  1.173568E-10  1.170224E-10  1.168922E-10  1.172616E-10  1.170117E-10  1.168471E-10  1.170321E-10  1.171776E-10  1.171515E-10  1.171669E-10  1.166015E-10  1.170517E-10  1.166755E-10  1.167216E-10  1.169344E-10  1.169845E-10  1.165185E-10  1.166551E-10  1.169648E-10
0.000000E+00  9.825996E-09  9.825048E-09  9.797529E-09  9.785977E-09  9.817967E-09  9.796938E-09  9.782312E-09  9.798048E-09  9.810814E-09  9.808937E-09  9.809796E-09  9.761712E-09  9.799853E-09  9.768686E-09  9.771494E-09  9.790001E-09  9.794275E-09  9.754578E-09  9.766040E-09  9.792361E-09
Gas           Sam
0.000000E+00  -1.062907E-13 -1.061691E-13 -1.060189E-13 -1.059152E-13 -1.057828E-13 -1.054646E-13 -1.054932E-13 -1.055325E-13 -1.055397E-13 -1.054538E-13 -1.052857E-13 -1.054073E-13 -1.054109E-13 -1.053966E-13 -1.055432E-13 -1.053859E-13 -1.054216E-13 -1.052536E-13 -1.053823E-13 -1.052822E-13
0.000000E+00  -1.039625E-14 -1.020313E-14 -1.009227E-14 -1.016022E-14 -1.022101E-14 -1.007439E-14 -1.006723E-14 -9.931336E-15 -9.856233E-15 -1.008869E-14 -1.028539E-14 -1.019598E-14 -1.001717E-14 -1.023532E-14 -1.020313E-14 -1.018883E-14 -9.899149E-15 -1.016379E-14 -1.028539E-14 -1.012088E-14
0.000000E+00  4.366033E-13  4.374937E-13  4.380481E-13  4.383199E-13  4.367320E-13  4.370646E-13  4.365496E-13  4.368643E-13  4.377047E-13  4.371432E-13  4.366390E-13  4.374007E-13  4.382018E-13  4.379122E-13  4.372542E-13  4.376654E-13  4.385738E-13  4.376010E-13  4.368607E-13  4.378478E-13
0.000000E+00  4.185076E-11  4.187497E-11  4.189572E-11  4.184550E-11  4.167828E-11  4.176597E-11  4.168329E-11  4.175678E-11  4.182930E-11  4.165339E-11  4.168650E-11  4.176876E-11  4.181210E-11  4.163232E-11  4.165199E-11  4.173192E-11  4.180248E-11  4.159073E-11  4.162388E-11  4.171408E-11
0.000000E+00  1.192418E-10  1.193144E-10  1.193477E-10  1.192508E-10  1.187408E-10  1.190126E-10  1.187633E-10  1.189682E-10  1.191843E-10  1.186804E-10  1.187691E-10  1.189840E-10  1.191281E-10  1.186639E-10  1.186707E-10  1.188942E-10  1.190995E-10  1.185183E-10  1.186113E-10  1.188416E-10
0.000000E+00  9.934179E-09  9.940347E-09  9.943709E-09  9.934715E-09  9.891960E-09  9.915492E-09  9.894196E-09  9.910861E-09  9.930298E-09  9.887562E-09  9.894589E-09  9.912828E-09  9.924701E-09  9.885487E-09  9.886936E-09  9.905389E-09  9.922001E-09  9.873864E-09  9.880731E-09  9.900829E-09
Gas           Ref
0.000000E+00  -1.099063E-13 -1.099421E-13 -1.098598E-13 -1.099957E-13 -1.100744E-13 -1.101137E-13 -1.100207E-13 -1.100565E-13 -1.101602E-13 -1.099635E-13 -1.100100E-13 -1.100136E-13 -1.098276E-13 -1.098920E-13 -1.100744E-13 -1.100386E-13 -1.100815E-13 -1.101316E-13 -1.101030E-13 -1.099564E-13
0.000000E+00  -1.259567E-14 -1.259567E-14 -1.259209E-14 -1.242400E-14 -1.251699E-14 -1.261355E-14 -1.250983E-14 -1.252772E-14 -1.263143E-14 -1.262785E-14 -1.272084E-14 -1.277448E-14 -1.292468E-14 -1.294972E-14 -1.291038E-14 -1.284243E-14 -1.283170E-14 -1.283170E-14 -1.304270E-14 -1.299979E-14
0.000000E+00  4.115442E-13  4.116802E-13  4.111258E-13  4.106072E-13  4.108719E-13  4.112367E-13  4.112975E-13  4.115979E-13  4.117088E-13  4.114763E-13  4.112975E-13  4.096238E-13  4.094664E-13  4.090229E-13  4.090409E-13  4.099313E-13  4.101996E-13  4.100672E-13  4.087691E-13  4.090051E-13
0.000000E+00  4.053830E-11  4.055930E-11  4.043752E-11  4.048176E-11  4.050680E-11  4.052464E-11  4.052965E-11  4.053566E-11  4.053544E-11  4.052961E-11  4.047375E-11  4.025774E-11  4.031657E-11  4.029239E-11  4.033274E-11  4.038348E-11  4.040001E-11  4.034229E-11  4.022176E-11  4.031961E-11
0.000000E+00  1.158132E-10  1.158597E-10  1.155450E-10  1.156409E-10  1.157289E-10  1.157678E-10  1.157893E-10  1.158093E-10  1.157982E-10  1.157832E-10  1.156534E-10  1.150122E-10  1.151756E-10  1.150873E-10  1.152167E-10  1.153651E-10  1.154116E-10  1.152654E-10  1.149228E-10  1.151853E-10
0.000000E+00  9.695962E-09  9.701237E-09  9.673432E-09  9.681854E-09  9.687934E-09  9.691725E-09  9.694192E-09  9.696034E-09  9.695193E-09  9.694639E-09  9.682266E-09  9.628389E-09  9.642604E-09  9.635148E-09  9.645913E-09  9.658125E-09  9.662632E-09  9.650866E-09  9.620217E-09  9.643284E-09
Gas           Sam
0.000000E+00  -1.063086E-13 -1.060940E-13 -1.059652E-13 -1.058866E-13 -1.057900E-13 -1.056756E-13 -1.058973E-13 -1.057077E-13 -1.055862E-13 -1.053394E-13 -1.055504E-13 -1.055969E-13 -1.053215E-13 -1.053680E-13 -1.054145E-13 -1.052643E-13 -1.053823E-13 -1.053644E-13 -1.053787E-13 -1.051785E-13
0.000000E+00  -1.054288E-14 -1.066090E-14 -1.070739E-14 -1.078964E-14 -1.060010E-14 -1.073242E-14 -1.093269E-14 -1.064302E-14 -1.061083E-14 -1.067520E-14 -1.086832E-14 -1.069308E-14 -1.062871E-14 -1.057149E-14 -1.067163E-14 -1.074315E-14 -1.060010E-14 -1.074673E-14 -1.092554E-14 -1.087547E-14
0.000000E+00  4.317931E-13  4.307704E-13  4.308454E-13  4.307382E-13  4.315643E-13  4.320721E-13  4.308883E-13  4.314534E-13  4.322402E-13  4.318218E-13  4.311351E-13  4.321043E-13  4.324083E-13  4.324011E-13  4.319326E-13  4.324154E-13  4.329018E-13  4.331021E-13  4.317002E-13  4.320042E-13
0.000000E+00  4.130738E-11  4.129916E-11  4.128152E-11  4.125828E-11  4.135892E-11  4.127151E-11  4.123256E-11  4.129962E-11  4.138109E-11  4.120156E-11  4.122817E-11  4.137894E-11  4.133363E-11  4.120603E-11  4.123489E-11  4.129039E-11  4.130627E-11  4.128367E-11  4.112313E-11  4.120342E-11
0.000000E+00  1.177165E-10  1.176579E-10  1.176379E-10  1.175642E-10  1.178413E-10  1.176161E-10  1.174741E-10  1.176708E-10  1.178961E-10  1.174015E-10  1.174569E-10  1.178954E-10  1.177759E-10  1.174111E-10  1.174716E-10  1.176464E-10  1.176861E-10  1.176372E-10  1.171579E-10  1.174093E-10
0.000000E+00  9.807327E-09  9.802017E-09  9.800139E-09  9.793935E-09  9.817216E-09  9.798959E-09  9.787086E-09  9.802929E-09  9.822527E-09  9.781203E-09  9.784708E-09  9.822062E-09  9.811959E-09  9.782402E-09  9.786800E-09  9.800801E-09  9.805021E-09  9.801409E-09  9.760800E-09  9.781507E-09
Gas           Ref
0.000000E+00  -1.099099E-13 -1.100350E-13 -1.100315E-13 -1.099957E-13 -1.099349E-13 -1.101459E-13 -1.101602E-13 -1.100851E-13 -1.099850E-13 -1.101388E-13 -1.103068E-13 -1.101566E-13 -1.100064E-13 -1.098991E-13 -1.099635E-13 -1.100029E-13 -1.099635E-13 -1.100029E-13 -1.099385E-13 -1.098956E-13
0.000000E+00  -1.338245E-14 -1.323940E-14 -1.336814E-14 -1.333953E-14 -1.323582E-14 -1.327516E-14 -1.322509E-14 -1.329304E-14 -1.332880E-14 -1.327873E-14 -1.335026E-14 -1.336457E-14 -1.337530E-14 -1.340033E-14 -1.340748E-14 -1.332523E-14 -1.337172E-14 -1.335741E-14 -1.345040E-14 -1.349689E-14
0.000000E+00  4.046241E-13  4.044704E-13  4.037694E-13  4.042915E-13  4.049961E-13  4.049424E-13  4.050390E-13  4.047564E-13  4.046993E-13  4.047457E-13  4.036657E-13  4.029647E-13  4.034976E-13  4.035727E-13  4.040806E-13  4.041556E-13  4.041270E-13  4.040054E-13  4.038123E-13  4.026858E-13
0.000000E+00  3.998248E-11  3.982004E-11  3.988627E-11  3.997961E-11  3.994096E-11  3.996509E-11  3.996739E-11  3.995201E-11  3.995004E-11  3.993824E-11  3.978689E-11  3.980395E-11  3.987326E-11  3.987015E-11  3.988778E-11  3.987508E-11  3.988209E-11  3.989539E-11  3.976103E-11  3.967059E-11
0.000000E+00  1.142293E-10  1.137791E-10  1.139486E-10  1.142007E-10  1.141174E-10  1.141742E-10  1.141835E-10  1.141474E-10  1.141270E-10  1.141034E-10  1.136693E-10  1.137029E-10  1.138864E-10  1.139089E-10  1.139393E-10  1.139285E-10  1.139514E-10  1.139672E-10  1.136145E-10  1.133166E-10
0.000000E+00  9.563157E-09  9.524944E-09  9.539214E-09  9.561226E-09  9.554610E-09  9.558490E-09  9.559616E-09  9.556863E-09  9.555236E-09  9.552786E-09  9.517184E-09  9.518883E-09  9.534976E-09  9.535638E-09  9.539607E-09  9.538231E-09  9.540322E-09  9.541878E-09  9.512607E-09  9.486893E-09
Gas           Sam
0.000000E+00  -1.063372E-13 -1.062227E-13 -1.060117E-13 -1.059795E-13 -1.059259E-13 -1.058401E-13 -1.058293E-13 -1.059438E-13 -1.059545E-13 -1.057864E-13 -1.057364E-13 -1.055254E-13 -1.055397E-13 -1.055111E-13 -1.056183E-13 -1.054646E-13 -1.053859E-13 -1.053000E-13 -1.053930E-13 -1.053215E-13
0.000000E+00  -1.117588E-14 -1.131178E-14 -1.137615E-14 -1.132966E-14 -1.140834E-14 -1.118661E-14 -1.106859E-14 -1.107575E-14 -1.114012E-14 -1.129748E-14 -1.122595E-14 -1.117946E-14 -1.120092E-14 -1.107217E-14 -1.113297E-14 -1.136542E-14 -1.133324E-14 -1.121164E-14 -1.123668E-14 -1.126529E-14
0.000000E+00  4.265038E-13  4.251699E-13  4.250912E-13  4.251520E-13  4.260711E-13  4.266970E-13  4.271154E-13  4.264573E-13  4.257922E-13  4.251377E-13  4.261068E-13  4.267327E-13  4.265181E-13  4.267863E-13  4.261676E-13  4.254774E-13  4.264144E-13  4.262034E-13  4.265325E-13  4.269866E-13
0.000000E+00  4.091889E-11  4.077355E-11  4.080402E-11  4.086092E-11  4.091753E-11  4.089829E-11  4.088788E-11  4.087783E-11  4.073271E-11  4.078217E-11  4.085874E-11  4.085666E-11  4.082547E-11  4.083331E-11  4.071865E-11  4.072720E-11  4.079100E-11  4.070106E-11  4.078364E-11  4.082398E-11
0.000000E+00  1.166015E-10  1.161702E-10  1.162689E-10  1.164251E-10  1.165975E-10  1.165374E-10  1.165131E-10  1.164663E-10  1.160722E-10  1.161966E-10  1.164030E-10  1.164134E-10  1.163261E-10  1.163579E-10  1.160357E-10  1.160307E-10  1.162449E-10  1.159577E-10  1.161859E-10  1.163071E-10
0.000000E+00  9.714613E-09  9.678456E-09  9.686503E-09  9.699091E-09  9.714183E-09  9.709266E-09  9.707782E-09  9.703133E-09  9.670285E-09  9.680226E-09  9.698341E-09  9.698948E-09  9.690973E-09  9.693871E-09  9.666851E-09  9.666619E-09  9.685090E-09  9.660414E-09  9.679815E-09  9.689972E-09
Gas           Ref
0.000000E+00  -1.097382E-13 -1.099349E-13 -1.099170E-13 -1.100207E-13 -1.098133E-13 -1.099135E-13 -1.097776E-13 -1.098562E-13 -1.100386E-13 -1.100601E-13 -1.100386E-13 -1.099921E-13 -1.100708E-13 -1.100780E-13 -1.099456E-13 -1.100207E-13 -1.097847E-13 -1.099135E-13 -1.098848E-13 -1.100029E-13
0.000000E+00  -1.396896E-14 -1.402618E-14 -1.382948E-14 -1.370431E-14 -1.383664E-14 -1.400830E-14 -1.424791E-14 -1.412274E-14 -1.400830E-14 -1.397253E-14 -1.379014E-14 -1.393677E-14 -1.393319E-14 -1.409770E-14 -1.421930E-14 -1.407267E-14 -1.405837E-14 -1.414062E-14 -1.424433E-14 -1.421930E-14
0.000000E+00  3.986696E-13  3.982619E-13  3.984443E-13  3.983084E-13  3.981225E-13  3.979794E-13  3.967706E-13  3.970567E-13  3.975968E-13  3.979043E-13  3.978328E-13  3.966705E-13  3.964845E-13  3.975002E-13  3.965453E-13  3.965346E-13  3.971497E-13  3.973464E-13  3.961555E-13  3.966204E-13
0.000000E+00  3.948072E-11  3.938252E-11  3.940526E-11  3.941106E-11  3.937991E-11  3.928521E-11  3.926429E-11  3.932909E-11  3.937072E-11  3.933345E-11  3.928836E-11  3.920846E-11  3.927105E-11  3.933406E-11  3.918511E-11  3.923203E-11  3.930624E-11  3.923006E-11  3.916236E-11  3.932215E-11
0.000000E+00  1.127895E-10  1.124962E-10  1.125806E-10  1.125796E-10  1.125120E-10  1.122495E-10  1.121619E-10  1.123450E-10  1.124676E-10  1.123754E-10  1.122677E-10  1.120217E-10  1.121805E-10  1.123875E-10  1.119258E-10  1.120818E-10  1.122931E-10  1.120757E-10  1.118736E-10  1.123257E-10
0.000000E+00  9.442833E-09  9.417889E-09  9.424969E-09  9.425542E-09  9.419587E-09  9.397557E-09  9.390297E-09  9.405211E-09  9.416082E-09  9.408125E-09  9.399382E-09  9.378174E-09  9.390977E-09  9.409091E-09  9.370503E-09  9.383378E-09  9.400990E-09  9.383163E-09  9.366444E-09  9.404245E-09
 Gas          
0.000000E+00  0.000000E+00  0.000000E+00  0.000000E+00  0.000000E+00  0.000000E+00  0.000000E+00  0.000000E+00  0.000000E+00  0.000000E+00  0.000000E+00  0.000000E+00  0.000000E+00  0.000000E+00  0.000000E+00  0.000000E+00  0.000000E+00  0.000000E+00  0.000000E+00  0.000000E+00  0.000000E+00
0.000000E+00  0.000000E+00  0.000000E+00  0.000000E+00  0.000000E+00  0.000000E+00  0.000000E+00  0.000000E+00  0.000000E+00  0.000000E+00  0.000000E+00  0.000000E+00  0.000000E+00  0.000000E+00  0.000000E+00  0.000000E+00  0.000000E+00  0.000000E+00  0.000000E+00  0.000000E+00  0.000000E+00
0.000000E+00  0.000000E+00  0.000000E+00  0.000000E+00  0.000000E+00  0.000000E+00  0.000000E+00  0.000000E+00  0.000000E+00  0.000000E+00  0.000000E+00  0.000000E+00  0.000000E+00  0.000000E+00  0.000000E+00  0.000000E+00  0.000000E+00  0.000000E+00  0.000000E+00  0.000000E+00  0.000000E+00
0.000000E+00  0.000000E+00  0.000000E+00  0.000000E+00  0.000000E+00  0.000000E+00  0.000000E+00  0.000000E+00  0.000000E+00  0.000000E+00  0.000000E+00  0.000000E+00  0.000000E+00  0.000000E+00  0.000000E+00  0.000000E+00  0.000000E+00  0.000000E+00  0.000000E+00  0.000000E+00  0.000000E+00
0.000000E+00  0.000000E+00  0.000000E+00  0.000000E+00  0.000000E+00  0.000000E+00  0.000000E+00  0.000000E+00  0.000000E+00  0.000000E+00  0.000000E+00  0.000000E+00  0.000000E+00  0.000000E+00  0.000000E+00  0.000000E+00  0.000000E+00  0.000000E+00  0.000000E+00  0.000000E+00  0.000000E+00
0.000000E+00  0.000000E+00  0.000000E+00  0.000000E+00  0.000000E+00  0.000000E+00  0.000000E+00  0.000000E+00  0.000000E+00  0.000000E+00  0.000000E+00  0.000000E+00  0.000000E+00  0.000000E+00  0.000000E+00  0.000000E+00  0.000000E+00  0.000000E+00  0.000000E+00  0.000000E+00  0.000000E+00
End of Analysis
"H3 factor",13.13339
"Linearity factor (0)",52.88039
"Linearity factor (1)",18.00761
"Linearity factor (2)",-.1321419
"Linearity factor (3)",9.804096E-04
"Linearity factor (4)",-7.965973E-02
"Linearity factor (5)",0
"Collector Gains :",500,5000,5000,5000,500,500,50,500,1,5
"Number of deflectors available : ",33
"Source HT",8000
"Extraction V",780
"H Defl",310
"Trap",850
"Trap Voltage",24
"Repeller",4
"Filament V",-110
"Delta HP",19
"Z Lens",110
"Delta Z",130
"Max Current",3.5
"Heater Current",1
"Quad 1",120
"Cubic 1",50
"Lin 1",0
"Deflect 1 I",5
"Deflect 1 O",5
"Offset 1",0
"Offset 2",0
"Quad 2",-620
"Cubic 2",0
"Lin 2",0
"Q1 I Cor",0
"Q1 O Cor",0
"Suppressor",-100
"Mop Plate",-15
"ESA H1",790
"ESA H1 delta",0
"ESA H2",800
"ESA H2 delta",0
"ESA H3",820
"ESA H3 delta",0
"ESA HD",0
"ESA HD delta",0
"Batch Started: ","13:02:19 15:29:56"
"Data File: ","C:\Nu Stable\Results\2019\201902013 standard PD4 BSS WNI ZE NTA\Data_9303 WNI-8.txt"
"Sample Name: ","WNI-8"
"Sample Weight: ",100
"Sample Type: ","Sam"
"Vial Number: ",26
"Sam Beam First CO: ","1.024635e-08"
"Sam Beam Last CO: ","9.685507e-09"
"Ref Beam First CO: ","1.019548e-08"
"Ref Beam Second CO: ","1.006316e-08"
"Ref BeamLast CO: ","9.397508e-09"
"Sam Depletion: ","5 %"
"Ref Depletion: ","8 %"
"Observed CP Temperature: ",70.254
"Std Dev: ","3.601e-07"
"Min: ","70.254"
"Max: ","70.254"
"Ave Started: ","14:02:19 07:44:02"
"Ave Stopped: ","14:02:19 07:47:24"
"Num: ",7
"Current Mass: ",46.02691
"Method File Name","C:\Nu Stable\Analyses\DI\040216 12-12-20 6 collectors.rdf"
"Version 6"
"Analysis Type","DI"
"Analysis Calculation Routine ","Clumped CO2 Iterative"
"Gas ID ","CO2"
"Ref Gas Identifier ","AirLiquide01"
"Centring collector ",8
"Num of Ref/Sam cycles ",6
"Cycles length(secs) ",20
"C/O valve stabilisation time ",12
"Offset for zero measurement(amu) ",0
"Zero measurement time ",20
"Spare",0
"Spare",0
0
-1
-1
-1
-1
0
-1
0
-1
0
"Num Clumped Blocks","1"
"Do zero at start of block",#FALSE#
"Balance beams",#FALSE#
"Mag Hysteresis Offset",.001
"Apply Hysteresis Offset",#FALSE#
"Target Beam (A) ",.00000005
"Use CF with Bellows ",#FALSE#
"DI Auto Gas balancing: ","True"
"Pirani pressure",3.248841E-02
"Cold finger status","CF"
"Inlet transducer pressure",2.807513
"Sample operations:  InitialisePrepSampleRun; CheckIfCFRequired; UseCF; SampleTrapped; BalanceRefToSamValue; DepletingBalance; SampleReady;"
"Number of sample chops",0
"Number of sample double chops",0
"Run from bellows",#FALSE#
"Max sample pump-over pressure (mBar)","0.000000e00"
"Max sample pump-over pressure (raw)",0
"Pre-balance Sam Beam","1.056797e-08"
"Min ref beam","3.548494e-09"
"Max ref beam","2.172492e-08"
"Ref bellows position",3470
"Sam bellows position",8446
"Balance %",.5627278
"Initial Sam Beam","1.102779e-08"
"Final Ref Beam","1.061973e-08"
"Final Sam Beam","1.067949e-08"
"Pre-depleted Ref Beam",1.062456E-08
"InletPiraniPressure",3.248841E-02
"Depletion Factor",.96
"Balance End","14/02/19 08:26:59"
"Water Trap Temperature Hot",-195.1766
"Water Trap Temperature Cold",-195.1766
"DP Version",25
"Num Gas Cycles ",1
"UseFrontHeightThreshold(1)",#TRUE#
"FrontHeightThreshold(1)",2
"UseBackHeightThreshold(1)",#TRUE#
"BackHeightThreshold(1)",2.7
"UsePeakWidthLimit(1)",#FALSE#
"PeakWidthLimit(1)",6
"RefGasFrontHeightThreshold(1)",40
"RefGasBackHeightThreshold(1)",10
"Measure_Elemental_Comp",#TRUE#
"Use_TCD_For_Elem_Calcs",#FALSE#
"Sample_Name","WNI-8"
"Sample_Type","Sam"
"Sample_Weight",100
"Sample_Vial",26
"Standard_Type",""
"NoAnalysisCycles",1
"Gas1","CO2"
"Ref Gas1","AirLiquide01"
"Analysis_Routine1","Clumped CO2 Iterative"
"ZeroWidth1",10
"NoZeros1",1
"ZeroTime1",10
"Delta wrt Std 1",#FALSE#
"AllowLinearityCorrection",#FALSE#
"Num Collectors",6
"LinearityFactor(Cent)",52880.39
"LinearityFactor(Low2)",18007.61
"LinearityFactor(Low4)",-132.1419
"LinearityFactor()",.9804096
"LinearityFactor()",-79.65973
"LinearityFactor()",0
"UseH3Factor",#FALSE#
"H3Factor",0
"Axial Mass",46
"Anal Start",0
"Anal End",0
"Calc Linearity Correction from Ref Peaks",#FALSE#
"Temperature",25
"Std Temperature",25
"A_Factor",1.01025
"K_Factor",.04
"TemperatureCorrectionEnabled",#FALSE#
"GC ZeroMethod","Lowest Peak Limit"
"GC AllowZeroToCutPoints",#FALSE#
"GC UseIsotopicShift",#TRUE#
"GC InterpolatePeakHeight",#TRUE#
"GC NumZeroPoints",10
"GC Min Peak Height",.0000000001
"GC No UserPeaks",0
"SmoothingInterval",10
"DropFactor",1
"GradientRejectfactor",10
"SectionSize",100
"BackgroundStartTime",1
"CutOffTime",1000
"UseNewBackgroundCalcn",#FALSE#
"GC Label File","None.lab"
"GC No User Defined Background Points",0
"GC No Auto-detected Peaks to be Removed",0
"GC No Auto-calculated Background Points to Remove",0
"GC Std Peak In Sample",#FALSE#
"GC Std Peak Time",0
"Max Gap For Grouping EA Ref Pulses",20
"Group EA Ref Peaks",#FALSE#
"Use Defined Peak Limits (1)",#FALSE#
"Peak Start (1)",0
"Peak End (1)",0
"DP Version",25
"Num Gas Cycles ",1
"UseFrontHeightThreshold(1)",#TRUE#
"FrontHeightThreshold(1)",2
"UseBackHeightThreshold(1)",#TRUE#
"BackHeightThreshold(1)",2.7
"UsePeakWidthLimit(1)",#FALSE#
"PeakWidthLimit(1)",6
"RefGasFrontHeightThreshold(1)",40
"RefGasBackHeightThreshold(1)",10
"Measure_Elemental_Comp",#TRUE#
"Use_TCD_For_Elem_Calcs",#FALSE#
"Sample_Name","WNI-8"
"Sample_Type","Sam"
"Sample_Weight",100
"Sample_Vial",26
"Standard_Type",""
"NoAnalysisCycles",1
"Gas1","CO2"
"Ref Gas1","AirLiquide01"
"Analysis_Routine1","Clumped CO2 Iterative"
"ZeroWidth1",10
"NoZeros1",1
"ZeroTime1",10
"Delta wrt Std 1",#FALSE#
"AllowLinearityCorrection",#FALSE#
"Num Collectors",6
"LinearityFactor(Cent)",52880.39
"LinearityFactor(Low2)",18007.61
"LinearityFactor(Low4)",-132.1419
"LinearityFactor()",.9804096
"LinearityFactor()",-79.65973
"LinearityFactor()",0
"UseH3Factor",#FALSE#
"H3Factor",0
"Axial Mass",46
"Anal Start",0
"Anal End",0
"Calc Linearity Correction from Ref Peaks",#FALSE#
"Temperature",25
"Std Temperature",25
"A_Factor",1.01025
"K_Factor",.04
"TemperatureCorrectionEnabled",#FALSE#
"GC ZeroMethod","Lowest Peak Limit"
"GC AllowZeroToCutPoints",#FALSE#
"GC UseIsotopicShift",#TRUE#
"GC InterpolatePeakHeight",#TRUE#
"GC NumZeroPoints",10
"GC Min Peak Height",.0000000001
"GC No UserPeaks",0
"SmoothingInterval",10
"DropFactor",1
"GradientRejectfactor",10
"SectionSize",100
"BackgroundStartTime",1
"CutOffTime",1000
"UseNewBackgroundCalcn",#FALSE#
"GC Label File","None.lab"
"GC No User Defined Background Points",0
"GC No Auto-detected Peaks to be Removed",0
"GC No Auto-calculated Background Points to Remove",0
"GC Std Peak In Sample",#FALSE#
"GC Std Peak Time",0
"Max Gap For Grouping EA Ref Pulses",20
"Group EA Ref Peaks",#FALSE#
"Use Defined Peak Limits (1)",#FALSE#
"Peak Start (1)",0
"Peak End (1)",0
"End of Data file"


