"Clumped CO2 Iterative Analysis,         Data File Version 10"
"Started analysis at 8:46:38 PM on the Wednesday, February 13, 2019"
"UTC FileTimeLow",535597824," UTC FileTimeHigh",30721031
"Time Zone ","Eastern Daylight Time"
"CO Disabled",#FALSE#
"Persective Instrument","PS019"
"User logged in",#FALSE#
"Software Version","Stable 1.69.5"
"Axial Mass is :",46
"No_C_O_Cycles",6
"Num Blocks",1
0
-1
-1
-1
-1
0
-1
0
-1
0
"Sample Name is ","PD4 127"
Zero Data
-1.148487243350E-13, -5.862152126571E-14, -6.273782288493E-14, -3.595951644499E-14, 1.095236399539E-13, 3.997389268554E-12, Measured at start of run
Individual Data
No_C_O_Cycles                6 
Cycle_Length   20 
Zero_Measurement_Length      20 
Axial_Mass     46 
 Gas          Bla
0.000000E+00  -1.146949E-13 -1.146377E-13 -1.147414E-13 -1.147629E-13 -1.147343E-13 -1.149024E-13 -1.149739E-13 -1.149989E-13 -1.150061E-13 -1.149703E-13 -1.150168E-13 -1.149131E-13 -1.147736E-13 -1.146806E-13 -1.149059E-13 -1.149167E-13 -1.148201E-13 -1.148344E-13 -1.148702E-13 -1.148201E-13
0.000000E+00  -5.851871E-14 -5.862242E-14 -5.872971E-14 -5.866175E-14 -5.879765E-14 -5.859022E-14 -5.865103E-14 -5.851512E-14 -5.861168E-14 -5.858665E-14 -5.864387E-14 -5.868679E-14 -5.862242E-14 -5.854016E-14 -5.859738E-14 -5.865818E-14 -5.859738E-14 -5.856162E-14 -5.863672E-14 -5.860096E-14
0.000000E+00  -6.285316E-14 -6.274945E-14 -6.252771E-14 -6.274945E-14 -6.272441E-14 -6.279236E-14 -6.276375E-14 -6.277448E-14 -6.286389E-14 -6.281739E-14 -6.283885E-14 -6.285674E-14 -6.265646E-14 -6.257063E-14 -6.266361E-14 -6.283170E-14 -6.271726E-14 -6.262785E-14 -6.260639E-14 -6.277091E-14
0.000000E+00  -3.483299E-14 -3.569130E-14 -3.536943E-14 -3.504757E-14 -3.511909E-14 -3.551248E-14 -3.615621E-14 -3.572706E-14 -3.583435E-14 -3.633503E-14 -3.590587E-14 -3.687147E-14 -3.536943E-14 -3.583435E-14 -3.658537E-14 -3.697876E-14 -3.612045E-14 -3.672842E-14 -3.690723E-14 -3.626350E-14
0.000000E+00  1.108647E-13  1.126529E-13  1.115800E-13  1.119376E-13  1.105071E-13  1.105071E-13  1.087190E-13  1.112224E-13  1.080037E-13  1.105071E-13  1.083614E-13  1.076461E-13  1.097919E-13  1.087190E-13  1.090766E-13  1.083614E-13  1.076461E-13  1.083614E-13  1.069308E-13  1.090766E-13
0.000000E+00  4.148487E-12  4.148487E-12  4.148487E-12  4.148487E-12  4.094843E-12  4.076961E-12  4.059080E-12  4.076961E-12  4.023317E-12  3.969673E-12  3.987555E-12  4.023317E-12  3.898147E-12  3.916029E-12  3.969673E-12  3.916029E-12  3.880266E-12  3.898147E-12  3.808741E-12  3.755096E-12
Gas           Ref
0.000000E+00  -1.144839E-13 -1.144446E-13 -1.145626E-13 -1.146270E-13 -1.145233E-13 -1.144982E-13 -1.144696E-13 -1.142622E-13 -1.143230E-13 -1.144553E-13 -1.144553E-13 -1.145841E-13 -1.143910E-13 -1.144839E-13 -1.144088E-13 -1.143802E-13 -1.144661E-13 -1.144804E-13 -1.145555E-13 -1.144947E-13
0.000000E+00  -3.294471E-14 -3.315929E-14 -3.321293E-14 -3.329876E-14 -3.346685E-14 -3.343824E-14 -3.317717E-14 -3.322724E-14 -3.317717E-14 -3.317717E-14 -3.313426E-14 -3.307703E-14 -3.310564E-14 -3.320935E-14 -3.340963E-14 -3.312352E-14 -3.297690E-14 -3.303412E-14 -3.322724E-14 -3.315929E-14
0.000000E+00  2.058794E-13  2.063837E-13  2.060117E-13  2.050318E-13  2.049782E-13  2.053036E-13  2.060117E-13  2.052822E-13  2.046635E-13  2.044239E-13  2.051713E-13  2.060332E-13  2.050426E-13  2.044704E-13  2.049174E-13  2.054503E-13  2.056469E-13  2.045776E-13  2.043237E-13  2.045026E-13
0.000000E+00  2.304774E-11  2.308984E-11  2.296570E-11  2.291231E-11  2.294063E-11  2.301853E-11  2.307135E-11  2.289167E-11  2.290712E-11  2.295086E-11  2.301949E-11  2.304088E-11  2.287140E-11  2.288963E-11  2.295036E-11  2.301073E-11  2.299953E-11  2.285359E-11  2.287394E-11  2.294360E-11
0.000000E+00  6.594306E-11  6.606538E-11  6.572384E-11  6.556291E-11  6.564194E-11  6.585473E-11  6.600995E-11  6.551319E-11  6.554503E-11  6.567306E-11  6.586331E-11  6.593413E-11  6.544489E-11  6.550605E-11  6.566769E-11  6.584329E-11  6.582362E-11  6.539268E-11  6.545776E-11  6.564015E-11
0.000000E+00  5.519258E-09  5.530095E-09  5.501073E-09  5.487411E-09  5.493706E-09  5.512034E-09  5.525731E-09  5.483192E-09  5.485910E-09  5.496084E-09  5.513000E-09  5.519008E-09  5.477523E-09  5.482405E-09  5.496013E-09  5.511051E-09  5.509853E-09  5.473106E-09  5.477952E-09  5.493545E-09
Gas           Sam
0.000000E+00  -1.098741E-13 -1.099599E-13 -1.096274E-13 -1.094164E-13 -1.094235E-13 -1.093985E-13 -1.091875E-13 -1.091338E-13 -1.091338E-13 -1.090015E-13 -1.089765E-13 -1.088191E-13 -1.087512E-13 -1.088191E-13 -1.088370E-13 -1.089157E-13 -1.086260E-13 -1.087190E-13 -1.085509E-13 -1.085902E-13
0.000000E+00  -3.166083E-14 -3.164652E-14 -3.156784E-14 -3.157857E-14 -3.159645E-14 -3.147128E-14 -3.140691E-14 -3.135684E-14 -3.147486E-14 -3.167155E-14 -3.161433E-14 -3.141406E-14 -3.138545E-14 -3.158930E-14 -3.146413E-14 -3.127101E-14 -3.122452E-14 -3.140691E-14 -3.144267E-14 -3.154996E-14
0.000000E+00  2.160039E-13  2.164473E-13  2.166834E-13  2.169265E-13  2.171519E-13  2.175846E-13  2.173736E-13  2.178850E-13  2.176203E-13  2.162292E-13  2.165975E-13  2.179422E-13  2.181174E-13  2.170946E-13  2.167048E-13  2.171304E-13  2.177849E-13  2.172663E-13  2.166190E-13  2.174666E-13
0.000000E+00  2.324254E-11  2.327852E-11  2.329057E-11  2.331114E-11  2.330906E-11  2.330531E-11  2.330928E-11  2.332033E-11  2.321375E-11  2.315707E-11  2.323049E-11  2.332558E-11  2.329479E-11  2.313064E-11  2.315671E-11  2.322059E-11  2.326482E-11  2.311838E-11  2.315686E-11  2.320932E-11
0.000000E+00  6.584329E-11  6.594879E-11  6.599063E-11  6.604213E-11  6.603355E-11  6.602425E-11  6.603641E-11  6.607324E-11  6.577355E-11  6.559903E-11  6.580216E-11  6.608290E-11  6.600386E-11  6.554109E-11  6.560404E-11  6.577498E-11  6.591910E-11  6.549854E-11  6.560261E-11  6.575925E-11
0.000000E+00  5.499249E-09  5.507939E-09  5.511927E-09  5.516147E-09  5.515682E-09  5.514627E-09  5.515807E-09  5.518740E-09  5.493867E-09  5.478560E-09  5.495458E-09  5.519455E-09  5.513197E-09  5.473714E-09  5.478954E-09  5.493151E-09  5.505686E-09  5.470299E-09  5.478846E-09  5.491954E-09
Gas           Ref
0.000000E+00  -1.143552E-13 -1.144374E-13 -1.144017E-13 -1.145269E-13 -1.146520E-13 -1.145733E-13 -1.144947E-13 -1.145519E-13 -1.145626E-13 -1.144732E-13 -1.144947E-13 -1.144088E-13 -1.144947E-13 -1.144196E-13 -1.144482E-13 -1.146163E-13 -1.145090E-13 -1.141585E-13 -1.141943E-13 -1.142014E-13
0.000000E+00  -3.368142E-14 -3.376010E-14 -3.363493E-14 -3.366712E-14 -3.373864E-14 -3.384951E-14 -3.363493E-14 -3.383878E-14 -3.372792E-14 -3.358487E-14 -3.353837E-14 -3.359917E-14 -3.351334E-14 -3.356341E-14 -3.371719E-14 -3.358487E-14 -3.355625E-14 -3.359202E-14 -3.343466E-14 -3.350619E-14
0.000000E+00  2.028610E-13  2.029397E-13  2.028968E-13  2.025642E-13  2.018954E-13  2.019848E-13  2.025249E-13  2.015593E-13  2.015020E-13  2.019705E-13  2.022531E-13  2.024247E-13  2.024712E-13  2.026071E-13  2.024426E-13  2.015450E-13  2.011945E-13  2.017953E-13  2.015879E-13  2.018525E-13
0.000000E+00  2.277087E-11  2.278424E-11  2.280284E-11  2.265789E-11  2.265142E-11  2.273142E-11  2.277788E-11  2.262377E-11  2.268729E-11  2.272180E-11  2.273389E-11  2.274297E-11  2.274569E-11  2.274794E-11  2.265607E-11  2.259581E-11  2.265643E-11  2.268389E-11  2.265696E-11  2.266905E-11
0.000000E+00  6.515378E-11  6.519705E-11  6.524068E-11  6.484693E-11  6.480617E-11  6.503075E-11  6.518418E-11  6.473821E-11  6.492382E-11  6.500787E-11  6.504292E-11  6.508190E-11  6.508404E-11  6.508547E-11  6.483549E-11  6.466061E-11  6.481797E-11  6.493348E-11  6.483370E-11  6.485623E-11
0.000000E+00  5.453401E-09  5.457138E-09  5.460947E-09  5.427473E-09  5.424058E-09  5.443137E-09  5.456298E-09  5.418264E-09  5.433267E-09  5.440759E-09  5.444085E-09  5.447715E-09  5.447697E-09  5.447858E-09  5.426918E-09  5.411469E-09  5.424558E-09  5.434572E-09  5.426168E-09  5.428492E-09
Gas           Sam
0.000000E+00  -1.099242E-13 -1.098383E-13 -1.097418E-13 -1.094843E-13 -1.094199E-13 -1.092375E-13 -1.092268E-13 -1.092411E-13 -1.091481E-13 -1.091124E-13 -1.089407E-13 -1.089836E-13 -1.088585E-13 -1.089264E-13 -1.088549E-13 -1.088549E-13 -1.088155E-13 -1.088477E-13 -1.087619E-13 -1.087762E-13
0.000000E+00  -3.182534E-14 -3.178600E-14 -3.191832E-14 -3.193262E-14 -3.193620E-14 -3.187898E-14 -3.159288E-14 -3.176096E-14 -3.167155E-14 -3.192547E-14 -3.195408E-14 -3.201488E-14 -3.203991E-14 -3.201846E-14 -3.173593E-14 -3.178957E-14 -3.191832E-14 -3.191117E-14 -3.196839E-14 -3.172878E-14
0.000000E+00  2.128138E-13  2.139046E-13  2.130963E-13  2.128603E-13  2.135112E-13  2.144589E-13  2.147665E-13  2.136042E-13  2.133932E-13  2.140047E-13  2.151563E-13  2.143838E-13  2.137329E-13  2.142050E-13  2.149310E-13  2.150275E-13  2.142551E-13  2.139582E-13  2.147843E-13  2.152314E-13
0.000000E+00  2.306681E-11  2.310085E-11  2.293259E-11  2.297035E-11  2.303837E-11  2.310264E-11  2.304449E-11  2.292597E-11  2.296234E-11  2.305150E-11  2.308408E-11  2.292207E-11  2.292697E-11  2.299363E-11  2.304091E-11  2.304807E-11  2.289504E-11  2.293852E-11  2.298459E-11  2.300275E-11
0.000000E+00  6.534332E-11  6.546635E-11  6.498891E-11  6.507331E-11  6.527609E-11  6.545491E-11  6.530649E-11  6.495708E-11  6.505472E-11  6.530505E-11  6.540412E-11  6.496495E-11  6.495601E-11  6.513876E-11  6.528610E-11  6.529897E-11  6.486375E-11  6.498319E-11  6.511194E-11  6.517667E-11
0.000000E+00  5.457603E-09  5.467688E-09  5.427276E-09  5.434715E-09  5.451255E-09  5.466902E-09  5.454527E-09  5.424880E-09  5.433124E-09  5.454438E-09  5.463683E-09  5.425882E-09  5.424934E-09  5.440276E-09  5.452936E-09  5.454116E-09  5.417531E-09  5.427169E-09  5.438524E-09  5.443763E-09
Gas           Ref
0.000000E+00  -1.145269E-13 -1.145126E-13 -1.146020E-13 -1.145590E-13 -1.144160E-13 -1.145555E-13 -1.143945E-13 -1.142193E-13 -1.141871E-13 -1.143659E-13 -1.143802E-13 -1.144661E-13 -1.142408E-13 -1.143695E-13 -1.143588E-13 -1.142801E-13 -1.143373E-13 -1.144231E-13 -1.145304E-13 -1.143302E-13
0.000000E+00  -3.379229E-14 -3.389242E-14 -3.370646E-14 -3.367070E-14 -3.355268E-14 -3.359202E-14 -3.371719E-14 -3.388170E-14 -3.390315E-14 -3.401402E-14 -3.371361E-14 -3.381017E-14 -3.386381E-14 -3.379229E-14 -3.370646E-14 -3.385309E-14 -3.382448E-14 -3.387812E-14 -3.380659E-14 -3.370646E-14
0.000000E+00  1.990487E-13  1.998391E-13  1.999893E-13  1.986804E-13  1.985623E-13  1.990380E-13  1.995744E-13  1.994922E-13  1.984908E-13  1.981260E-13  1.987304E-13  1.988842E-13  1.991882E-13  1.994171E-13  1.995172E-13  1.992382E-13  1.991310E-13  1.992525E-13  1.995601E-13  1.992705E-13
0.000000E+00  2.242093E-11  2.253673E-11  2.248798E-11  2.236828E-11  2.241177E-11  2.245565E-11  2.248212E-11  2.247515E-11  2.234958E-11  2.239793E-11  2.243112E-11  2.244943E-11  2.246431E-11  2.246134E-11  2.245769E-11  2.245083E-11  2.246917E-11  2.247046E-11  2.246316E-11  2.245573E-11
0.000000E+00  6.414169E-11  6.448287E-11  6.436449E-11  6.400186E-11  6.412774E-11  6.425077E-11  6.434912E-11  6.431764E-11  6.395322E-11  6.408626E-11  6.419426E-11  6.424541E-11  6.429512E-11  6.427973E-11  6.426364E-11  6.424362E-11  6.429655E-11  6.428975E-11  6.427545E-11  6.425899E-11
0.000000E+00  5.368339E-09  5.397253E-09  5.387383E-09  5.356663E-09  5.367320E-09  5.377888E-09  5.386096E-09  5.383682E-09  5.352657E-09  5.363565E-09  5.372649E-09  5.376886E-09  5.380910E-09  5.379944E-09  5.378925E-09  5.376976E-09  5.381715E-09  5.381839E-09  5.380266E-09  5.378657E-09
Gas           Sam
0.000000E+00  -1.097811E-13 -1.096917E-13 -1.096953E-13 -1.096595E-13 -1.095558E-13 -1.094736E-13 -1.093913E-13 -1.092733E-13 -1.092554E-13 -1.091589E-13 -1.091660E-13 -1.089765E-13 -1.090551E-13 -1.090230E-13 -1.090051E-13 -1.088692E-13 -1.088406E-13 -1.087655E-13 -1.088799E-13 -1.087726E-13
0.000000E+00  -3.196839E-14 -3.200773E-14 -3.209713E-14 -3.201130E-14 -3.207925E-14 -3.224018E-14 -3.207925E-14 -3.213647E-14 -3.214362E-14 -3.212574E-14 -3.232601E-14 -3.227237E-14 -3.217939E-14 -3.224376E-14 -3.215435E-14 -3.218296E-14 -3.214005E-14 -3.216866E-14 -3.222945E-14 -3.202918E-14
0.000000E+00  2.113189E-13  2.116980E-13  2.111938E-13  2.110650E-13  2.108826E-13  2.114405E-13  2.116408E-13  2.119126E-13  2.118518E-13  2.114513E-13  2.106430E-13  2.109685E-13  2.110614E-13  2.111687E-13  2.115049E-13  2.119770E-13  2.122559E-13  2.122344E-13  2.125563E-13  2.126314E-13
0.000000E+00  2.287090E-11  2.286253E-11  2.279483E-11  2.279991E-11  2.280795E-11  2.281765E-11  2.282941E-11  2.281750E-11  2.282859E-11  2.274530E-11  2.267445E-11  2.273682E-11  2.268168E-11  2.272334E-11  2.275867E-11  2.277648E-11  2.279165E-11  2.279333E-11  2.279129E-11  2.278750E-11
0.000000E+00  6.480080E-11  6.478542E-11  6.458015E-11  6.459373E-11  6.462449E-11  6.465167E-11  6.468958E-11  6.464559E-11  6.468243E-11  6.445033E-11  6.424755E-11  6.442422E-11  6.427401E-11  6.437737E-11  6.448216E-11  6.453115E-11  6.457442E-11  6.458122E-11  6.457979E-11  6.458158E-11
0.000000E+00  5.412935E-09  5.411129E-09  5.393355E-09  5.394893E-09  5.397486E-09  5.399739E-09  5.402618E-09  5.399596E-09  5.402332E-09  5.383109E-09  5.365782E-09  5.380123E-09  5.367463E-09  5.376315E-09  5.385595E-09  5.389886E-09  5.393445E-09  5.393695E-09  5.393695E-09  5.393623E-09
Gas           Ref
0.000000E+00  -1.142944E-13 -1.142586E-13 -1.143409E-13 -1.143910E-13 -1.143409E-13 -1.143623E-13 -1.143445E-13 -1.142551E-13 -1.143266E-13 -1.143123E-13 -1.143266E-13 -1.143802E-13 -1.143516E-13 -1.143266E-13 -1.141335E-13 -1.142765E-13 -1.143159E-13 -1.142551E-13 -1.144267E-13 -1.144374E-13
0.000000E+00  -3.387812E-14 -3.414992E-14 -3.413204E-14 -3.416065E-14 -3.414992E-14 -3.402117E-14 -3.401044E-14 -3.396038E-14 -3.403548E-14 -3.404620E-14 -3.400329E-14 -3.401044E-14 -3.416065E-14 -3.412131E-14 -3.412131E-14 -3.404978E-14 -3.401044E-14 -3.389958E-14 -3.412488E-14 -3.431443E-14
0.000000E+00  1.963879E-13  1.954796E-13  1.957263E-13  1.953973E-13  1.952364E-13  1.954474E-13  1.959802E-13  1.963343E-13  1.957049E-13  1.955511E-13  1.963594E-13  1.961877E-13  1.949575E-13  1.948466E-13  1.956334E-13  1.963236E-13  1.962020E-13  1.954116E-13  1.950218E-13  1.953580E-13
0.000000E+00  2.211923E-11  2.210496E-11  2.214992E-11  2.210053E-11  2.212481E-11  2.217778E-11  2.220757E-11  2.219662E-11  2.207138E-11  2.210704E-11  2.223403E-11  2.210532E-11  2.206684E-11  2.212835E-11  2.218872E-11  2.220506E-11  2.218565E-11  2.203068E-11  2.204728E-11  2.216987E-11
0.000000E+00  6.330556E-11  6.324941E-11  6.338030E-11  6.324083E-11  6.330806E-11  6.346149E-11  6.353766E-11  6.353015E-11  6.315357E-11  6.325871E-11  6.362850E-11  6.328410E-11  6.314498E-11  6.331593E-11  6.350297E-11  6.354195E-11  6.349653E-11  6.304664E-11  6.309098E-11  6.342930E-11
0.000000E+00  5.298655E-09  5.293380E-09  5.304860E-09  5.293380E-09  5.298083E-09  5.311136E-09  5.318074E-09  5.317628E-09  5.285655E-09  5.293971E-09  5.325799E-09  5.296903E-09  5.284958E-09  5.299263E-09  5.314838E-09  5.318575E-09  5.314552E-09  5.276429E-09  5.280345E-09  5.309206E-09
Gas           Sam
0.000000E+00  -1.100529E-13 -1.098455E-13 -1.097311E-13 -1.096989E-13 -1.096774E-13 -1.096238E-13 -1.095522E-13 -1.095558E-13 -1.093591E-13 -1.092697E-13 -1.092447E-13 -1.091374E-13 -1.089371E-13 -1.089192E-13 -1.088477E-13 -1.087762E-13 -1.088406E-13 -1.088906E-13 -1.087082E-13 -1.087404E-13
0.000000E+00  -3.243688E-14 -3.218654E-14 -3.246191E-14 -3.223303E-14 -3.225807E-14 -3.235463E-14 -3.256563E-14 -3.256563E-14 -3.239754E-14 -3.242257E-14 -3.248337E-14 -3.247979E-14 -3.236893E-14 -3.236535E-14 -3.240827E-14 -3.246191E-14 -3.240111E-14 -3.237250E-14 -3.235105E-14 -3.239039E-14
0.000000E+00  2.072670E-13  2.082219E-13  2.074458E-13  2.074673E-13  2.080681E-13  2.086582E-13  2.076032E-13  2.076604E-13  2.084794E-13  2.092948E-13  2.083899E-13  2.076997E-13  2.084615E-13  2.094700E-13  2.090230E-13  2.083792E-13  2.086510E-13  2.089157E-13  2.092554E-13  2.092554E-13
0.000000E+00  2.259119E-11  2.259399E-11  2.247157E-11  2.252274E-11  2.258633E-11  2.252596E-11  2.246810E-11  2.253501E-11  2.258830E-11  2.261172E-11  2.246366E-11  2.245236E-11  2.254034E-11  2.259717E-11  2.244625E-11  2.245219E-11  2.251255E-11  2.254213E-11  2.255225E-11  2.247911E-11
0.000000E+00  6.399900E-11  6.403190E-11  6.367677E-11  6.380946E-11  6.399613E-11  6.384057E-11  6.366104E-11  6.385058E-11  6.400794E-11  6.406981E-11  6.366963E-11  6.362349E-11  6.385845E-11  6.403691E-11  6.361348E-11  6.361491E-11  6.379014E-11  6.387168E-11  6.389493E-11  6.370789E-11
0.000000E+00  5.345737E-09  5.348133E-09  5.317699E-09  5.328803E-09  5.344950E-09  5.331950E-09  5.316590E-09  5.332398E-09  5.346327E-09  5.351227E-09  5.317699E-09  5.313550E-09  5.333542E-09  5.348241E-09  5.312943E-09  5.312800E-09  5.327498E-09  5.334186E-09  5.336582E-09  5.320882E-09
Gas           Ref
0.000000E+00  -1.143266E-13 -1.143588E-13 -1.142408E-13 -1.142408E-13 -1.143981E-13 -1.143051E-13 -1.143373E-13 -1.142408E-13 -1.142264E-13 -1.141621E-13 -1.141049E-13 -1.145018E-13 -1.144625E-13 -1.144267E-13 -1.144088E-13 -1.144124E-13 -1.144661E-13 -1.143552E-13 -1.144374E-13 -1.144410E-13
0.000000E+00  -3.447178E-14 -3.418568E-14 -3.421072E-14 -3.428224E-14 -3.432516E-14 -3.430370E-14 -3.427151E-14 -3.445033E-14 -3.444317E-14 -3.442529E-14 -3.434661E-14 -3.453616E-14 -3.462914E-14 -3.441456E-14 -3.428939E-14 -3.439668E-14 -3.440741E-14 -3.435734E-14 -3.426436E-14 -3.431800E-14
0.000000E+00  1.935520E-13  1.936986E-13  1.928009E-13  1.918532E-13  1.927294E-13  1.933910E-13  1.934304E-13  1.925077E-13  1.920964E-13  1.924827E-13  1.928045E-13  1.918604E-13  1.917853E-13  1.922645E-13  1.929118E-13  1.929476E-13  1.923110E-13  1.917030E-13  1.923646E-13  1.929154E-13
0.000000E+00  2.200615E-11  2.199399E-11  2.185030E-11  2.183978E-11  2.194496E-11  2.197736E-11  2.196341E-11  2.180659E-11  2.183581E-11  2.193702E-11  2.188484E-11  2.179622E-11  2.185051E-11  2.188388E-11  2.190448E-11  2.192007E-11  2.176758E-11  2.182340E-11  2.192715E-11  2.191438E-11
0.000000E+00  6.297797E-11  6.295008E-11  6.254595E-11  6.250161E-11  6.280094E-11  6.289500E-11  6.286997E-11  6.241399E-11  6.248588E-11  6.276339E-11  6.264358E-11  6.237787E-11  6.253022E-11  6.262284E-11  6.268436E-11  6.272191E-11  6.229204E-11  6.243330E-11  6.274944E-11  6.271726E-11
0.000000E+00  5.271171E-09  5.268579E-09  5.234837E-09  5.230724E-09  5.255901E-09  5.264555E-09  5.262535E-09  5.223535E-09  5.229275E-09  5.253022E-09  5.243366E-09  5.220353E-09  5.233460E-09  5.241417E-09  5.246388E-09  5.249821E-09  5.213647E-09  5.225038E-09  5.251788E-09  5.249481E-09
Gas           Sam
0.000000E+00  -1.101030E-13 -1.100493E-13 -1.097811E-13 -1.097311E-13 -1.096059E-13 -1.093770E-13 -1.093055E-13 -1.092518E-13 -1.092411E-13 -1.090730E-13 -1.092053E-13 -1.091410E-13 -1.090909E-13 -1.090551E-13 -1.089943E-13 -1.090158E-13 -1.091302E-13 -1.089765E-13 -1.088406E-13 -1.088799E-13
0.000000E+00  -3.265861E-14 -3.279451E-14 -3.278020E-14 -3.251913E-14 -3.266218E-14 -3.266218E-14 -3.263715E-14 -3.255489E-14 -3.245476E-14 -3.264073E-14 -3.262642E-14 -3.253702E-14 -3.231528E-14 -3.264788E-14 -3.274444E-14 -3.269080E-14 -3.255489E-14 -3.256205E-14 -3.263357E-14 -3.259781E-14
0.000000E+00  2.054681E-13  2.045490E-13  2.048101E-13  2.056434E-13  2.050712E-13  2.048959E-13  2.051570E-13  2.059581E-13  2.059974E-13  2.061941E-13  2.053358E-13  2.053358E-13  2.064516E-13  2.061905E-13  2.058615E-13  2.063193E-13  2.064874E-13  2.065982E-13  2.068379E-13  2.068092E-13
0.000000E+00  2.234007E-11  2.224258E-11  2.233807E-11  2.238999E-11  2.223081E-11  2.226912E-11  2.231779E-11  2.234214E-11  2.233982E-11  2.235977E-11  2.220986E-11  2.224505E-11  2.237147E-11  2.227090E-11  2.228278E-11  2.230313E-11  2.231428E-11  2.231900E-11  2.231736E-11  2.232101E-11
0.000000E+00  6.332165E-11  6.302625E-11  6.328553E-11  6.345433E-11  6.299084E-11  6.309277E-11  6.324512E-11  6.330770E-11  6.330127E-11  6.336993E-11  6.293434E-11  6.302303E-11  6.339890E-11  6.310600E-11  6.313783E-11  6.319433E-11  6.322152E-11  6.324727E-11  6.324369E-11  6.324798E-11
0.000000E+00  5.289071E-09  5.263554E-09  5.285119E-09  5.299817E-09  5.260925E-09  5.269151E-09  5.281650E-09  5.287533E-09  5.287390E-09  5.292486E-09  5.256241E-09  5.263393E-09  5.294757E-09  5.270385E-09  5.272817E-09  5.277752E-09  5.280560E-09  5.282044E-09  5.282294E-09  5.282473E-09
Gas           Ref
0.000000E+00  -1.142300E-13 -1.141621E-13 -1.142443E-13 -1.141227E-13 -1.141800E-13 -1.141263E-13 -1.141442E-13 -1.143623E-13 -1.145197E-13 -1.144053E-13 -1.141442E-13 -1.141978E-13 -1.143516E-13 -1.143838E-13 -1.140977E-13 -1.141514E-13 -1.143123E-13 -1.143123E-13 -1.142121E-13 -1.140906E-13
0.000000E+00  -3.450397E-14 -3.453616E-14 -3.476862E-14 -3.474001E-14 -3.470424E-14 -3.474716E-14 -3.492240E-14 -3.480795E-14 -3.462557E-14 -3.451827E-14 -3.445748E-14 -3.442887E-14 -3.467563E-14 -3.480438E-14 -3.460768E-14 -3.471855E-14 -3.484014E-14 -3.473643E-14 -3.464702E-14 -3.486160E-14
0.000000E+00  1.909234E-13  1.905872E-13  1.895394E-13  1.892783E-13  1.901259E-13  1.890637E-13  1.888348E-13  1.891353E-13  1.897396E-13  1.900830E-13  1.902368E-13  1.896967E-13  1.889314E-13  1.890637E-13  1.898112E-13  1.889707E-13  1.883163E-13  1.886525E-13  1.896646E-13  1.896145E-13
0.000000E+00  2.171386E-11  2.162796E-11  2.155951E-11  2.163390E-11  2.168407E-11  2.153776E-11  2.156255E-11  2.162435E-11  2.169716E-11  2.168604E-11  2.168561E-11  2.156645E-11  2.152314E-11  2.161727E-11  2.167298E-11  2.150436E-11  2.152521E-11  2.158705E-11  2.165414E-11  2.157821E-11
0.000000E+00  6.214541E-11  6.191188E-11  6.168657E-11  6.189722E-11  6.207245E-11  6.164151E-11  6.171161E-11  6.188434E-11  6.209856E-11  6.207496E-11  6.206709E-11  6.173664E-11  6.159431E-11  6.185896E-11  6.201845E-11  6.154639E-11  6.159574E-11  6.178421E-11  6.197482E-11  6.176382E-11
0.000000E+00  5.201792E-09  5.181961E-09  5.163221E-09  5.180710E-09  5.195515E-09  5.158840E-09  5.164616E-09  5.178904E-09  5.197554E-09  5.195265E-09  5.194889E-09  5.167334E-09  5.155139E-09  5.176972E-09  5.191438E-09  5.151205E-09  5.155604E-09  5.170535E-09  5.186914E-09  5.169498E-09
Gas           Sam
0.000000E+00  -1.097847E-13 -1.097561E-13 -1.097597E-13 -1.097597E-13 -1.096881E-13 -1.095522E-13 -1.094020E-13 -1.093484E-13 -1.094092E-13 -1.092447E-13 -1.092304E-13 -1.091624E-13 -1.091338E-13 -1.089943E-13 -1.091088E-13 -1.090265E-13 -1.089622E-13 -1.089657E-13 -1.089943E-13 -1.088585E-13
0.000000E+00  -3.289464E-14 -3.315571E-14 -3.296259E-14 -3.269437E-14 -3.288749E-14 -3.292683E-14 -3.296259E-14 -3.295544E-14 -3.281596E-14 -3.284100E-14 -3.281954E-14 -3.268007E-14 -3.268722E-14 -3.269080E-14 -3.280166E-14 -3.278735E-14 -3.275159E-14 -3.286246E-14 -3.305558E-14 -3.297332E-14
0.000000E+00  2.025570E-13  2.017667E-13  2.017524E-13  2.024748E-13  2.024033E-13  2.015485E-13  2.022531E-13  2.028610E-13  2.029647E-13  2.023675E-13  2.026643E-13  2.034797E-13  2.036156E-13  2.028288E-13  2.026786E-13  2.034726E-13  2.038338E-13  2.032508E-13  2.025499E-13  2.029290E-13
0.000000E+00  2.214638E-11  2.200898E-11  2.206666E-11  2.215532E-11  2.200801E-11  2.202743E-11  2.208508E-11  2.213540E-11  2.204188E-11  2.199628E-11  2.206841E-11  2.214616E-11  2.210314E-11  2.196695E-11  2.201727E-11  2.210414E-11  2.211348E-11  2.197067E-11  2.197350E-11  2.203644E-11
0.000000E+00  6.276733E-11  6.236428E-11  6.252986E-11  6.277698E-11  6.237036E-11  6.242114E-11  6.258172E-11  6.272191E-11  6.245905E-11  6.233067E-11  6.252557E-11  6.274944E-11  6.264859E-11  6.224948E-11  6.237358E-11  6.263107E-11  6.266862E-11  6.227988E-11  6.226343E-11  6.244009E-11
0.000000E+00  5.242543E-09  5.208122E-09  5.221801E-09  5.243187E-09  5.209141E-09  5.212860E-09  5.226218E-09  5.238252E-09  5.216616E-09  5.205618E-09  5.221855E-09  5.241149E-09  5.232548E-09  5.198251E-09  5.209123E-09  5.230616E-09  5.234461E-09  5.201219E-09  5.199896E-09  5.214845E-09
Gas           Ref
0.000000E+00  -1.143588E-13 -1.142121E-13 -1.143516E-13 -1.144160E-13 -1.143623E-13 -1.143266E-13 -1.143266E-13 -1.141835E-13 -1.142479E-13 -1.141299E-13 -1.142121E-13 -1.142372E-13 -1.142872E-13 -1.142157E-13 -1.142336E-13 -1.145054E-13 -1.144303E-13 -1.143731E-13 -1.143766E-13 -1.142551E-13
0.000000E+00  -3.501895E-14 -3.486160E-14 -3.487948E-14 -3.490451E-14 -3.475789E-14 -3.506902E-14 -3.521207E-14 -3.507618E-14 -3.505829E-14 -3.472570E-14 -3.476862E-14 -3.479722E-14 -3.505114E-14 -3.520850E-14 -3.521207E-14 -3.509048E-14 -3.517989E-14 -3.518704E-14 -3.510836E-14 -3.503326E-14
0.000000E+00  1.867606E-13  1.870038E-13  1.861348E-13  1.857807E-13  1.864638E-13  1.873435E-13  1.871361E-13  1.865353E-13  1.860132E-13  1.868178E-13  1.872649E-13  1.865675E-13  1.854696E-13  1.860775E-13  1.866712E-13  1.866211E-13  1.856591E-13  1.853694E-13  1.857986E-13  1.866462E-13
0.000000E+00  2.141285E-11  2.138660E-11  2.130034E-11  2.133217E-11  2.142726E-11  2.144117E-11  2.143620E-11  2.127888E-11  2.132448E-11  2.143337E-11  2.142132E-11  2.128646E-11  2.127473E-11  2.137494E-11  2.140576E-11  2.136739E-11  2.123746E-11  2.127999E-11  2.138838E-11  2.138981E-11
0.000000E+00  6.127351E-11  6.122309E-11  6.096023E-11  6.104964E-11  6.132000E-11  6.137258E-11  6.135684E-11  6.090766E-11  6.102854E-11  6.133968E-11  6.131571E-11  6.094271E-11  6.088370E-11  6.116802E-11  6.126850E-11  6.117767E-11  6.078821E-11  6.090122E-11  6.120986E-11  6.121487E-11
0.000000E+00  5.128245E-09  5.124401E-09  5.101066E-09  5.108880E-09  5.132537E-09  5.136346E-09  5.135434E-09  5.097650E-09  5.107789E-09  5.134200E-09  5.132466E-09  5.100440E-09  5.095647E-09  5.119501E-09  5.128049E-09  5.119966E-09  5.087279E-09  5.096685E-09  5.123149E-09  5.123256E-09
 Gas          
0.000000E+00  0.000000E+00  0.000000E+00  0.000000E+00  0.000000E+00  0.000000E+00  0.000000E+00  0.000000E+00  0.000000E+00  0.000000E+00  0.000000E+00  0.000000E+00  0.000000E+00  0.000000E+00  0.000000E+00  0.000000E+00  0.000000E+00  0.000000E+00  0.000000E+00  0.000000E+00  0.000000E+00
0.000000E+00  0.000000E+00  0.000000E+00  0.000000E+00  0.000000E+00  0.000000E+00  0.000000E+00  0.000000E+00  0.000000E+00  0.000000E+00  0.000000E+00  0.000000E+00  0.000000E+00  0.000000E+00  0.000000E+00  0.000000E+00  0.000000E+00  0.000000E+00  0.000000E+00  0.000000E+00  0.000000E+00
0.000000E+00  0.000000E+00  0.000000E+00  0.000000E+00  0.000000E+00  0.000000E+00  0.000000E+00  0.000000E+00  0.000000E+00  0.000000E+00  0.000000E+00  0.000000E+00  0.000000E+00  0.000000E+00  0.000000E+00  0.000000E+00  0.000000E+00  0.000000E+00  0.000000E+00  0.000000E+00  0.000000E+00
0.000000E+00  0.000000E+00  0.000000E+00  0.000000E+00  0.000000E+00  0.000000E+00  0.000000E+00  0.000000E+00  0.000000E+00  0.000000E+00  0.000000E+00  0.000000E+00  0.000000E+00  0.000000E+00  0.000000E+00  0.000000E+00  0.000000E+00  0.000000E+00  0.000000E+00  0.000000E+00  0.000000E+00
0.000000E+00  0.000000E+00  0.000000E+00  0.000000E+00  0.000000E+00  0.000000E+00  0.000000E+00  0.000000E+00  0.000000E+00  0.000000E+00  0.000000E+00  0.000000E+00  0.000000E+00  0.000000E+00  0.000000E+00  0.000000E+00  0.000000E+00  0.000000E+00  0.000000E+00  0.000000E+00  0.000000E+00
0.000000E+00  0.000000E+00  0.000000E+00  0.000000E+00  0.000000E+00  0.000000E+00  0.000000E+00  0.000000E+00  0.000000E+00  0.000000E+00  0.000000E+00  0.000000E+00  0.000000E+00  0.000000E+00  0.000000E+00  0.000000E+00  0.000000E+00  0.000000E+00  0.000000E+00  0.000000E+00  0.000000E+00
End of Analysis
"H3 factor",13.13339
"Linearity factor (0)",52.88039
"Linearity factor (1)",18.00761
"Linearity factor (2)",-.1321419
"Linearity factor (3)",9.804096E-04
"Linearity factor (4)",-7.965973E-02
"Linearity factor (5)",0
"Collector Gains :",500,5000,5000,5000,500,500,50,500,1,5
"Number of deflectors available : ",33
"Source HT",8000
"Extraction V",780
"H Defl",310
"Trap",850
"Trap Voltage",24
"Repeller",4
"Filament V",-110
"Delta HP",19
"Z Lens",110
"Delta Z",130
"Max Current",3.5
"Heater Current",1
"Quad 1",120
"Cubic 1",50
"Lin 1",0
"Deflect 1 I",5
"Deflect 1 O",5
"Offset 1",0
"Offset 2",0
"Quad 2",-620
"Cubic 2",0
"Lin 2",0
"Q1 I Cor",0
"Q1 O Cor",0
"Suppressor",-100
"Mop Plate",-15
"ESA H1",790
"ESA H1 delta",0
"ESA H2",800
"ESA H2 delta",0
"ESA H3",820
"ESA H3 delta",0
"ESA HD",0
"ESA HD delta",0
"Batch Started: ","13:02:19 15:29:56"
"Data File: ","C:\Nu Stable\Results\2019\201902013 standard PD4 BSS WNI ZE NTA\Data_9286 PD4 127.txt"
"Sample Name: ","PD4 127"
"Sample Weight: ",74
"Sample Type: ","Sam"
"Vial Number: ",9
"Sam Beam First CO: ","5.495666e-09"
"Sam Beam Last CO: ","5.216419e-09"
"Ref Beam First CO: ","5.495400e-09"
"Ref Beam Second CO: ","5.433716e-09"
"Ref BeamLast CO: ","5.112652e-09"
"Sam Depletion: ","5 %"
"Ref Depletion: ","7 %"
"Observed CP Temperature: ",70.256
"Std Dev: ","0.000e00"
"Min: ","70.256"
"Max: ","70.256"
"Ave Started: ","13:02:19 20:02:07"
"Ave Stopped: ","13:02:19 20:05:51"
"Num: ",7
"Current Mass: ",46.02939
"Method File Name","C:\Nu Stable\Analyses\DI\040216 12-12-20 6 collectors.rdf"
"Version 6"
"Analysis Type","DI"
"Analysis Calculation Routine ","Clumped CO2 Iterative"
"Gas ID ","CO2"
"Ref Gas Identifier ","AirLiquide01"
"Centring collector ",8
"Num of Ref/Sam cycles ",6
"Cycles length(secs) ",20
"C/O valve stabilisation time ",12
"Offset for zero measurement(amu) ",0
"Zero measurement time ",20
"Spare",0
"Spare",0
0
-1
-1
-1
-1
0
-1
0
-1
0
"Num Clumped Blocks","1"
"Do zero at start of block",#FALSE#
"Balance beams",#FALSE#
"Mag Hysteresis Offset",.001
"Apply Hysteresis Offset",#FALSE#
"Target Beam (A) ",.00000005
"Use CF with Bellows ",#FALSE#
"DI Auto Gas balancing: ","True"
"Pirani pressure",3.398285E-02
"Cold finger status","CF"
"Inlet transducer pressure",.640765
"Sample operations:  InitialisePrepSampleRun; CheckIfCFRequired; UseCF; SampleTrapped; BalanceRefToSamValue; DepletingBalance; SampleReady;"
"Number of sample chops",0
"Number of sample double chops",0
"Run from bellows",#FALSE#
"Max sample pump-over pressure (mBar)","0.000000e00"
"Max sample pump-over pressure (raw)",0
"Pre-balance Sam Beam","5.682512e-09"
"Min ref beam","2.956691e-09"
"Max ref beam","1.747372e-08"
"Ref bellows position",4912
"Sam bellows position",8446
"Balance %",.3361123
"Initial Sam Beam","5.914455e-09"
"Final Ref Beam","5.681783e-09"
"Final Sam Beam","5.700880e-09"
"Pre-depleted Ref Beam",5.701452E-09
"InletPiraniPressure",3.398285E-02
"Depletion Factor",.96
"Balance End","13/02/19 20:46:05"
"Water Trap Temperature Hot",-195.1766
"Water Trap Temperature Cold",-195.1766
"DP Version",25
"Num Gas Cycles ",1
"UseFrontHeightThreshold(1)",#TRUE#
"FrontHeightThreshold(1)",2
"UseBackHeightThreshold(1)",#TRUE#
"BackHeightThreshold(1)",2.7
"UsePeakWidthLimit(1)",#FALSE#
"PeakWidthLimit(1)",6
"RefGasFrontHeightThreshold(1)",40
"RefGasBackHeightThreshold(1)",10
"Measure_Elemental_Comp",#TRUE#
"Use_TCD_For_Elem_Calcs",#FALSE#
"Sample_Name","PD4 127"
"Sample_Type","Sam"
"Sample_Weight",74
"Sample_Vial",9
"Standard_Type",""
"NoAnalysisCycles",1
"Gas1","CO2"
"Ref Gas1","AirLiquide01"
"Analysis_Routine1","Clumped CO2 Iterative"
"ZeroWidth1",10
"NoZeros1",1
"ZeroTime1",10
"Delta wrt Std 1",#FALSE#
"AllowLinearityCorrection",#FALSE#
"Num Collectors",6
"LinearityFactor(Cent)",52880.39
"LinearityFactor(Low2)",18007.61
"LinearityFactor(Low4)",-132.1419
"LinearityFactor()",.9804096
"LinearityFactor()",-79.65973
"LinearityFactor()",0
"UseH3Factor",#FALSE#
"H3Factor",0
"Axial Mass",46
"Anal Start",0
"Anal End",0
"Calc Linearity Correction from Ref Peaks",#FALSE#
"Temperature",25
"Std Temperature",25
"A_Factor",1.01025
"K_Factor",.04
"TemperatureCorrectionEnabled",#FALSE#
"GC ZeroMethod","Lowest Peak Limit"
"GC AllowZeroToCutPoints",#FALSE#
"GC UseIsotopicShift",#TRUE#
"GC InterpolatePeakHeight",#TRUE#
"GC NumZeroPoints",10
"GC Min Peak Height",.0000000001
"GC No UserPeaks",0
"SmoothingInterval",10
"DropFactor",1
"GradientRejectfactor",10
"SectionSize",100
"BackgroundStartTime",1
"CutOffTime",1000
"UseNewBackgroundCalcn",#FALSE#
"GC Label File","None.lab"
"GC No User Defined Background Points",0
"GC No Auto-detected Peaks to be Removed",0
"GC No Auto-calculated Background Points to Remove",0
"GC Std Peak In Sample",#FALSE#
"GC Std Peak Time",0
"Max Gap For Grouping EA Ref Pulses",20
"Group EA Ref Peaks",#FALSE#
"Use Defined Peak Limits (1)",#FALSE#
"Peak Start (1)",0
"Peak End (1)",0
"DP Version",25
"Num Gas Cycles ",1
"UseFrontHeightThreshold(1)",#TRUE#
"FrontHeightThreshold(1)",2
"UseBackHeightThreshold(1)",#TRUE#
"BackHeightThreshold(1)",2.7
"UsePeakWidthLimit(1)",#FALSE#
"PeakWidthLimit(1)",6
"RefGasFrontHeightThreshold(1)",40
"RefGasBackHeightThreshold(1)",10
"Measure_Elemental_Comp",#TRUE#
"Use_TCD_For_Elem_Calcs",#FALSE#
"Sample_Name","PD4 127"
"Sample_Type","Sam"
"Sample_Weight",74
"Sample_Vial",9
"Standard_Type",""
"NoAnalysisCycles",1
"Gas1","CO2"
"Ref Gas1","AirLiquide01"
"Analysis_Routine1","Clumped CO2 Iterative"
"ZeroWidth1",10
"NoZeros1",1
"ZeroTime1",10
"Delta wrt Std 1",#FALSE#
"AllowLinearityCorrection",#FALSE#
"Num Collectors",6
"LinearityFactor(Cent)",52880.39
"LinearityFactor(Low2)",18007.61
"LinearityFactor(Low4)",-132.1419
"LinearityFactor()",.9804096
"LinearityFactor()",-79.65973
"LinearityFactor()",0
"UseH3Factor",#FALSE#
"H3Factor",0
"Axial Mass",46
"Anal Start",0
"Anal End",0
"Calc Linearity Correction from Ref Peaks",#FALSE#
"Temperature",25
"Std Temperature",25
"A_Factor",1.01025
"K_Factor",.04
"TemperatureCorrectionEnabled",#FALSE#
"GC ZeroMethod","Lowest Peak Limit"
"GC AllowZeroToCutPoints",#FALSE#
"GC UseIsotopicShift",#TRUE#
"GC InterpolatePeakHeight",#TRUE#
"GC NumZeroPoints",10
"GC Min Peak Height",.0000000001
"GC No UserPeaks",0
"SmoothingInterval",10
"DropFactor",1
"GradientRejectfactor",10
"SectionSize",100
"BackgroundStartTime",1
"CutOffTime",1000
"UseNewBackgroundCalcn",#FALSE#
"GC Label File","None.lab"
"GC No User Defined Background Points",0
"GC No Auto-detected Peaks to be Removed",0
"GC No Auto-calculated Background Points to Remove",0
"GC Std Peak In Sample",#FALSE#
"GC Std Peak Time",0
"Max Gap For Grouping EA Ref Pulses",20
"Group EA Ref Peaks",#FALSE#
"Use Defined Peak Limits (1)",#FALSE#
"Peak Start (1)",0
"Peak End (1)",0
"End of Data file"


