"Clumped CO2 Iterative Analysis,         Data File Version 10"
"Started analysis at 4:29:14 AM on the Thursday, February 14, 2019"
"UTC FileTimeLow",-1077276416," UTC FileTimeHigh",30721095
"Time Zone ","Eastern Daylight Time"
"CO Disabled",#FALSE#
"Persective Instrument","PS019"
"User logged in",#FALSE#
"Software Version","Stable 1.69.5"
"Axial Mass is :",46
"No_C_O_Cycles",6
"Num Blocks",1
0
-1
-1
-1
-1
0
-1
0
-1
0
"Sample Name is ","WNI-1"
Zero Data
-1.116767397687E-13, -5.771565103824E-14, -6.115245638973E-14, -3.305736371082E-14, 1.110614394504E-13, 4.001859650951E-12, Measured at start of run
Individual Data
No_C_O_Cycles                6 
Cycle_Length   20 
Zero_Measurement_Length      20 
Axial_Mass     46 
 Gas          Bla
0.000000E+00  -1.117588E-13 -1.119305E-13 -1.118053E-13 -1.117695E-13 -1.115907E-13 -1.117266E-13 -1.116587E-13 -1.117374E-13 -1.117874E-13 -1.116336E-13 -1.116372E-13 -1.117445E-13 -1.116193E-13 -1.116050E-13 -1.117588E-13 -1.116408E-13 -1.115836E-13 -1.115514E-13 -1.114227E-13 -1.115729E-13
0.000000E+00  -5.771404E-14 -5.767113E-14 -5.763179E-14 -5.775695E-14 -5.781060E-14 -5.776411E-14 -5.769616E-14 -5.777484E-14 -5.771046E-14 -5.761749E-14 -5.775338E-14 -5.766398E-14 -5.768543E-14 -5.756742E-14 -5.758888E-14 -5.765324E-14 -5.776053E-14 -5.775695E-14 -5.787140E-14 -5.786425E-14
0.000000E+00  -6.115442E-14 -6.120806E-14 -6.114012E-14 -6.120092E-14 -6.122237E-14 -6.124383E-14 -6.119376E-14 -6.109720E-14 -6.115085E-14 -6.116515E-14 -6.102925E-14 -6.101853E-14 -6.115085E-14 -6.119734E-14 -6.117588E-14 -6.120806E-14 -6.119019E-14 -6.104713E-14 -6.103999E-14 -6.121522E-14
0.000000E+00  -3.229383E-14 -3.190044E-14 -3.222230E-14 -3.236535E-14 -3.315213E-14 -3.308061E-14 -3.283027E-14 -3.343824E-14 -3.350977E-14 -3.232959E-14 -3.347400E-14 -3.300908E-14 -3.318790E-14 -3.304485E-14 -3.350977E-14 -3.379587E-14 -3.426078E-14 -3.315213E-14 -3.358129E-14 -3.300908E-14
0.000000E+00  1.130105E-13  1.133681E-13  1.122953E-13  1.119376E-13  1.119376E-13  1.122953E-13  1.133681E-13  1.115800E-13  1.112224E-13  1.101495E-13  1.101495E-13  1.094342E-13  1.101495E-13  1.101495E-13  1.119376E-13  1.105071E-13  1.094342E-13  1.101495E-13  1.097919E-13  1.083614E-13
0.000000E+00  4.255776E-12  4.148487E-12  4.112724E-12  4.041199E-12  4.076961E-12  4.094843E-12  4.094843E-12  4.041199E-12  4.005436E-12  3.951792E-12  3.987555E-12  3.951792E-12  3.987555E-12  3.933910E-12  3.933910E-12  3.916029E-12  3.898147E-12  3.880266E-12  3.844503E-12  3.880266E-12
Gas           Ref
0.000000E+00  -1.113797E-13 -1.114298E-13 -1.114155E-13 -1.115335E-13 -1.112438E-13 -1.112796E-13 -1.113976E-13 -1.114584E-13 -1.115514E-13 -1.114977E-13 -1.115407E-13 -1.115192E-13 -1.113833E-13 -1.113082E-13 -1.113297E-13 -1.113762E-13 -1.113797E-13 -1.113118E-13 -1.112152E-13 -1.113261E-13
0.000000E+00  -3.728274E-14 -3.725771E-14 -3.732566E-14 -3.737573E-14 -3.721837E-14 -3.722194E-14 -3.723267E-14 -3.735784E-14 -3.740791E-14 -3.750089E-14 -3.751878E-14 -3.723982E-14 -3.725413E-14 -3.718618E-14 -3.722910E-14 -3.731850E-14 -3.723625E-14 -3.746513E-14 -3.744010E-14 -3.742221E-14
0.000000E+00  1.548459E-13  1.546957E-13  1.546134E-13  1.539232E-13  1.532938E-13  1.534261E-13  1.544346E-13  1.549889E-13  1.546814E-13  1.532687E-13  1.529719E-13  1.538838E-13  1.543023E-13  1.542808E-13  1.544990E-13  1.542665E-13  1.537515E-13  1.535441E-13  1.535977E-13  1.535298E-13
0.000000E+00  1.851327E-11  1.851191E-11  1.849027E-11  1.837004E-11  1.838309E-11  1.846434E-11  1.849574E-11  1.849303E-11  1.844704E-11  1.834869E-11  1.837830E-11  1.848287E-11  1.847765E-11  1.846467E-11  1.846316E-11  1.843158E-11  1.838377E-11  1.839360E-11  1.841789E-11  1.837923E-11
0.000000E+00  5.301480E-11  5.299728E-11  5.295759E-11  5.259173E-11  5.263500E-11  5.286854E-11  5.296831E-11  5.295472E-11  5.283027E-11  5.253773E-11  5.262070E-11  5.291968E-11  5.290895E-11  5.288070E-11  5.286889E-11  5.278056E-11  5.263787E-11  5.266183E-11  5.273836E-11  5.263679E-11
0.000000E+00  4.436449E-09  4.435859E-09  4.431908E-09  4.401116E-09  4.404567E-09  4.424004E-09  4.432748E-09  4.431729E-09  4.421072E-09  4.396145E-09  4.403423E-09  4.428886E-09  4.427509E-09  4.425846E-09  4.424719E-09  4.417066E-09  4.404799E-09  4.407106E-09  4.413365E-09  4.404638E-09
Gas           Sam
0.000000E+00  -1.082755E-13 -1.083113E-13 -1.081110E-13 -1.079823E-13 -1.079680E-13 -1.079393E-13 -1.079715E-13 -1.079715E-13 -1.078714E-13 -1.079715E-13 -1.079072E-13 -1.078142E-13 -1.076318E-13 -1.076068E-13 -1.075388E-13 -1.075674E-13 -1.075281E-13 -1.076497E-13 -1.076926E-13 -1.075531E-13
0.000000E+00  -3.636721E-14 -3.643874E-14 -3.640298E-14 -3.644589E-14 -3.638867E-14 -3.632787E-14 -3.645662E-14 -3.642801E-14 -3.642801E-14 -3.648165E-14 -3.662113E-14 -3.635291E-14 -3.644589E-14 -3.665689E-14 -3.653172E-14 -3.647092E-14 -3.634933E-14 -3.623489E-14 -3.629569E-14 -3.650669E-14
0.000000E+00  1.600351E-13  1.600243E-13  1.614370E-13  1.616408E-13  1.618589E-13  1.618589E-13  1.616551E-13  1.616837E-13  1.620664E-13  1.611723E-13  1.609041E-13  1.616980E-13  1.625134E-13  1.626994E-13  1.628317E-13  1.629390E-13  1.626565E-13  1.626708E-13  1.627888E-13  1.628532E-13
0.000000E+00  1.842139E-11  1.846756E-11  1.855704E-11  1.854867E-11  1.854116E-11  1.853741E-11  1.853612E-11  1.853801E-11  1.850769E-11  1.839525E-11  1.841385E-11  1.852568E-11  1.852804E-11  1.851695E-11  1.851105E-11  1.851531E-11  1.850908E-11  1.850039E-11  1.850079E-11  1.850075E-11
0.000000E+00  5.256026E-11  5.268543E-11  5.295329E-11  5.292898E-11  5.290108E-11  5.289536E-11  5.289107E-11  5.289250E-11  5.280846E-11  5.248587E-11  5.252521E-11  5.284672E-11  5.285781E-11  5.283027E-11  5.282097E-11  5.282384E-11  5.281310E-11  5.278700E-11  5.277913E-11  5.278127E-11
0.000000E+00  4.395090E-09  4.405282E-09  4.428385E-09  4.426311E-09  4.424576E-09  4.423932E-09  4.423396E-09  4.423396E-09  4.416780E-09  4.388975E-09  4.391996E-09  4.419605E-09  4.420607E-09  4.418461E-09  4.416780E-09  4.417746E-09  4.416601E-09  4.414562E-09  4.413812E-09  4.414455E-09
Gas           Ref
0.000000E+00  -1.110150E-13 -1.111938E-13 -1.113118E-13 -1.114298E-13 -1.114620E-13 -1.115264E-13 -1.113440E-13 -1.112081E-13 -1.113583E-13 -1.111973E-13 -1.111795E-13 -1.112116E-13 -1.113833E-13 -1.112402E-13 -1.111437E-13 -1.112689E-13 -1.114513E-13 -1.112975E-13 -1.114405E-13 -1.113976E-13
0.000000E+00  -3.743294E-14 -3.756884E-14 -3.759388E-14 -3.749732E-14 -3.736857E-14 -3.740791E-14 -3.747586E-14 -3.744010E-14 -3.748301E-14 -3.740076E-14 -3.738645E-14 -3.755454E-14 -3.750805E-14 -3.749732E-14 -3.776196E-14 -3.772262E-14 -3.757242E-14 -3.750089E-14 -3.736499E-14 -3.740076E-14
0.000000E+00  1.519741E-13  1.512410E-13  1.511301E-13  1.520599E-13  1.521100E-13  1.514091E-13  1.508082E-13  1.511373E-13  1.517524E-13  1.519598E-13  1.515807E-13  1.517023E-13  1.518704E-13  1.520993E-13  1.512195E-13  1.504828E-13  1.509763E-13  1.515450E-13  1.516487E-13  1.515128E-13
0.000000E+00  1.822416E-11  1.816408E-11  1.819963E-11  1.830041E-11  1.829383E-11  1.815668E-11  1.816386E-11  1.819920E-11  1.828192E-11  1.827255E-11  1.827055E-11  1.826582E-11  1.826071E-11  1.824895E-11  1.811408E-11  1.812628E-11  1.823271E-11  1.824748E-11  1.824312E-11  1.823571E-11
0.000000E+00  5.220299E-11  5.201524E-11  5.211859E-11  5.240362E-11  5.238573E-11  5.201094E-11  5.201345E-11  5.210786E-11  5.233639E-11  5.233030E-11  5.231564E-11  5.230205E-11  5.228811E-11  5.226378E-11  5.188077E-11  5.192010E-11  5.220764E-11  5.226486E-11  5.224269E-11  5.223267E-11
0.000000E+00  4.368572E-09  4.352407E-09  4.361079E-09  4.385917E-09  4.384361E-09  4.352282E-09  4.352049E-09  4.360740E-09  4.380284E-09  4.379372E-09  4.378460E-09  4.376869E-09  4.376100E-09  4.373793E-09  4.341464E-09  4.344128E-09  4.368607E-09  4.373918E-09  4.372202E-09  4.371183E-09
Gas           Sam
0.000000E+00  -1.085938E-13 -1.085330E-13 -1.083041E-13 -1.082147E-13 -1.082862E-13 -1.080323E-13 -1.079107E-13 -1.079894E-13 -1.079823E-13 -1.079751E-13 -1.077641E-13 -1.077033E-13 -1.077999E-13 -1.077570E-13 -1.076854E-13 -1.077212E-13 -1.074673E-13 -1.075317E-13 -1.077140E-13 -1.076103E-13
0.000000E+00  -3.669981E-14 -3.654245E-14 -3.667120E-14 -3.667477E-14 -3.652457E-14 -3.651026E-14 -3.665689E-14 -3.662828E-14 -3.661040E-14 -3.657464E-14 -3.646377E-14 -3.644947E-14 -3.641013E-14 -3.656749E-14 -3.679636E-14 -3.673557E-14 -3.667477E-14 -3.663901E-14 -3.679636E-14 -3.676060E-14
0.000000E+00  1.586367E-13  1.591410E-13  1.594593E-13  1.592733E-13  1.592161E-13  1.595594E-13  1.596560E-13  1.595415E-13  1.590373E-13  1.592518E-13  1.603319E-13  1.604177E-13  1.602210E-13  1.599135E-13  1.594771E-13  1.595880E-13  1.602389E-13  1.607288E-13  1.606502E-13  1.597132E-13
0.000000E+00  1.837397E-11  1.836828E-11  1.836557E-11  1.836163E-11  1.835831E-11  1.835666E-11  1.834686E-11  1.824580E-11  1.822370E-11  1.829612E-11  1.834572E-11  1.833703E-11  1.833531E-11  1.823721E-11  1.820592E-11  1.826940E-11  1.833535E-11  1.832687E-11  1.829780E-11  1.818400E-11
0.000000E+00  5.243151E-11  5.240505E-11  5.239969E-11  5.238789E-11  5.237573E-11  5.237143E-11  5.234461E-11  5.206888E-11  5.198698E-11  5.219011E-11  5.235284E-11  5.232494E-11  5.232602E-11  5.204099E-11  5.194586E-11  5.211537E-11  5.231278E-11  5.230241E-11  5.220835E-11  5.189936E-11
0.000000E+00  4.384790E-09  4.383288E-09  4.382269E-09  4.381321E-09  4.380570E-09  4.379729E-09  4.377924E-09  4.354588E-09  4.347704E-09  4.364531E-09  4.377799E-09  4.376261E-09  4.376082E-09  4.352496E-09  4.343538E-09  4.358111E-09  4.375027E-09  4.373275E-09  4.366301E-09  4.339193E-09
Gas           Ref
0.000000E+00  -1.112617E-13 -1.113475E-13 -1.113225E-13 -1.112617E-13 -1.113332E-13 -1.114262E-13 -1.113762E-13 -1.114369E-13 -1.114584E-13 -1.113619E-13 -1.114584E-13 -1.112510E-13 -1.111508E-13 -1.113046E-13 -1.112832E-13 -1.112402E-13 -1.111652E-13 -1.112760E-13 -1.113440E-13 -1.113332E-13
0.000000E+00  -3.750447E-14 -3.759745E-14 -3.773693E-14 -3.767971E-14 -3.759030E-14 -3.775838E-14 -3.767971E-14 -3.764037E-14 -3.765467E-14 -3.791217E-14 -3.790859E-14 -3.779773E-14 -3.764395E-14 -3.789071E-14 -3.793005E-14 -3.779773E-14 -3.777269E-14 -3.781918E-14 -3.772977E-14 -3.772262E-14
0.000000E+00  1.495994E-13  1.499893E-13  1.496710E-13  1.498426E-13  1.499321E-13  1.497604E-13  1.496924E-13  1.497747E-13  1.489593E-13  1.480509E-13  1.485373E-13  1.492311E-13  1.494063E-13  1.486804E-13  1.479472E-13  1.484622E-13  1.489128E-13  1.491989E-13  1.492704E-13  1.489808E-13
0.000000E+00  1.809667E-11  1.808648E-11  1.808347E-11  1.807782E-11  1.807639E-11  1.807221E-11  1.806827E-11  1.806459E-11  1.794814E-11  1.793666E-11  1.802933E-11  1.805404E-11  1.804266E-11  1.791260E-11  1.792804E-11  1.803498E-11  1.803108E-11  1.803447E-11  1.802593E-11  1.802060E-11
0.000000E+00  5.182176E-11  5.179637E-11  5.179279E-11  5.177133E-11  5.176383E-11  5.175273E-11  5.173700E-11  5.173164E-11  5.140548E-11  5.136364E-11  5.161970E-11  5.170410E-11  5.166261E-11  5.130570E-11  5.134718E-11  5.164580E-11  5.164330E-11  5.164080E-11  5.162721E-11  5.161076E-11
0.000000E+00  4.336850E-09  4.334901E-09  4.334311E-09  4.332934E-09  4.332058E-09  4.330985E-09  4.330234E-09  4.329304E-09  4.301981E-09  4.297994E-09  4.319755E-09  4.326908E-09  4.324136E-09  4.292969E-09  4.296385E-09  4.321901E-09  4.321704E-09  4.321401E-09  4.320578E-09  4.319255E-09
Gas           Sam
0.000000E+00  -1.084078E-13 -1.084579E-13 -1.083864E-13 -1.082934E-13 -1.082827E-13 -1.081790E-13 -1.080431E-13 -1.079787E-13 -1.080609E-13 -1.079966E-13 -1.079536E-13 -1.078642E-13 -1.077534E-13 -1.077248E-13 -1.078571E-13 -1.076604E-13 -1.077355E-13 -1.077248E-13 -1.075567E-13 -1.075209E-13
0.000000E+00  -3.685716E-14 -3.674272E-14 -3.679636E-14 -3.709320E-14 -3.693942E-14 -3.683571E-14 -3.671411E-14 -3.675703E-14 -3.668908E-14 -3.668192E-14 -3.681067E-14 -3.692511E-14 -3.687504E-14 -3.672126E-14 -3.685716E-14 -3.679994E-14 -3.679994E-14 -3.684286E-14 -3.665689E-14 -3.667120E-14
0.000000E+00  1.563550E-13  1.570882E-13  1.571096E-13  1.561619E-13  1.559760E-13  1.568021E-13  1.573564E-13  1.576461E-13  1.576604E-13  1.575781E-13  1.577963E-13  1.577856E-13  1.577605E-13  1.578249E-13  1.579787E-13  1.583399E-13  1.580288E-13  1.582469E-13  1.582147E-13  1.583649E-13
0.000000E+00  1.817735E-11  1.818225E-11  1.815103E-11  1.804302E-11  1.808454E-11  1.817567E-11  1.817316E-11  1.816926E-11  1.816294E-11  1.815736E-11  1.815467E-11  1.815539E-11  1.814477E-11  1.814480E-11  1.813933E-11  1.813837E-11  1.813812E-11  1.813729E-11  1.813286E-11  1.812760E-11
0.000000E+00  5.186753E-11  5.188184E-11  5.179672E-11  5.148845E-11  5.159467E-11  5.185430E-11  5.185359E-11  5.184143E-11  5.181854E-11  5.180888E-11  5.178993E-11  5.180066E-11  5.177598E-11  5.177491E-11  5.176204E-11  5.175309E-11  5.175273E-11  5.175309E-11  5.174880E-11  5.173164E-11
0.000000E+00  4.337315E-09  4.339031E-09  4.332380E-09  4.305271E-09  4.314301E-09  4.336367E-09  4.336671E-09  4.335277E-09  4.334150E-09  4.332952E-09  4.331199E-09  4.331915E-09  4.330216E-09  4.329805E-09  4.328785E-09  4.328177E-09  4.327927E-09  4.327891E-09  4.327087E-09  4.326085E-09
Gas           Ref
0.000000E+00  -1.111652E-13 -1.112081E-13 -1.113368E-13 -1.112009E-13 -1.113869E-13 -1.113297E-13 -1.111687E-13 -1.112116E-13 -1.112188E-13 -1.112796E-13 -1.113654E-13 -1.112367E-13 -1.112581E-13 -1.112867E-13 -1.112045E-13 -1.112510E-13 -1.111151E-13 -1.112295E-13 -1.110901E-13 -1.113261E-13
0.000000E+00  -3.794435E-14 -3.807668E-14 -3.815178E-14 -3.798012E-14 -3.810171E-14 -3.812317E-14 -3.796939E-14 -3.791217E-14 -3.799084E-14 -3.806952E-14 -3.797654E-14 -3.781561E-14 -3.782634E-14 -3.780130E-14 -3.804091E-14 -3.807310E-14 -3.791574E-14 -3.802661E-14 -3.806595E-14 -3.802303E-14
0.000000E+00  1.472212E-13  1.467706E-13  1.459230E-13  1.464273E-13  1.470710E-13  1.470353E-13  1.469137E-13  1.468886E-13  1.470066E-13  1.469494E-13  1.468314E-13  1.469494E-13  1.467563E-13  1.469459E-13  1.470496E-13  1.467420E-13  1.469101E-13  1.464917E-13  1.466097E-13  1.466526E-13
0.000000E+00  1.787476E-11  1.775081E-11  1.774945E-11  1.783918E-11  1.786424E-11  1.785516E-11  1.784973E-11  1.784482E-11  1.783785E-11  1.783882E-11  1.783646E-11  1.782841E-11  1.782791E-11  1.782387E-11  1.781940E-11  1.781554E-11  1.781546E-11  1.780921E-11  1.780720E-11  1.780534E-11
0.000000E+00  5.118232E-11  5.084937E-11  5.082255E-11  5.108111E-11  5.115728E-11  5.113297E-11  5.112009E-11  5.110150E-11  5.109041E-11  5.109148E-11  5.107002E-11  5.105787E-11  5.106073E-11  5.103355E-11  5.104285E-11  5.102711E-11  5.102389E-11  5.100958E-11  5.100529E-11  5.099707E-11
0.000000E+00  4.283349E-09  4.255722E-09  4.252950E-09  4.274748E-09  4.281257E-09  4.279254E-09  4.278038E-09  4.276822E-09  4.275803E-09  4.275552E-09  4.274140E-09  4.272924E-09  4.272978E-09  4.271136E-09  4.271064E-09  4.270152E-09  4.270170E-09  4.268543E-09  4.268382E-09  4.267649E-09
Gas           Sam
0.000000E+00  -1.085294E-13 -1.083542E-13 -1.083828E-13 -1.081503E-13 -1.081933E-13 -1.081897E-13 -1.080359E-13 -1.081182E-13 -1.082290E-13 -1.081289E-13 -1.080252E-13 -1.080323E-13 -1.077856E-13 -1.079715E-13 -1.077570E-13 -1.077856E-13 -1.079107E-13 -1.077319E-13 -1.076747E-13 -1.076318E-13
0.000000E+00  -3.694657E-14 -3.701810E-14 -3.720764E-14 -3.696088E-14 -3.707532E-14 -3.710035E-14 -3.715757E-14 -3.715042E-14 -3.731493E-14 -3.701810E-14 -3.706459E-14 -3.716472E-14 -3.717188E-14 -3.709320E-14 -3.696803E-14 -3.707532E-14 -3.709320E-14 -3.694657E-14 -3.706101E-14 -3.723982E-14
0.000000E+00  1.536585E-13  1.533903E-13  1.541521E-13  1.546885E-13  1.552535E-13  1.551606E-13  1.550068E-13  1.542021E-13  1.539482E-13  1.549067E-13  1.553680E-13  1.553036E-13  1.552857E-13  1.552464E-13  1.552643E-13  1.555718E-13  1.556791E-13  1.558794E-13  1.550283E-13  1.548673E-13
0.000000E+00  1.786739E-11  1.787977E-11  1.797393E-11  1.799592E-11  1.799528E-11  1.799099E-11  1.794553E-11  1.784654E-11  1.788245E-11  1.798283E-11  1.797089E-11  1.793495E-11  1.789150E-11  1.790695E-11  1.791921E-11  1.793985E-11  1.793048E-11  1.794070E-11  1.781857E-11  1.783467E-11
0.000000E+00  5.099170E-11  5.101924E-11  5.128746E-11  5.134790E-11  5.134147E-11  5.132859E-11  5.121987E-11  5.093520E-11  5.101996E-11  5.130749E-11  5.129068E-11  5.117874E-11  5.105178E-11  5.109792E-11  5.113869E-11  5.118804E-11  5.116873E-11  5.119519E-11  5.084328E-11  5.089300E-11
0.000000E+00  4.264144E-09  4.266254E-09  4.288928E-09  4.294292E-09  4.293774E-09  4.292701E-09  4.283277E-09  4.259298E-09  4.266415E-09  4.290984E-09  4.289518E-09  4.279862E-09  4.269312E-09  4.272549E-09  4.276608E-09  4.280416E-09  4.279057E-09  4.281722E-09  4.251806E-09  4.255525E-09
Gas           Ref
0.000000E+00  -1.112796E-13 -1.113404E-13 -1.112116E-13 -1.112724E-13 -1.113010E-13 -1.111652E-13 -1.113154E-13 -1.112188E-13 -1.113583E-13 -1.114513E-13 -1.115013E-13 -1.114942E-13 -1.112224E-13 -1.112546E-13 -1.113440E-13 -1.113440E-13 -1.114191E-13 -1.112975E-13 -1.113440E-13 -1.113332E-13
0.000000E+00  -3.809456E-14 -3.806595E-14 -3.808383E-14 -3.804807E-14 -3.813032E-14 -3.808383E-14 -3.812674E-14 -3.800515E-14 -3.808025E-14 -3.804807E-14 -3.816251E-14 -3.829125E-14 -3.830914E-14 -3.826980E-14 -3.827695E-14 -3.818039E-14 -3.828410E-14 -3.830198E-14 -3.833059E-14 -3.828410E-14
0.000000E+00  1.450540E-13  1.448180E-13  1.446141E-13  1.447107E-13  1.448394E-13  1.446606E-13  1.447607E-13  1.447929E-13  1.448967E-13  1.447286E-13  1.444925E-13  1.435698E-13  1.432086E-13  1.439489E-13  1.445891E-13  1.443673E-13  1.439239E-13  1.431729E-13  1.430942E-13  1.438917E-13
0.000000E+00  1.766515E-11  1.765893E-11  1.765528E-11  1.765528E-11  1.764538E-11  1.764048E-11  1.764223E-11  1.763415E-11  1.763021E-11  1.762767E-11  1.759323E-11  1.749281E-11  1.752139E-11  1.762399E-11  1.761909E-11  1.760804E-11  1.754943E-11  1.747922E-11  1.752285E-11  1.760353E-11
0.000000E+00  5.059402E-11  5.057042E-11  5.056934E-11  5.055683E-11  5.053394E-11  5.052857E-11  5.051785E-11  5.050890E-11  5.049889E-11  5.049245E-11  5.039518E-11  5.010157E-11  5.018346E-11  5.047350E-11  5.045061E-11  5.043380E-11  5.026858E-11  5.005579E-11  5.017202E-11  5.041878E-11
0.000000E+00  4.233800E-09  4.232154E-09  4.231600E-09  4.230885E-09  4.228792E-09  4.228471E-09  4.227863E-09  4.226969E-09  4.225646E-09  4.225288E-09  4.217760E-09  4.191868E-09  4.198913E-09  4.224018E-09  4.222319E-09  4.220621E-09  4.206673E-09  4.188524E-09  4.198126E-09  4.219011E-09
Gas           Sam
0.000000E+00  -1.085151E-13 -1.083506E-13 -1.083613E-13 -1.081790E-13 -1.081289E-13 -1.083363E-13 -1.083363E-13 -1.081897E-13 -1.080145E-13 -1.080574E-13 -1.080001E-13 -1.078821E-13 -1.079501E-13 -1.079143E-13 -1.079107E-13 -1.077999E-13 -1.077927E-13 -1.076747E-13 -1.076425E-13 -1.076819E-13
0.000000E+00  -3.728989E-14 -3.732923E-14 -3.736857E-14 -3.732923E-14 -3.732566E-14 -3.737930E-14 -3.725055E-14 -3.721121E-14 -3.701452E-14 -3.697160E-14 -3.700379E-14 -3.707889E-14 -3.725055E-14 -3.726128E-14 -3.731135E-14 -3.708962E-14 -3.705386E-14 -3.728989E-14 -3.738645E-14 -3.712896E-14
0.000000E+00  1.522352E-13  1.516630E-13  1.514234E-13  1.521958E-13  1.525713E-13  1.529790E-13  1.519276E-13  1.515306E-13  1.527502E-13  1.529898E-13  1.531436E-13  1.533617E-13  1.525821E-13  1.522387E-13  1.529934E-13  1.533760E-13  1.533546E-13  1.525499E-13  1.526965E-13  1.533939E-13
0.000000E+00  1.779844E-11  1.768400E-11  1.770682E-11  1.781017E-11  1.781142E-11  1.777326E-11  1.766948E-11  1.771551E-11  1.780427E-11  1.779526E-11  1.778828E-11  1.777577E-11  1.764713E-11  1.768228E-11  1.778446E-11  1.777373E-11  1.771007E-11  1.764752E-11  1.770807E-11  1.776944E-11
0.000000E+00  5.079679E-11  5.046063E-11  5.051999E-11  5.082290E-11  5.082290E-11  5.072491E-11  5.041735E-11  5.055468E-11  5.080645E-11  5.078249E-11  5.075996E-11  5.072670E-11  5.037050E-11  5.045598E-11  5.074887E-11  5.072777E-11  5.055754E-11  5.035262E-11  5.052321E-11  5.070525E-11
0.000000E+00  4.247997E-09  4.219798E-09  4.224430E-09  4.250054E-09  4.250519E-09  4.241936E-09  4.216633E-09  4.227201E-09  4.248444E-09  4.246620E-09  4.245101E-09  4.242025E-09  4.212020E-09  4.218976E-09  4.243831E-09  4.242204E-09  4.227755E-09  4.210268E-09  4.224823E-09  4.240791E-09
Gas           Ref
0.000000E+00  -1.112653E-13 -1.113261E-13 -1.113082E-13 -1.112581E-13 -1.110757E-13 -1.112331E-13 -1.111902E-13 -1.111008E-13 -1.112653E-13 -1.112689E-13 -1.112760E-13 -1.114262E-13 -1.114405E-13 -1.113762E-13 -1.112152E-13 -1.111330E-13 -1.111365E-13 -1.113261E-13 -1.112653E-13 -1.113297E-13
0.000000E+00  -3.823761E-14 -3.849153E-14 -3.855947E-14 -3.844861E-14 -3.846649E-14 -3.850941E-14 -3.847006E-14 -3.848437E-14 -3.849510E-14 -3.853086E-14 -3.833417E-14 -3.839139E-14 -3.864888E-14 -3.853086E-14 -3.862742E-14 -3.861669E-14 -3.856663E-14 -3.859881E-14 -3.861669E-14 -3.880981E-14
0.000000E+00  1.420571E-13  1.411559E-13  1.415779E-13  1.421322E-13  1.423861E-13  1.423897E-13  1.422931E-13  1.419891E-13  1.419247E-13  1.419999E-13  1.419534E-13  1.419784E-13  1.418890E-13  1.421751E-13  1.420392E-13  1.421072E-13  1.421751E-13  1.420034E-13  1.419069E-13  1.416458E-13
0.000000E+00  1.737565E-11  1.732859E-11  1.742122E-11  1.744493E-11  1.743810E-11  1.743541E-11  1.743101E-11  1.742983E-11  1.742343E-11  1.741900E-11  1.741671E-11  1.741077E-11  1.740984E-11  1.740551E-11  1.740341E-11  1.740051E-11  1.739572E-11  1.739557E-11  1.738577E-11  1.738831E-11
0.000000E+00  4.977505E-11  4.962413E-11  4.989092E-11  4.996567E-11  4.995565E-11  4.995208E-11  4.992740E-11  4.991918E-11  4.990773E-11  4.989879E-11  4.987876E-11  4.987590E-11  4.986053E-11  4.985802E-11  4.984979E-11  4.983764E-11  4.982476E-11  4.981832E-11  4.981117E-11  4.979901E-11
0.000000E+00  4.165224E-09  4.152475E-09  4.174844E-09  4.181657E-09  4.180549E-09  4.179708E-09  4.177688E-09  4.177437E-09  4.176472E-09  4.175542E-09  4.174469E-09  4.173289E-09  4.172591E-09  4.171930E-09  4.171393E-09  4.170821E-09  4.169265E-09  4.168836E-09  4.167996E-09  4.166977E-09
Gas           Sam
0.000000E+00  -1.086510E-13 -1.086296E-13 -1.085652E-13 -1.087118E-13 -1.086045E-13 -1.083613E-13 -1.082791E-13 -1.081253E-13 -1.080180E-13 -1.080359E-13 -1.079215E-13 -1.078821E-13 -1.077963E-13 -1.079000E-13 -1.078249E-13 -1.077033E-13 -1.078178E-13 -1.077498E-13 -1.076604E-13 -1.077391E-13
0.000000E+00  -3.752593E-14 -3.747586E-14 -3.757599E-14 -3.769759E-14 -3.767971E-14 -3.761891E-14 -3.755096E-14 -3.752951E-14 -3.750447E-14 -3.730062E-14 -3.732923E-14 -3.744367E-14 -3.743652E-14 -3.758672E-14 -3.748659E-14 -3.740791E-14 -3.741149E-14 -3.735069E-14 -3.755096E-14 -3.736142E-14
0.000000E+00  1.500036E-13  1.499464E-13  1.501180E-13  1.502539E-13  1.503576E-13  1.506366E-13  1.507582E-13  1.505722E-13  1.505007E-13  1.509048E-13  1.510693E-13  1.512517E-13  1.509513E-13  1.511766E-13  1.509942E-13  1.508941E-13  1.512052E-13  1.512159E-13  1.509799E-13  1.510407E-13
0.000000E+00  1.762521E-11  1.761920E-11  1.762299E-11  1.761612E-11  1.761526E-11  1.761366E-11  1.760732E-11  1.761044E-11  1.760840E-11  1.760446E-11  1.760035E-11  1.759717E-11  1.759452E-11  1.759080E-11  1.758336E-11  1.758576E-11  1.758283E-11  1.757567E-11  1.757567E-11  1.757113E-11
0.000000E+00  5.029611E-11  5.027895E-11  5.029290E-11  5.027108E-11  5.028074E-11  5.027287E-11  5.026000E-11  5.025749E-11  5.025749E-11  5.023532E-11  5.022674E-11  5.021780E-11  5.021243E-11  5.020206E-11  5.018525E-11  5.018597E-11  5.018025E-11  5.016022E-11  5.014984E-11  5.015235E-11
0.000000E+00  4.206763E-09  4.204885E-09  4.206083E-09  4.203919E-09  4.204527E-09  4.204116E-09  4.202829E-09  4.202543E-09  4.202239E-09  4.201041E-09  4.200022E-09  4.199592E-09  4.199378E-09  4.198144E-09  4.196857E-09  4.196910E-09  4.196249E-09  4.194460E-09  4.194264E-09  4.193835E-09
Gas           Ref
0.000000E+00  -1.110328E-13 -1.111580E-13 -1.110543E-13 -1.112045E-13 -1.112438E-13 -1.111866E-13 -1.113046E-13 -1.113225E-13 -1.114763E-13 -1.113726E-13 -1.113225E-13 -1.113905E-13 -1.112367E-13 -1.113833E-13 -1.114119E-13 -1.113297E-13 -1.112796E-13 -1.112188E-13 -1.113046E-13 -1.113082E-13
0.000000E+00  -3.851298E-14 -3.861312E-14 -3.858808E-14 -3.861669E-14 -3.852371E-14 -3.853086E-14 -3.846291E-14 -3.859881E-14 -3.850941E-14 -3.869895E-14 -3.879908E-14 -3.878478E-14 -3.865961E-14 -3.873471E-14 -3.873471E-14 -3.873113E-14 -3.875259E-14 -3.879551E-14 -3.875259E-14 -3.875259E-14
0.000000E+00  1.401545E-13  1.401330E-13  1.400472E-13  1.398684E-13  1.399971E-13  1.400722E-13  1.396681E-13  1.393534E-13  1.394500E-13  1.394643E-13  1.394142E-13  1.398720E-13  1.396395E-13  1.393927E-13  1.392747E-13  1.395465E-13  1.392890E-13  1.391496E-13  1.391674E-13  1.394929E-13
0.000000E+00  1.723503E-11  1.723661E-11  1.723314E-11  1.722473E-11  1.722091E-11  1.722402E-11  1.721704E-11  1.721036E-11  1.721164E-11  1.720875E-11  1.720456E-11  1.720900E-11  1.720052E-11  1.719938E-11  1.719269E-11  1.718732E-11  1.719155E-11  1.718278E-11  1.718386E-11  1.718253E-11
0.000000E+00  4.937022E-11  4.937487E-11  4.936199E-11  4.934626E-11  4.933088E-11  4.933553E-11  4.931514E-11  4.929225E-11  4.929619E-11  4.929690E-11  4.928188E-11  4.929118E-11  4.926829E-11  4.926221E-11  4.925327E-11  4.924004E-11  4.923968E-11  4.922645E-11  4.921787E-11  4.921357E-11
0.000000E+00  4.131518E-09  4.131715E-09  4.130337E-09  4.129605E-09  4.127942E-09  4.128031E-09  4.127137E-09  4.125045E-09  4.125527E-09  4.124884E-09  4.124186E-09  4.124830E-09  4.122917E-09  4.122202E-09  4.121665E-09  4.120360E-09  4.120503E-09  4.118929E-09  4.118732E-09  4.118589E-09
 Gas          
0.000000E+00  0.000000E+00  0.000000E+00  0.000000E+00  0.000000E+00  0.000000E+00  0.000000E+00  0.000000E+00  0.000000E+00  0.000000E+00  0.000000E+00  0.000000E+00  0.000000E+00  0.000000E+00  0.000000E+00  0.000000E+00  0.000000E+00  0.000000E+00  0.000000E+00  0.000000E+00  0.000000E+00
0.000000E+00  0.000000E+00  0.000000E+00  0.000000E+00  0.000000E+00  0.000000E+00  0.000000E+00  0.000000E+00  0.000000E+00  0.000000E+00  0.000000E+00  0.000000E+00  0.000000E+00  0.000000E+00  0.000000E+00  0.000000E+00  0.000000E+00  0.000000E+00  0.000000E+00  0.000000E+00  0.000000E+00
0.000000E+00  0.000000E+00  0.000000E+00  0.000000E+00  0.000000E+00  0.000000E+00  0.000000E+00  0.000000E+00  0.000000E+00  0.000000E+00  0.000000E+00  0.000000E+00  0.000000E+00  0.000000E+00  0.000000E+00  0.000000E+00  0.000000E+00  0.000000E+00  0.000000E+00  0.000000E+00  0.000000E+00
0.000000E+00  0.000000E+00  0.000000E+00  0.000000E+00  0.000000E+00  0.000000E+00  0.000000E+00  0.000000E+00  0.000000E+00  0.000000E+00  0.000000E+00  0.000000E+00  0.000000E+00  0.000000E+00  0.000000E+00  0.000000E+00  0.000000E+00  0.000000E+00  0.000000E+00  0.000000E+00  0.000000E+00
0.000000E+00  0.000000E+00  0.000000E+00  0.000000E+00  0.000000E+00  0.000000E+00  0.000000E+00  0.000000E+00  0.000000E+00  0.000000E+00  0.000000E+00  0.000000E+00  0.000000E+00  0.000000E+00  0.000000E+00  0.000000E+00  0.000000E+00  0.000000E+00  0.000000E+00  0.000000E+00  0.000000E+00
0.000000E+00  0.000000E+00  0.000000E+00  0.000000E+00  0.000000E+00  0.000000E+00  0.000000E+00  0.000000E+00  0.000000E+00  0.000000E+00  0.000000E+00  0.000000E+00  0.000000E+00  0.000000E+00  0.000000E+00  0.000000E+00  0.000000E+00  0.000000E+00  0.000000E+00  0.000000E+00  0.000000E+00
End of Analysis
"H3 factor",13.13339
"Linearity factor (0)",52.88039
"Linearity factor (1)",18.00761
"Linearity factor (2)",-.1321419
"Linearity factor (3)",9.804096E-04
"Linearity factor (4)",-7.965973E-02
"Linearity factor (5)",0
"Collector Gains :",500,5000,5000,5000,500,500,50,500,1,5
"Number of deflectors available : ",33
"Source HT",8000
"Extraction V",780
"H Defl",310
"Trap",850
"Trap Voltage",24
"Repeller",4
"Filament V",-110
"Delta HP",19
"Z Lens",110
"Delta Z",130
"Max Current",3.5
"Heater Current",1
"Quad 1",120
"Cubic 1",50
"Lin 1",0
"Deflect 1 I",5
"Deflect 1 O",5
"Offset 1",0
"Offset 2",0
"Quad 2",-620
"Cubic 2",0
"Lin 2",0
"Q1 I Cor",0
"Q1 O Cor",0
"Suppressor",-100
"Mop Plate",-15
"ESA H1",790
"ESA H1 delta",0
"ESA H2",800
"ESA H2 delta",0
"ESA H3",820
"ESA H3 delta",0
"ESA HD",0
"ESA HD delta",0
"Batch Started: ","13:02:19 15:29:56"
"Data File: ","C:\Nu Stable\Results\2019\201902013 standard PD4 BSS WNI ZE NTA\Data_9297 WNI-1.txt"
"Sample Name: ","WNI-1"
"Sample Weight: ",62
"Sample Type: ","Sam"
"Vial Number: ",20
"Sam Beam First CO: ","4.411036e-09"
"Sam Beam Last CO: ","4.196431e-09"
"Ref Beam First CO: ","4.414646e-09"
"Ref Beam Second CO: ","4.363687e-09"
"Ref BeamLast CO: ","4.120731e-09"
"Sam Depletion: ","5 %"
"Ref Depletion: ","7 %"
"Observed CP Temperature: ",70.254
"Std Dev: ","0.000e00"
"Min: ","70.254"
"Max: ","70.254"
"Ave Started: ","14:02:19 03:46:14"
"Ave Stopped: ","14:02:19 03:49:10"
"Num: ",6
"Current Mass: ",46.03193
"Method File Name","C:\Nu Stable\Analyses\DI\040216 12-12-20 6 collectors.rdf"
"Version 6"
"Analysis Type","DI"
"Analysis Calculation Routine ","Clumped CO2 Iterative"
"Gas ID ","CO2"
"Ref Gas Identifier ","AirLiquide01"
"Centring collector ",8
"Num of Ref/Sam cycles ",6
"Cycles length(secs) ",20
"C/O valve stabilisation time ",12
"Offset for zero measurement(amu) ",0
"Zero measurement time ",20
"Spare",0
"Spare",0
0
-1
-1
-1
-1
0
-1
0
-1
0
"Num Clumped Blocks","1"
"Do zero at start of block",#FALSE#
"Balance beams",#FALSE#
"Mag Hysteresis Offset",.001
"Apply Hysteresis Offset",#FALSE#
"Target Beam (A) ",.00000005
"Use CF with Bellows ",#FALSE#
"DI Auto Gas balancing: ","True"
"Pirani pressure",3.322723E-02
"Cold finger status","CF"
"Inlet transducer pressure",.274554
"Sample operations:  InitialisePrepSampleRun; CheckIfCFRequired; UseCF; SampleTrapped; BalanceRefToSamValue; DepletingBalance; SampleReady;"
"Number of sample chops",0
"Number of sample double chops",0
"Run from bellows",#FALSE#
"Max sample pump-over pressure (mBar)","0.000000e00"
"Max sample pump-over pressure (raw)",0
"Pre-balance Sam Beam","4.510750e-09"
"Min ref beam","3.679529e-09"
"Max ref beam","2.256083e-08"
"Ref bellows position",7043
"Sam bellows position",8450
"Balance %",5.092922E-02
"Initial Sam Beam","4.695873e-09"
"Final Ref Beam","4.563908e-09"
"Final Sam Beam","4.566233e-09"
"Pre-depleted Ref Beam",4.567699E-09
"InletPiraniPressure",3.322723E-02
"Depletion Factor",.96
"Balance End","14/02/19 04:28:41"
"Water Trap Temperature Hot",-195.1766
"Water Trap Temperature Cold",-195.1766
"DP Version",25
"Num Gas Cycles ",1
"UseFrontHeightThreshold(1)",#TRUE#
"FrontHeightThreshold(1)",2
"UseBackHeightThreshold(1)",#TRUE#
"BackHeightThreshold(1)",2.7
"UsePeakWidthLimit(1)",#FALSE#
"PeakWidthLimit(1)",6
"RefGasFrontHeightThreshold(1)",40
"RefGasBackHeightThreshold(1)",10
"Measure_Elemental_Comp",#TRUE#
"Use_TCD_For_Elem_Calcs",#FALSE#
"Sample_Name","WNI-1"
"Sample_Type","Sam"
"Sample_Weight",62
"Sample_Vial",20
"Standard_Type",""
"NoAnalysisCycles",1
"Gas1","CO2"
"Ref Gas1","AirLiquide01"
"Analysis_Routine1","Clumped CO2 Iterative"
"ZeroWidth1",10
"NoZeros1",1
"ZeroTime1",10
"Delta wrt Std 1",#FALSE#
"AllowLinearityCorrection",#FALSE#
"Num Collectors",6
"LinearityFactor(Cent)",52880.39
"LinearityFactor(Low2)",18007.61
"LinearityFactor(Low4)",-132.1419
"LinearityFactor()",.9804096
"LinearityFactor()",-79.65973
"LinearityFactor()",0
"UseH3Factor",#FALSE#
"H3Factor",0
"Axial Mass",46
"Anal Start",0
"Anal End",0
"Calc Linearity Correction from Ref Peaks",#FALSE#
"Temperature",25
"Std Temperature",25
"A_Factor",1.01025
"K_Factor",.04
"TemperatureCorrectionEnabled",#FALSE#
"GC ZeroMethod","Lowest Peak Limit"
"GC AllowZeroToCutPoints",#FALSE#
"GC UseIsotopicShift",#TRUE#
"GC InterpolatePeakHeight",#TRUE#
"GC NumZeroPoints",10
"GC Min Peak Height",.0000000001
"GC No UserPeaks",0
"SmoothingInterval",10
"DropFactor",1
"GradientRejectfactor",10
"SectionSize",100
"BackgroundStartTime",1
"CutOffTime",1000
"UseNewBackgroundCalcn",#FALSE#
"GC Label File","None.lab"
"GC No User Defined Background Points",0
"GC No Auto-detected Peaks to be Removed",0
"GC No Auto-calculated Background Points to Remove",0
"GC Std Peak In Sample",#FALSE#
"GC Std Peak Time",0
"Max Gap For Grouping EA Ref Pulses",20
"Group EA Ref Peaks",#FALSE#
"Use Defined Peak Limits (1)",#FALSE#
"Peak Start (1)",0
"Peak End (1)",0
"DP Version",25
"Num Gas Cycles ",1
"UseFrontHeightThreshold(1)",#TRUE#
"FrontHeightThreshold(1)",2
"UseBackHeightThreshold(1)",#TRUE#
"BackHeightThreshold(1)",2.7
"UsePeakWidthLimit(1)",#FALSE#
"PeakWidthLimit(1)",6
"RefGasFrontHeightThreshold(1)",40
"RefGasBackHeightThreshold(1)",10
"Measure_Elemental_Comp",#TRUE#
"Use_TCD_For_Elem_Calcs",#FALSE#
"Sample_Name","WNI-1"
"Sample_Type","Sam"
"Sample_Weight",62
"Sample_Vial",20
"Standard_Type",""
"NoAnalysisCycles",1
"Gas1","CO2"
"Ref Gas1","AirLiquide01"
"Analysis_Routine1","Clumped CO2 Iterative"
"ZeroWidth1",10
"NoZeros1",1
"ZeroTime1",10
"Delta wrt Std 1",#FALSE#
"AllowLinearityCorrection",#FALSE#
"Num Collectors",6
"LinearityFactor(Cent)",52880.39
"LinearityFactor(Low2)",18007.61
"LinearityFactor(Low4)",-132.1419
"LinearityFactor()",.9804096
"LinearityFactor()",-79.65973
"LinearityFactor()",0
"UseH3Factor",#FALSE#
"H3Factor",0
"Axial Mass",46
"Anal Start",0
"Anal End",0
"Calc Linearity Correction from Ref Peaks",#FALSE#
"Temperature",25
"Std Temperature",25
"A_Factor",1.01025
"K_Factor",.04
"TemperatureCorrectionEnabled",#FALSE#
"GC ZeroMethod","Lowest Peak Limit"
"GC AllowZeroToCutPoints",#FALSE#
"GC UseIsotopicShift",#TRUE#
"GC InterpolatePeakHeight",#TRUE#
"GC NumZeroPoints",10
"GC Min Peak Height",.0000000001
"GC No UserPeaks",0
"SmoothingInterval",10
"DropFactor",1
"GradientRejectfactor",10
"SectionSize",100
"BackgroundStartTime",1
"CutOffTime",1000
"UseNewBackgroundCalcn",#FALSE#
"GC Label File","None.lab"
"GC No User Defined Background Points",0
"GC No Auto-detected Peaks to be Removed",0
"GC No Auto-calculated Background Points to Remove",0
"GC Std Peak In Sample",#FALSE#
"GC Std Peak Time",0
"Max Gap For Grouping EA Ref Pulses",20
"Group EA Ref Peaks",#FALSE#
"Use Defined Peak Limits (1)",#FALSE#
"Peak Start (1)",0
"Peak End (1)",0
"End of Data file"


