"Clumped CO2 Iterative Analysis,         Data File Version 10"
"Started analysis at 3:49:17 AM on the Thursday, February 14, 2019"
"UTC FileTimeLow",722527360," UTC FileTimeHigh",30721090
"Time Zone ","Eastern Daylight Time"
"CO Disabled",#FALSE#
"Persective Instrument","PS019"
"User logged in",#FALSE#
"Software Version","Stable 1.69.5"
"Axial Mass is :",46
"No_C_O_Cycles",6
"Num Blocks",1
0
-1
-1
-1
-1
0
-1
0
-1
0
"Sample Name is ","PD4 147"
Zero Data
-1.118478638022E-13, -5.783295188772E-14, -6.118679036203E-14, -3.266754898410E-14, 1.117945772983E-13, 4.144910933576E-12, Measured at start of run
Individual Data
No_C_O_Cycles                6 
Cycle_Length   20 
Zero_Measurement_Length      20 
Axial_Mass     46 
 Gas          Bla
0.000000E+00  -1.117946E-13 -1.120485E-13 -1.118446E-13 -1.117624E-13 -1.117982E-13 -1.119877E-13 -1.119126E-13 -1.118768E-13 -1.117767E-13 -1.118590E-13 -1.117982E-13 -1.117159E-13 -1.117481E-13 -1.118482E-13 -1.118125E-13 -1.119805E-13 -1.119090E-13 -1.117302E-13 -1.118768E-13 -1.118768E-13
0.000000E+00  -5.771761E-14 -5.782133E-14 -5.766755E-14 -5.773550E-14 -5.789643E-14 -5.774623E-14 -5.769259E-14 -5.769259E-14 -5.778914E-14 -5.783563E-14 -5.786066E-14 -5.788927E-14 -5.776411E-14 -5.798584E-14 -5.789286E-14 -5.793935E-14 -5.798226E-14 -5.783206E-14 -5.796080E-14 -5.795723E-14
0.000000E+00  -6.121522E-14 -6.115800E-14 -6.115085E-14 -6.110078E-14 -6.118661E-14 -6.117588E-14 -6.131536E-14 -6.138688E-14 -6.124383E-14 -6.115085E-14 -6.131536E-14 -6.122595E-14 -6.108290E-14 -6.105429E-14 -6.107932E-14 -6.112939E-14 -6.117231E-14 -6.115800E-14 -6.114012E-14 -6.129390E-14
0.000000E+00  -3.215078E-14 -3.172162E-14 -3.222230E-14 -3.175739E-14 -3.211501E-14 -3.325942E-14 -3.261569E-14 -3.211501E-14 -3.268722E-14 -3.304485E-14 -3.283027E-14 -3.257993E-14 -3.275875E-14 -3.300908E-14 -3.325942E-14 -3.293756E-14 -3.279451E-14 -3.325942E-14 -3.322366E-14 -3.300908E-14
0.000000E+00  1.144410E-13  1.137258E-13  1.155139E-13  1.122953E-13  1.119376E-13  1.126529E-13  1.112224E-13  1.115800E-13  1.130105E-13  1.130105E-13  1.115800E-13  1.126529E-13  1.097919E-13  1.108647E-13  1.105071E-13  1.108647E-13  1.101495E-13  1.097919E-13  1.112224E-13  1.090766E-13
0.000000E+00  4.291538E-12  4.327302E-12  4.255776E-12  4.202131E-12  4.273657E-12  4.255776E-12  4.130606E-12  4.220013E-12  4.166369E-12  4.166369E-12  4.094843E-12  4.166369E-12  4.112724E-12  4.041199E-12  4.023317E-12  4.094843E-12  4.076961E-12  4.005436E-12  4.005436E-12  3.987555E-12
Gas           Ref
0.000000E+00  -1.113404E-13 -1.113046E-13 -1.113046E-13 -1.111365E-13 -1.110436E-13 -1.111258E-13 -1.112975E-13 -1.111473E-13 -1.111687E-13 -1.112581E-13 -1.112331E-13 -1.113440E-13 -1.115335E-13 -1.113905E-13 -1.114763E-13 -1.114298E-13 -1.112760E-13 -1.113154E-13 -1.111866E-13 -1.112760E-13
0.000000E+00  -2.131464E-14 -2.141835E-14 -2.142551E-14 -2.127173E-14 -2.115371E-14 -2.119662E-14 -2.130034E-14 -2.142551E-14 -2.133252E-14 -2.128603E-14 -2.151134E-14 -2.155425E-14 -2.151491E-14 -2.147915E-14 -2.160432E-14 -2.153280E-14 -2.161863E-14 -2.149346E-14 -2.169373E-14 -2.171519E-14
0.000000E+00  3.220156E-13  3.223875E-13  3.225556E-13  3.226021E-13  3.224340E-13  3.227845E-13  3.225735E-13  3.216007E-13  3.214791E-13  3.222623E-13  3.213790E-13  3.211287E-13  3.218046E-13  3.222659E-13  3.215650E-13  3.206709E-13  3.210715E-13  3.216293E-13  3.208211E-13  3.208104E-13
0.000000E+00  3.293165E-11  3.291138E-11  3.294056E-11  3.295880E-11  3.295068E-11  3.296638E-11  3.292383E-11  3.279297E-11  3.282630E-11  3.295008E-11  3.278878E-11  3.282694E-11  3.289521E-11  3.294625E-11  3.275882E-11  3.277276E-11  3.286378E-11  3.279165E-11  3.274648E-11  3.281210E-11
0.000000E+00  9.412632E-11  9.405372E-11  9.413775E-11  9.418890E-11  9.416816E-11  9.421000E-11  9.411773E-11  9.372184E-11  9.382019E-11  9.418568E-11  9.370789E-11  9.382126E-11  9.400866E-11  9.416781E-11  9.365531E-11  9.367141E-11  9.392855E-11  9.373650E-11  9.359488E-11  9.377978E-11
0.000000E+00  7.879247E-09  7.874490E-09  7.881160E-09  7.885666E-09  7.883628E-09  7.887329E-09  7.879658E-09  7.845755E-09  7.854106E-09  7.885112E-09  7.844682E-09  7.853748E-09  7.870753E-09  7.883681E-09  7.840301E-09  7.841320E-09  7.863297E-09  7.847204E-09  7.835204E-09  7.850172E-09
Gas           Sam
0.000000E+00  -1.077534E-13 -1.077605E-13 -1.076926E-13 -1.075173E-13 -1.075102E-13 -1.075638E-13 -1.074852E-13 -1.073063E-13 -1.072992E-13 -1.071132E-13 -1.072455E-13 -1.070560E-13 -1.070417E-13 -1.070453E-13 -1.070059E-13 -1.068307E-13 -1.067556E-13 -1.066876E-13 -1.067377E-13 -1.068236E-13
0.000000E+00  -1.997711E-14 -1.999857E-14 -1.993062E-14 -2.002718E-14 -1.984837E-14 -1.979830E-14 -1.973035E-14 -1.995565E-14 -1.982333E-14 -1.971604E-14 -1.987340E-14 -1.986982E-14 -1.969816E-14 -1.973750E-14 -1.958372E-14 -1.954080E-14 -1.985910E-14 -2.005221E-14 -2.005221E-14 -2.003433E-14
0.000000E+00  3.364352E-13  3.358916E-13  3.367964E-13  3.364065E-13  3.366354E-13  3.377191E-13  3.377691E-13  3.370110E-13  3.372649E-13  3.383592E-13  3.368679E-13  3.368464E-13  3.375653E-13  3.383521E-13  3.386632E-13  3.389672E-13  3.388134E-13  3.374687E-13  3.372720E-13  3.373364E-13
0.000000E+00  3.336292E-11  3.331511E-11  3.340462E-11  3.330838E-11  3.338456E-11  3.343656E-11  3.337093E-11  3.329386E-11  3.338760E-11  3.336099E-11  3.328263E-11  3.334558E-11  3.338802E-11  3.340233E-11  3.341778E-11  3.342211E-11  3.336882E-11  3.322598E-11  3.329894E-11  3.322330E-11
0.000000E+00  9.512445E-11  9.497640E-11  9.524748E-11  9.496710E-11  9.518060E-11  9.533510E-11  9.515914E-11  9.490237E-11  9.516987E-11  9.513375E-11  9.487697E-11  9.504292E-11  9.517667E-11  9.523318E-11  9.527931E-11  9.528897E-11  9.515413E-11  9.472213E-11  9.492776E-11  9.472463E-11
0.000000E+00  7.921572E-09  7.908876E-09  7.931246E-09  7.907875E-09  7.925935E-09  7.939096E-09  7.924863E-09  7.903423E-09  7.925470E-09  7.923056E-09  7.900186E-09  7.914724E-09  7.926167E-09  7.930549E-09  7.934572E-09  7.935377E-09  7.924165E-09  7.887240E-09  7.904817E-09  7.888384E-09
Gas           Ref
0.000000E+00  -1.113690E-13 -1.113189E-13 -1.113654E-13 -1.111544E-13 -1.115085E-13 -1.114942E-13 -1.113762E-13 -1.113261E-13 -1.114227E-13 -1.113797E-13 -1.114227E-13 -1.113905E-13 -1.112653E-13 -1.110114E-13 -1.112081E-13 -1.112903E-13 -1.111616E-13 -1.112045E-13 -1.112402E-13 -1.113404E-13
0.000000E+00  -2.175453E-14 -2.180102E-14 -2.182963E-14 -2.185466E-14 -2.191546E-14 -2.186181E-14 -2.193334E-14 -2.185466E-14 -2.187612E-14 -2.194049E-14 -2.210858E-14 -2.190115E-14 -2.179744E-14 -2.179744E-14 -2.198341E-14 -2.196910E-14 -2.202632E-14 -2.200844E-14 -2.176525E-14 -2.167942E-14
0.000000E+00  3.175667E-13  3.180996E-13  3.171304E-13  3.175166E-13  3.184894E-13  3.175631E-13  3.166405E-13  3.178850E-13  3.177527E-13  3.174701E-13  3.175452E-13  3.176812E-13  3.167656E-13  3.162327E-13  3.167227E-13  3.168300E-13  3.162113E-13  3.165939E-13  3.167477E-13  3.170052E-13
0.000000E+00  3.250018E-11  3.253952E-11  3.243967E-11  3.252800E-11  3.258812E-11  3.239329E-11  3.247690E-11  3.259902E-11  3.245726E-11  3.249163E-11  3.250225E-11  3.252732E-11  3.234626E-11  3.243999E-11  3.244060E-11  3.241714E-11  3.237343E-11  3.244114E-11  3.245201E-11  3.246016E-11
0.000000E+00  9.288284E-11  9.301553E-11  9.271225E-11  9.296795E-11  9.313604E-11  9.260782E-11  9.281417E-11  9.317896E-11  9.277877E-11  9.287104E-11  9.289249E-11  9.297404E-11  9.246906E-11  9.271976E-11  9.271225E-11  9.268436E-11  9.252164E-11  9.271547E-11  9.275445E-11  9.278878E-11
0.000000E+00  7.775982E-09  7.787712E-09  7.761248E-09  7.782580E-09  7.797404E-09  7.752825E-09  7.769759E-09  7.801606E-09  7.767059E-09  7.774748E-09  7.776554E-09  7.783259E-09  7.741059E-09  7.762016E-09  7.761784E-09  7.759370E-09  7.745029E-09  7.761873E-09  7.764680E-09  7.767452E-09
Gas           Sam
0.000000E+00  -1.078392E-13 -1.076783E-13 -1.074923E-13 -1.076246E-13 -1.075495E-13 -1.074780E-13 -1.072992E-13 -1.073207E-13 -1.073099E-13 -1.072956E-13 -1.071919E-13 -1.071633E-13 -1.071454E-13 -1.070095E-13 -1.068271E-13 -1.069165E-13 -1.069165E-13 -1.069594E-13 -1.068808E-13 -1.068236E-13
0.000000E+00  -2.002718E-14 -2.016666E-14 -1.995923E-14 -2.014877E-14 -2.032401E-14 -2.038838E-14 -2.013089E-14 -2.003433E-14 -2.005579E-14 -2.018811E-14 -2.017023E-14 -2.029540E-14 -2.023818E-14 -2.009871E-14 -2.027037E-14 -2.015592E-14 -2.023460E-14 -2.020957E-14 -2.023460E-14 -2.016666E-14
0.000000E+00  3.333238E-13  3.337637E-13  3.338746E-13  3.337923E-13  3.338960E-13  3.328768E-13  3.333274E-13  3.332487E-13  3.334060E-13  3.340534E-13  3.337279E-13  3.328553E-13  3.326943E-13  3.330985E-13  3.329519E-13  3.332129E-13  3.339532E-13  3.340784E-13  3.338996E-13  3.343895E-13
0.000000E+00  3.312149E-11  3.314673E-11  3.311694E-11  3.313801E-11  3.303551E-11  3.296674E-11  3.304281E-11  3.306016E-11  3.307557E-11  3.307288E-11  3.295297E-11  3.292733E-11  3.302028E-11  3.295619E-11  3.291456E-11  3.298455E-11  3.301520E-11  3.303383E-11  3.299453E-11  3.302182E-11
0.000000E+00  9.443352E-11  9.448752E-11  9.442600E-11  9.446463E-11  9.420534E-11  9.397753E-11  9.421215E-11  9.425184E-11  9.429690E-11  9.429333E-11  9.395215E-11  9.384987E-11  9.413096E-11  9.396610E-11  9.383592E-11  9.404334E-11  9.412309E-11  9.418353E-11  9.407446E-11  9.414885E-11
0.000000E+00  7.864728E-09  7.868840E-09  7.863655E-09  7.867534E-09  7.845272E-09  7.826068E-09  7.845254E-09  7.848777E-09  7.852997E-09  7.852479E-09  7.824601E-09  7.815947E-09  7.838906E-09  7.825800E-09  7.814516E-09  7.831020E-09  7.838585E-09  7.843449E-09  7.834275E-09  7.841052E-09
Gas           Ref
0.000000E+00  -1.112045E-13 -1.111687E-13 -1.112331E-13 -1.113547E-13 -1.115228E-13 -1.113440E-13 -1.112617E-13 -1.114191E-13 -1.114584E-13 -1.114369E-13 -1.114012E-13 -1.113797E-13 -1.114369E-13 -1.112617E-13 -1.112653E-13 -1.113440E-13 -1.113654E-13 -1.112617E-13 -1.111866E-13 -1.112152E-13
0.000000E+00  -2.235176E-14 -2.225878E-14 -2.229454E-14 -2.233388E-14 -2.226236E-14 -2.230885E-14 -2.236607E-14 -2.245905E-14 -2.241256E-14 -2.236607E-14 -2.250554E-14 -2.232315E-14 -2.222659E-14 -2.214076E-14 -2.252700E-14 -2.251627E-14 -2.245190E-14 -2.246620E-14 -2.254488E-14 -2.249481E-14
0.000000E+00  3.124776E-13  3.132895E-13  3.123346E-13  3.117445E-13  3.124776E-13  3.130213E-13  3.134647E-13  3.127924E-13  3.116515E-13  3.121200E-13  3.114369E-13  3.122881E-13  3.125384E-13  3.125992E-13  3.115407E-13  3.116802E-13  3.117016E-13  3.122452E-13  3.124812E-13  3.124848E-13
0.000000E+00  3.210543E-11  3.212803E-11  3.200619E-11  3.205690E-11  3.211530E-11  3.213636E-11  3.215993E-11  3.201323E-11  3.198898E-11  3.204513E-11  3.198130E-11  3.208690E-11  3.205658E-11  3.200651E-11  3.195476E-11  3.202439E-11  3.204689E-11  3.206791E-11  3.207750E-11  3.205189E-11
0.000000E+00  9.176811E-11  9.186110E-11  9.148809E-11  9.162471E-11  9.178706E-11  9.185466E-11  9.191152E-11  9.151849E-11  9.142122E-11  9.159681E-11  9.140513E-11  9.170481E-11  9.163007E-11  9.150167E-11  9.133180E-11  9.153709E-11  9.161040E-11  9.166154E-11  9.168944E-11  9.164044E-11
0.000000E+00  7.682176E-09  7.689668E-09  7.658537E-09  7.669856E-09  7.683981E-09  7.689757E-09  7.695372E-09  7.661505E-09  7.652957E-09  7.668014E-09  7.651259E-09  7.676704E-09  7.671090E-09  7.661004E-09  7.645180E-09  7.663096E-09  7.669247E-09  7.673592E-09  7.676257E-09  7.671429E-09
Gas           Sam
0.000000E+00  -1.079072E-13 -1.079000E-13 -1.077677E-13 -1.075317E-13 -1.073600E-13 -1.073922E-13 -1.073636E-13 -1.073135E-13 -1.074601E-13 -1.074530E-13 -1.072742E-13 -1.070739E-13 -1.069594E-13 -1.069916E-13 -1.069737E-13 -1.068986E-13 -1.068307E-13 -1.068986E-13 -1.068164E-13 -1.068522E-13
0.000000E+00  -2.053501E-14 -2.046349E-14 -2.056362E-14 -2.064230E-14 -2.071740E-14 -2.079966E-14 -2.085330E-14 -2.075316E-14 -2.073528E-14 -2.080323E-14 -2.060296E-14 -2.070310E-14 -2.075316E-14 -2.083542E-14 -2.066018E-14 -2.073171E-14 -2.077820E-14 -2.055289E-14 -2.062084E-14 -2.057793E-14
0.000000E+00  3.284565E-13  3.286746E-13  3.278414E-13  3.282419E-13  3.295687E-13  3.283563E-13  3.284493E-13  3.296009E-13  3.289679E-13  3.283885E-13  3.290716E-13  3.293541E-13  3.286031E-13  3.290966E-13  3.300121E-13  3.293291E-13  3.287390E-13  3.295759E-13  3.297797E-13  3.287068E-13
0.000000E+00  3.278195E-11  3.266537E-11  3.263157E-11  3.272409E-11  3.272967E-11  3.260017E-11  3.267238E-11  3.274680E-11  3.258991E-11  3.261451E-11  3.268804E-11  3.268014E-11  3.257013E-11  3.264094E-11  3.273564E-11  3.253751E-11  3.259484E-11  3.268522E-11  3.259234E-11  3.254874E-11
0.000000E+00  9.344969E-11  9.315500E-11  9.303733E-11  9.329375E-11  9.334346E-11  9.293363E-11  9.314283E-11  9.336171E-11  9.293112E-11  9.298798E-11  9.319290E-11  9.319362E-11  9.285030E-11  9.304127E-11  9.333524E-11  9.278092E-11  9.291789E-11  9.317824E-11  9.294149E-11  9.278807E-11
0.000000E+00  7.782490E-09  7.757706E-09  7.746978E-09  7.768847E-09  7.773282E-09  7.739432E-09  7.756008E-09  7.774962E-09  7.739271E-09  7.742865E-09  7.760496E-09  7.761158E-09  7.731475E-09  7.747872E-09  7.772406E-09  7.726038E-09  7.737126E-09  7.759495E-09  7.739182E-09  7.726253E-09
Gas           Ref
0.000000E+00  -1.113010E-13 -1.114227E-13 -1.111437E-13 -1.111759E-13 -1.112617E-13 -1.113297E-13 -1.112546E-13 -1.112832E-13 -1.112474E-13 -1.113583E-13 -1.111902E-13 -1.110829E-13 -1.112438E-13 -1.111187E-13 -1.111616E-13 -1.112402E-13 -1.113118E-13 -1.112832E-13 -1.114548E-13 -1.113404E-13
0.000000E+00  -2.250912E-14 -2.265575E-14 -2.279880E-14 -2.296331E-14 -2.283814E-14 -2.280238E-14 -2.284171E-14 -2.299192E-14 -2.283098E-14 -2.281668E-14 -2.288463E-14 -2.286317E-14 -2.300622E-14 -2.286317E-14 -2.297404E-14 -2.282741E-14 -2.280238E-14 -2.291682E-14 -2.295615E-14 -2.273085E-14
0.000000E+00  3.091374E-13  3.090587E-13  3.077140E-13  3.079036E-13  3.074279E-13  3.069809E-13  3.078106E-13  3.075352E-13  3.071919E-13  3.075102E-13  3.074923E-13  3.070703E-13  3.066054E-13  3.071883E-13  3.075996E-13  3.066412E-13  3.066340E-13  3.075138E-13  3.066376E-13  3.067091E-13
0.000000E+00  3.177867E-11  3.172352E-11  3.157507E-11  3.165403E-11  3.158655E-11  3.164591E-11  3.167542E-11  3.156913E-11  3.162878E-11  3.167191E-11  3.163615E-11  3.160132E-11  3.153398E-11  3.163036E-11  3.160461E-11  3.152514E-11  3.160675E-11  3.163576E-11  3.149628E-11  3.162567E-11
0.000000E+00  9.083256E-11  9.069666E-11  9.024819E-11  9.047815E-11  9.027502E-11  9.046170E-11  9.055468E-11  9.022924E-11  9.039554E-11  9.053108E-11  9.043202E-11  9.032831E-11  9.013840E-11  9.039554E-11  9.036514E-11  9.011694E-11  9.034368E-11  9.045205E-11  9.003183E-11  9.038088E-11
0.000000E+00  7.604249E-09  7.592590E-09  7.555003E-09  7.574655E-09  7.556898E-09  7.572044E-09  7.581288E-09  7.553626E-09  7.567145E-09  7.578714E-09  7.570721E-09  7.562067E-09  7.545919E-09  7.567216E-09  7.564784E-09  7.543703E-09  7.562907E-09  7.572009E-09  7.536406E-09  7.566483E-09
Gas           Sam
0.000000E+00  -1.079393E-13 -1.079823E-13 -1.078070E-13 -1.075996E-13 -1.076282E-13 -1.075567E-13 -1.074029E-13 -1.072348E-13 -1.073314E-13 -1.074315E-13 -1.072420E-13 -1.072634E-13 -1.072491E-13 -1.072348E-13 -1.070489E-13 -1.068986E-13 -1.068200E-13 -1.069988E-13 -1.070953E-13 -1.070989E-13
0.000000E+00  -2.095701E-14 -2.102854E-14 -2.094628E-14 -2.102496E-14 -2.094271E-14 -2.078893E-14 -2.096059E-14 -2.100708E-14 -2.106073E-14 -2.107503E-14 -2.103211E-14 -2.101423E-14 -2.094628E-14 -2.103211E-14 -2.103927E-14 -2.108934E-14 -2.112510E-14 -2.097489E-14 -2.078178E-14 -2.073528E-14
0.000000E+00  3.247765E-13  3.248409E-13  3.249660E-13  3.249446E-13  3.238538E-13  3.245261E-13  3.249517E-13  3.251162E-13  3.255275E-13  3.243437E-13  3.243295E-13  3.252450E-13  3.249410E-13  3.241471E-13  3.248730E-13  3.253022E-13  3.255776E-13  3.256848E-13  3.261283E-13  3.258815E-13
0.000000E+00  3.242086E-11  3.243663E-11  3.242479E-11  3.232998E-11  3.228056E-11  3.235234E-11  3.236442E-11  3.237011E-11  3.232315E-11  3.222137E-11  3.230284E-11  3.236979E-11  3.225606E-11  3.226111E-11  3.230155E-11  3.233052E-11  3.234396E-11  3.235777E-11  3.235051E-11  3.234519E-11
0.000000E+00  9.243616E-11  9.247729E-11  9.246048E-11  9.219977E-11  9.203276E-11  9.224554E-11  9.228453E-11  9.229525E-11  9.217617E-11  9.186968E-11  9.208032E-11  9.229884E-11  9.195909E-11  9.197947E-11  9.210858E-11  9.218690E-11  9.221157E-11  9.225341E-11  9.224662E-11  9.222588E-11
0.000000E+00  7.697983E-09  7.701237E-09  7.699574E-09  7.678332E-09  7.663830E-09  7.681264E-09  7.685001E-09  7.685698E-09  7.676292E-09  7.649936E-09  7.667978E-09  7.686575E-09  7.657875E-09  7.659001E-09  7.669981E-09  7.675864E-09  7.678867E-09  7.682516E-09  7.682248E-09  7.680549E-09
Gas           Ref
0.000000E+00  -1.112796E-13 -1.112832E-13 -1.112116E-13 -1.112259E-13 -1.113475E-13 -1.113010E-13 -1.114620E-13 -1.113154E-13 -1.112474E-13 -1.114548E-13 -1.113762E-13 -1.113225E-13 -1.112939E-13 -1.112438E-13 -1.114048E-13 -1.112653E-13 -1.112617E-13 -1.113118E-13 -1.112689E-13 -1.113762E-13
0.000000E+00  -2.311351E-14 -2.309563E-14 -2.332451E-14 -2.341392E-14 -2.329233E-14 -2.318146E-14 -2.317073E-14 -2.330305E-14 -2.326729E-14 -2.322795E-14 -2.307060E-14 -2.324226E-14 -2.333524E-14 -2.332094E-14 -2.337816E-14 -2.347114E-14 -2.328160E-14 -2.337458E-14 -2.338173E-14 -2.339604E-14
0.000000E+00  3.043559E-13  3.027144E-13  3.024641E-13  3.022173E-13  3.025463E-13  3.032151E-13  3.022423E-13  3.021529E-13  3.026286E-13  3.030291E-13  3.034297E-13  3.033188E-13  3.020599E-13  3.026464E-13  3.019348E-13  3.016129E-13  3.026429E-13  3.017130E-13  3.015950E-13  3.019813E-13
0.000000E+00  3.133070E-11  3.117252E-11  3.125009E-11  3.117821E-11  3.125073E-11  3.126783E-11  3.115986E-11  3.121823E-11  3.126339E-11  3.129057E-11  3.130184E-11  3.119834E-11  3.111945E-11  3.126797E-11  3.109835E-11  3.116809E-11  3.123374E-11  3.108644E-11  3.115067E-11  3.119588E-11
0.000000E+00  8.957406E-11  8.910593E-11  8.933768E-11  8.911666E-11  8.931014E-11  8.938739E-11  8.906587E-11  8.922574E-11  8.936593E-11  8.944102E-11  8.947142E-11  8.919104E-11  8.895108E-11  8.937701E-11  8.889851E-11  8.908125E-11  8.927759E-11  8.884665E-11  8.904835E-11  8.916708E-11
0.000000E+00  7.498766E-09  7.459338E-09  7.478274E-09  7.460249E-09  7.477058E-09  7.483298E-09  7.455618E-09  7.469351E-09  7.481385E-09  7.487662E-09  7.490505E-09  7.467027E-09  7.446320E-09  7.482476E-09  7.441921E-09  7.457496E-09  7.474483E-09  7.437755E-09  7.454009E-09  7.464488E-09
Gas           Sam
0.000000E+00  -1.078678E-13 -1.077891E-13 -1.078285E-13 -1.077820E-13 -1.076819E-13 -1.077069E-13 -1.074387E-13 -1.073528E-13 -1.073922E-13 -1.072420E-13 -1.072956E-13 -1.072706E-13 -1.072026E-13 -1.071204E-13 -1.071168E-13 -1.070882E-13 -1.072491E-13 -1.070381E-13 -1.070989E-13 -1.069809E-13
0.000000E+00  -2.142551E-14 -2.135398E-14 -2.132537E-14 -2.126815E-14 -2.128245E-14 -2.153280E-14 -2.152207E-14 -2.137544E-14 -2.147557E-14 -2.164366E-14 -2.177956E-14 -2.166154E-14 -2.152207E-14 -2.152207E-14 -2.152922E-14 -2.151849E-14 -2.150776E-14 -2.148273E-14 -2.155425E-14 -2.156140E-14
0.000000E+00  3.198877E-13  3.199950E-13  3.205278E-13  3.202489E-13  3.207925E-13  3.201130E-13  3.197089E-13  3.203490E-13  3.214076E-13  3.204992E-13  3.202310E-13  3.214470E-13  3.201416E-13  3.205207E-13  3.208748E-13  3.210715E-13  3.202954E-13  3.210822E-13  3.210178E-13  3.207567E-13
0.000000E+00  3.202364E-11  3.205472E-11  3.204238E-11  3.198094E-11  3.205160E-11  3.188828E-11  3.194747E-11  3.199953E-11  3.204213E-11  3.186417E-11  3.196538E-11  3.201331E-11  3.185233E-11  3.192215E-11  3.197665E-11  3.191803E-11  3.185259E-11  3.202632E-11  3.188892E-11  3.191628E-11
0.000000E+00  9.130212E-11  9.139976E-11  9.135791E-11  9.119448E-11  9.139189E-11  9.090766E-11  9.109148E-11  9.124025E-11  9.136042E-11  9.085079E-11  9.112081E-11  9.129712E-11  9.082326E-11  9.101209E-11  9.116229E-11  9.101424E-11  9.079822E-11  9.129390E-11  9.092161E-11  9.097847E-11
0.000000E+00  7.603015E-09  7.610775E-09  7.608147E-09  7.594128E-09  7.610883E-09  7.570417E-09  7.584632E-09  7.597829E-09  7.608612E-09  7.565160E-09  7.587941E-09  7.602639E-09  7.562746E-09  7.578214E-09  7.591106E-09  7.579733E-09  7.561280E-09  7.602925E-09  7.570954E-09  7.576103E-09
Gas           Ref
0.000000E+00  -1.112331E-13 -1.112796E-13 -1.113010E-13 -1.113440E-13 -1.114906E-13 -1.114048E-13 -1.112259E-13 -1.112009E-13 -1.110293E-13 -1.112510E-13 -1.113261E-13 -1.113082E-13 -1.115228E-13 -1.113368E-13 -1.112474E-13 -1.113833E-13 -1.112581E-13 -1.111008E-13 -1.110829E-13 -1.113440E-13
0.000000E+00  -2.350690E-14 -2.344253E-14 -2.363565E-14 -2.369644E-14 -2.353551E-14 -2.341750E-14 -2.344611E-14 -2.360346E-14 -2.353551E-14 -2.367141E-14 -2.377512E-14 -2.361777E-14 -2.356412E-14 -2.353551E-14 -2.369287E-14 -2.362850E-14 -2.350690E-14 -2.357843E-14 -2.353909E-14 -2.388599E-14
0.000000E+00  2.997353E-13  2.998069E-13  2.988091E-13  2.980724E-13  2.984765E-13  2.989271E-13  2.988413E-13  2.989808E-13  2.990916E-13  2.983656E-13  2.975323E-13  2.973071E-13  2.979007E-13  2.983227E-13  2.983156E-13  2.983084E-13  2.985302E-13  2.985444E-13  2.975896E-13  2.965203E-13
0.000000E+00  3.096667E-11  3.095644E-11  3.082251E-11  3.080595E-11  3.087197E-11  3.088710E-11  3.090480E-11  3.089940E-11  3.090219E-11  3.075123E-11  3.073088E-11  3.077394E-11  3.081843E-11  3.083535E-11  3.085502E-11  3.086060E-11  3.086245E-11  3.086328E-11  3.068618E-11  3.067166E-11
0.000000E+00  8.852264E-11  8.849867E-11  8.813604E-11  8.805308E-11  8.824620E-11  8.828839E-11  8.834740E-11  8.832093E-11  8.834811E-11  8.791538E-11  8.784565E-11  8.796188E-11  8.810708E-11  8.815357E-11  8.820542E-11  8.821579E-11  8.823225E-11  8.822581E-11  8.772585E-11  8.768400E-11
0.000000E+00  7.410790E-09  7.409216E-09  7.378067E-09  7.370968E-09  7.386936E-09  7.391066E-09  7.396145E-09  7.394214E-09  7.396198E-09  7.360185E-09  7.353784E-09  7.363404E-09  7.375599E-09  7.380052E-09  7.383949E-09  7.384540E-09  7.386131E-09  7.386024E-09  7.343806E-09  7.339890E-09
Gas           Sam
0.000000E+00  -1.082004E-13 -1.082719E-13 -1.080895E-13 -1.077999E-13 -1.077927E-13 -1.078070E-13 -1.075424E-13 -1.074601E-13 -1.074709E-13 -1.075495E-13 -1.074780E-13 -1.072563E-13 -1.074101E-13 -1.073493E-13 -1.073528E-13 -1.071919E-13 -1.071883E-13 -1.071597E-13 -1.071597E-13 -1.071311E-13
0.000000E+00  -2.183678E-14 -2.189400E-14 -2.180102E-14 -2.163651E-14 -2.173664E-14 -2.179744E-14 -2.171519E-14 -2.167585E-14 -2.170446E-14 -2.189400E-14 -2.199771E-14 -2.181890E-14 -2.173664E-14 -2.148988E-14 -2.153280E-14 -2.173664E-14 -2.179744E-14 -2.168657E-14 -2.157571E-14 -2.159001E-14
0.000000E+00  3.152350E-13  3.148594E-13  3.155926E-13  3.159860E-13  3.154209E-13  3.159896E-13  3.164724E-13  3.170517E-13  3.166011E-13  3.159001E-13  3.168193E-13  3.165689E-13  3.170767E-13  3.175667E-13  3.172878E-13  3.169194E-13  3.171089E-13  3.175023E-13  3.179351E-13  3.179100E-13
0.000000E+00  3.162821E-11  3.160225E-11  3.168919E-11  3.160754E-11  3.156763E-11  3.163511E-11  3.166773E-11  3.169831E-11  3.155675E-11  3.154352E-11  3.166458E-11  3.160507E-11  3.162732E-11  3.165646E-11  3.164434E-11  3.162617E-11  3.161980E-11  3.164537E-11  3.164051E-11  3.154431E-11
0.000000E+00  9.018668E-11  9.009120E-11  9.035870E-11  9.014627E-11  8.999607E-11  9.019562E-11  9.029719E-11  9.039268E-11  8.998355E-11  8.992276E-11  9.028647E-11  9.011408E-11  9.017739E-11  9.025392E-11  9.022101E-11  9.018596E-11  9.018132E-11  9.021386E-11  9.020635E-11  8.995136E-11
0.000000E+00  7.510443E-09  7.502146E-09  7.524265E-09  7.507099E-09  7.494314E-09  7.510890E-09  7.519383E-09  7.527841E-09  7.493491E-09  7.488574E-09  7.518776E-09  7.503218E-09  7.508941E-09  7.515789E-09  7.513304E-09  7.509656E-09  7.509603E-09  7.513411E-09  7.512607E-09  7.491435E-09
Gas           Ref
0.000000E+00  -1.110972E-13 -1.112295E-13 -1.113225E-13 -1.113654E-13 -1.113154E-13 -1.113082E-13 -1.112581E-13 -1.112224E-13 -1.111973E-13 -1.113046E-13 -1.111973E-13 -1.111723E-13 -1.113010E-13 -1.114405E-13 -1.115228E-13 -1.113511E-13 -1.112331E-13 -1.113440E-13 -1.113440E-13 -1.113654E-13
0.000000E+00  -2.384665E-14 -2.394679E-14 -2.390387E-14 -2.407911E-14 -2.420428E-14 -2.409341E-14 -2.418282E-14 -2.407196E-14 -2.420428E-14 -2.408626E-14 -2.427580E-14 -2.432229E-14 -2.421501E-14 -2.424362E-14 -2.428296E-14 -2.417567E-14 -2.414706E-14 -2.416494E-14 -2.417209E-14 -2.417567E-14
0.000000E+00  2.948609E-13  2.949753E-13  2.946284E-13  2.939060E-13  2.928796E-13  2.935734E-13  2.931729E-13  2.928582E-13  2.934518E-13  2.926937E-13  2.927330E-13  2.932551E-13  2.934626E-13  2.927115E-13  2.926221E-13  2.935520E-13  2.925900E-13  2.920928E-13  2.927151E-13  2.929583E-13
0.000000E+00  3.054281E-11  3.054992E-11  3.053344E-11  3.041664E-11  3.036850E-11  3.049703E-11  3.036203E-11  3.042222E-11  3.048380E-11  3.032154E-11  3.037880E-11  3.044017E-11  3.047089E-11  3.029748E-11  3.040205E-11  3.045805E-11  3.029304E-11  3.034404E-11  3.040444E-11  3.041592E-11
0.000000E+00  8.730598E-11  8.732637E-11  8.729240E-11  8.696446E-11  8.680853E-11  8.718404E-11  8.678814E-11  8.695980E-11  8.714684E-11  8.668836E-11  8.683428E-11  8.701237E-11  8.710679E-11  8.662005E-11  8.690008E-11  8.708032E-11  8.660611E-11  8.673307E-11  8.690151E-11  8.695014E-11
0.000000E+00  7.308830E-09  7.310278E-09  7.308007E-09  7.280059E-09  7.266773E-09  7.298494E-09  7.265145E-09  7.279236E-09  7.296331E-09  7.256795E-09  7.268704E-09  7.283492E-09  7.292397E-09  7.250733E-09  7.274426E-09  7.289661E-09  7.249714E-09  7.261015E-09  7.275052E-09  7.278807E-09
 Gas          
0.000000E+00  0.000000E+00  0.000000E+00  0.000000E+00  0.000000E+00  0.000000E+00  0.000000E+00  0.000000E+00  0.000000E+00  0.000000E+00  0.000000E+00  0.000000E+00  0.000000E+00  0.000000E+00  0.000000E+00  0.000000E+00  0.000000E+00  0.000000E+00  0.000000E+00  0.000000E+00  0.000000E+00
0.000000E+00  0.000000E+00  0.000000E+00  0.000000E+00  0.000000E+00  0.000000E+00  0.000000E+00  0.000000E+00  0.000000E+00  0.000000E+00  0.000000E+00  0.000000E+00  0.000000E+00  0.000000E+00  0.000000E+00  0.000000E+00  0.000000E+00  0.000000E+00  0.000000E+00  0.000000E+00  0.000000E+00
0.000000E+00  0.000000E+00  0.000000E+00  0.000000E+00  0.000000E+00  0.000000E+00  0.000000E+00  0.000000E+00  0.000000E+00  0.000000E+00  0.000000E+00  0.000000E+00  0.000000E+00  0.000000E+00  0.000000E+00  0.000000E+00  0.000000E+00  0.000000E+00  0.000000E+00  0.000000E+00  0.000000E+00
0.000000E+00  0.000000E+00  0.000000E+00  0.000000E+00  0.000000E+00  0.000000E+00  0.000000E+00  0.000000E+00  0.000000E+00  0.000000E+00  0.000000E+00  0.000000E+00  0.000000E+00  0.000000E+00  0.000000E+00  0.000000E+00  0.000000E+00  0.000000E+00  0.000000E+00  0.000000E+00  0.000000E+00
0.000000E+00  0.000000E+00  0.000000E+00  0.000000E+00  0.000000E+00  0.000000E+00  0.000000E+00  0.000000E+00  0.000000E+00  0.000000E+00  0.000000E+00  0.000000E+00  0.000000E+00  0.000000E+00  0.000000E+00  0.000000E+00  0.000000E+00  0.000000E+00  0.000000E+00  0.000000E+00  0.000000E+00
0.000000E+00  0.000000E+00  0.000000E+00  0.000000E+00  0.000000E+00  0.000000E+00  0.000000E+00  0.000000E+00  0.000000E+00  0.000000E+00  0.000000E+00  0.000000E+00  0.000000E+00  0.000000E+00  0.000000E+00  0.000000E+00  0.000000E+00  0.000000E+00  0.000000E+00  0.000000E+00  0.000000E+00
End of Analysis
"H3 factor",13.13339
"Linearity factor (0)",52.88039
"Linearity factor (1)",18.00761
"Linearity factor (2)",-.1321419
"Linearity factor (3)",9.804096E-04
"Linearity factor (4)",-7.965973E-02
"Linearity factor (5)",0
"Collector Gains :",500,5000,5000,5000,500,500,50,500,1,5
"Number of deflectors available : ",33
"Source HT",8000
"Extraction V",780
"H Defl",310
"Trap",850
"Trap Voltage",24
"Repeller",4
"Filament V",-110
"Delta HP",19
"Z Lens",110
"Delta Z",130
"Max Current",3.5
"Heater Current",1
"Quad 1",120
"Cubic 1",50
"Lin 1",0
"Deflect 1 I",5
"Deflect 1 O",5
"Offset 1",0
"Offset 2",0
"Quad 2",-620
"Cubic 2",0
"Lin 2",0
"Q1 I Cor",0
"Q1 O Cor",0
"Suppressor",-100
"Mop Plate",-15
"ESA H1",790
"ESA H1 delta",0
"ESA H2",800
"ESA H2 delta",0
"ESA H3",820
"ESA H3 delta",0
"ESA HD",0
"ESA HD delta",0
"Batch Started: ","13:02:19 15:29:56"
"Data File: ","C:\Nu Stable\Results\2019\201902013 standard PD4 BSS WNI ZE NTA\Data_9296 PD4 147.txt"
"Sample Name: ","PD4 147"
"Sample Weight: ",79
"Sample Type: ","Sam"
"Vial Number: ",19
"Sam Beam First CO: ","7.913735e-09"
"Sam Beam Last CO: ","7.504615e-09"
"Ref Beam First CO: ","7.860181e-09"
"Ref Beam Second CO: ","7.765555e-09"
"Ref BeamLast CO: ","7.275553e-09"
"Sam Depletion: ","5 %"
"Ref Depletion: ","7 %"
"Observed CP Temperature: ",70.254
"Std Dev: ","0.000e00"
"Min: ","70.254"
"Max: ","70.254"
"Ave Started: ","14:02:19 03:06:56"
"Ave Stopped: ","14:02:19 03:10:52"
"Num: ",8
"Current Mass: ",46.03193
"Method File Name","C:\Nu Stable\Analyses\DI\040216 12-12-20 6 collectors.rdf"
"Version 6"
"Analysis Type","DI"
"Analysis Calculation Routine ","Clumped CO2 Iterative"
"Gas ID ","CO2"
"Ref Gas Identifier ","AirLiquide01"
"Centring collector ",8
"Num of Ref/Sam cycles ",6
"Cycles length(secs) ",20
"C/O valve stabilisation time ",12
"Offset for zero measurement(amu) ",0
"Zero measurement time ",20
"Spare",0
"Spare",0
0
-1
-1
-1
-1
0
-1
0
-1
0
"Num Clumped Blocks","1"
"Do zero at start of block",#FALSE#
"Balance beams",#FALSE#
"Mag Hysteresis Offset",.001
"Apply Hysteresis Offset",#FALSE#
"Target Beam (A) ",.00000005
"Use CF with Bellows ",#FALSE#
"DI Auto Gas balancing: ","True"
"Pirani pressure",3.322723E-02
"Cold finger status","CF"
"Inlet transducer pressure",1.891986
"Sample operations:  InitialisePrepSampleRun; CheckIfCFRequired; UseCF; SampleTrapped; BalanceRefToSamValue; DepletingBalance; SampleReady;"
"Number of sample chops",0
"Number of sample double chops",0
"Run from bellows",#FALSE#
"Max sample pump-over pressure (mBar)","0.000000e00"
"Max sample pump-over pressure (raw)",0
"Pre-balance Sam Beam","8.146473e-09"
"Min ref beam","3.705457e-09"
"Max ref beam","2.270567e-08"
"Ref bellows position",4416
"Sam bellows position",8444
"Balance %",.2109697
"Initial Sam Beam","8.484157e-09"
"Final Ref Beam","8.170732e-09"
"Final Sam Beam","8.187969e-09"
"Pre-depleted Ref Beam",8.191331E-09
"InletPiraniPressure",3.322723E-02
"Depletion Factor",.96
"Balance End","14/02/19 03:48:44"
"Water Trap Temperature Hot",-195.1766
"Water Trap Temperature Cold",-195.1766
"DP Version",25
"Num Gas Cycles ",1
"UseFrontHeightThreshold(1)",#TRUE#
"FrontHeightThreshold(1)",2
"UseBackHeightThreshold(1)",#TRUE#
"BackHeightThreshold(1)",2.7
"UsePeakWidthLimit(1)",#FALSE#
"PeakWidthLimit(1)",6
"RefGasFrontHeightThreshold(1)",40
"RefGasBackHeightThreshold(1)",10
"Measure_Elemental_Comp",#TRUE#
"Use_TCD_For_Elem_Calcs",#FALSE#
"Sample_Name","PD4 147"
"Sample_Type","Sam"
"Sample_Weight",79
"Sample_Vial",19
"Standard_Type",""
"NoAnalysisCycles",1
"Gas1","CO2"
"Ref Gas1","AirLiquide01"
"Analysis_Routine1","Clumped CO2 Iterative"
"ZeroWidth1",10
"NoZeros1",1
"ZeroTime1",10
"Delta wrt Std 1",#FALSE#
"AllowLinearityCorrection",#FALSE#
"Num Collectors",6
"LinearityFactor(Cent)",52880.39
"LinearityFactor(Low2)",18007.61
"LinearityFactor(Low4)",-132.1419
"LinearityFactor()",.9804096
"LinearityFactor()",-79.65973
"LinearityFactor()",0
"UseH3Factor",#FALSE#
"H3Factor",0
"Axial Mass",46
"Anal Start",0
"Anal End",0
"Calc Linearity Correction from Ref Peaks",#FALSE#
"Temperature",25
"Std Temperature",25
"A_Factor",1.01025
"K_Factor",.04
"TemperatureCorrectionEnabled",#FALSE#
"GC ZeroMethod","Lowest Peak Limit"
"GC AllowZeroToCutPoints",#FALSE#
"GC UseIsotopicShift",#TRUE#
"GC InterpolatePeakHeight",#TRUE#
"GC NumZeroPoints",10
"GC Min Peak Height",.0000000001
"GC No UserPeaks",0
"SmoothingInterval",10
"DropFactor",1
"GradientRejectfactor",10
"SectionSize",100
"BackgroundStartTime",1
"CutOffTime",1000
"UseNewBackgroundCalcn",#FALSE#
"GC Label File","None.lab"
"GC No User Defined Background Points",0
"GC No Auto-detected Peaks to be Removed",0
"GC No Auto-calculated Background Points to Remove",0
"GC Std Peak In Sample",#FALSE#
"GC Std Peak Time",0
"Max Gap For Grouping EA Ref Pulses",20
"Group EA Ref Peaks",#FALSE#
"Use Defined Peak Limits (1)",#FALSE#
"Peak Start (1)",0
"Peak End (1)",0
"DP Version",25
"Num Gas Cycles ",1
"UseFrontHeightThreshold(1)",#TRUE#
"FrontHeightThreshold(1)",2
"UseBackHeightThreshold(1)",#TRUE#
"BackHeightThreshold(1)",2.7
"UsePeakWidthLimit(1)",#FALSE#
"PeakWidthLimit(1)",6
"RefGasFrontHeightThreshold(1)",40
"RefGasBackHeightThreshold(1)",10
"Measure_Elemental_Comp",#TRUE#
"Use_TCD_For_Elem_Calcs",#FALSE#
"Sample_Name","PD4 147"
"Sample_Type","Sam"
"Sample_Weight",79
"Sample_Vial",19
"Standard_Type",""
"NoAnalysisCycles",1
"Gas1","CO2"
"Ref Gas1","AirLiquide01"
"Analysis_Routine1","Clumped CO2 Iterative"
"ZeroWidth1",10
"NoZeros1",1
"ZeroTime1",10
"Delta wrt Std 1",#FALSE#
"AllowLinearityCorrection",#FALSE#
"Num Collectors",6
"LinearityFactor(Cent)",52880.39
"LinearityFactor(Low2)",18007.61
"LinearityFactor(Low4)",-132.1419
"LinearityFactor()",.9804096
"LinearityFactor()",-79.65973
"LinearityFactor()",0
"UseH3Factor",#FALSE#
"H3Factor",0
"Axial Mass",46
"Anal Start",0
"Anal End",0
"Calc Linearity Correction from Ref Peaks",#FALSE#
"Temperature",25
"Std Temperature",25
"A_Factor",1.01025
"K_Factor",.04
"TemperatureCorrectionEnabled",#FALSE#
"GC ZeroMethod","Lowest Peak Limit"
"GC AllowZeroToCutPoints",#FALSE#
"GC UseIsotopicShift",#TRUE#
"GC InterpolatePeakHeight",#TRUE#
"GC NumZeroPoints",10
"GC Min Peak Height",.0000000001
"GC No UserPeaks",0
"SmoothingInterval",10
"DropFactor",1
"GradientRejectfactor",10
"SectionSize",100
"BackgroundStartTime",1
"CutOffTime",1000
"UseNewBackgroundCalcn",#FALSE#
"GC Label File","None.lab"
"GC No User Defined Background Points",0
"GC No Auto-detected Peaks to be Removed",0
"GC No Auto-calculated Background Points to Remove",0
"GC Std Peak In Sample",#FALSE#
"GC Std Peak Time",0
"Max Gap For Grouping EA Ref Pulses",20
"Group EA Ref Peaks",#FALSE#
"Use Defined Peak Limits (1)",#FALSE#
"Peak Start (1)",0
"Peak End (1)",0
"End of Data file"


