"Clumped CO2 Iterative Analysis,         Data File Version 10"
"Started analysis at 6:46:20 PM on the Wednesday, February 13, 2019"
"UTC FileTimeLow",1370041856," UTC FileTimeHigh",30721014
"Time Zone ","Eastern Daylight Time"
"CO Disabled",#FALSE#
"Persective Instrument","PS019"
"User logged in",#FALSE#
"Software Version","Stable 1.69.5"
"Axial Mass is :",46
"No_C_O_Cycles",6
"Num Blocks",1
0
-1
-1
-1
-1
0
-1
0
-1
0
"Sample Name is ","PD4 126.1"
Zero Data
-1.164187100671E-13, -5.906927236839E-14, -6.340837550118E-14, -3.721657991550E-14, 1.081467706186E-13, 4.076961554814E-12, Measured at start of run
Individual Data
No_C_O_Cycles                6 
Cycle_Length   20 
Zero_Measurement_Length      20 
Axial_Mass     46 
 Gas          Bla
0.000000E+00  -1.164759E-13 -1.164867E-13 -1.163508E-13 -1.163651E-13 -1.164294E-13 -1.166261E-13 -1.162757E-13 -1.163186E-13 -1.163901E-13 -1.164688E-13 -1.164581E-13 -1.164509E-13 -1.164366E-13 -1.164223E-13 -1.162614E-13 -1.162685E-13 -1.163937E-13 -1.163508E-13 -1.165296E-13 -1.166154E-13
0.000000E+00  -5.910879E-14 -5.903011E-14 -5.917674E-14 -5.912667E-14 -5.910879E-14 -5.900865E-14 -5.909806E-14 -5.909449E-14 -5.910164E-14 -5.910164E-14 -5.900865E-14 -5.904084E-14 -5.909449E-14 -5.912667E-14 -5.904442E-14 -5.893713E-14 -5.896574E-14 -5.896932E-14 -5.914456E-14 -5.909806E-14
0.000000E+00  -6.331807E-14 -6.324297E-14 -6.330020E-14 -6.330735E-14 -6.355053E-14 -6.350047E-14 -6.350762E-14 -6.355769E-14 -6.346112E-14 -6.333953E-14 -6.344324E-14 -6.335026E-14 -6.327159E-14 -6.331807E-14 -6.329662E-14 -6.329305E-14 -6.346112E-14 -6.358987E-14 -6.357914E-14 -6.347901E-14
0.000000E+00  -3.633503E-14 -3.679994E-14 -3.651384E-14 -3.722910E-14 -3.697876E-14 -3.701452E-14 -3.687147E-14 -3.672842E-14 -3.701452E-14 -3.690723E-14 -3.722910E-14 -3.708605E-14 -3.805164E-14 -3.755096E-14 -3.765825E-14 -3.744367E-14 -3.755096E-14 -3.823046E-14 -3.733639E-14 -3.780130E-14
0.000000E+00  1.097919E-13  1.119376E-13  1.097919E-13  1.105071E-13  1.087190E-13  1.105071E-13  1.105071E-13  1.051427E-13  1.072885E-13  1.101495E-13  1.069308E-13  1.072885E-13  1.062156E-13  1.051427E-13  1.058579E-13  1.065732E-13  1.069308E-13  1.069308E-13  1.090766E-13  1.076461E-13
0.000000E+00  4.255776E-12  4.255776E-12  4.202131E-12  4.148487E-12  4.148487E-12  4.094843E-12  4.202131E-12  4.112724E-12  4.112724E-12  4.023317E-12  4.130606E-12  4.023317E-12  4.023317E-12  4.005436E-12  3.969673E-12  3.969673E-12  3.951792E-12  3.951792E-12  4.023317E-12  3.933910E-12
Gas           Ref
0.000000E+00  -1.158322E-13 -1.158286E-13 -1.157643E-13 -1.157643E-13 -1.156641E-13 -1.157106E-13 -1.156784E-13 -1.157571E-13 -1.156033E-13 -1.158036E-13 -1.157499E-13 -1.158107E-13 -1.158072E-13 -1.157392E-13 -1.158322E-13 -1.158286E-13 -1.157964E-13 -1.157070E-13 -1.156927E-13 -1.157392E-13
0.000000E+00  -2.063515E-14 -2.059581E-14 -2.053859E-14 -2.061369E-14 -2.072098E-14 -2.083184E-14 -2.071740E-14 -2.053859E-14 -2.064588E-14 -2.067806E-14 -2.071383E-14 -2.087834E-14 -2.091410E-14 -2.075674E-14 -2.108934E-14 -2.086403E-14 -2.094986E-14 -2.102496E-14 -2.079250E-14 -2.079250E-14
0.000000E+00  3.401688E-13  3.402403E-13  3.411916E-13  3.416065E-13  3.403834E-13  3.398934E-13  3.402332E-13  3.408054E-13  3.410664E-13  3.411451E-13  3.408197E-13  3.396145E-13  3.397540E-13  3.397218E-13  3.395823E-13  3.399077E-13  3.403083E-13  3.405085E-13  3.406015E-13  3.406194E-13
0.000000E+00  3.463257E-11  3.466176E-11  3.475917E-11  3.467334E-11  3.459449E-11  3.462063E-11  3.469258E-11  3.470767E-11  3.472370E-11  3.470231E-11  3.460335E-11  3.453995E-11  3.464556E-11  3.453172E-11  3.457407E-11  3.462360E-11  3.464588E-11  3.464920E-11  3.465067E-11  3.466161E-11
0.000000E+00  9.897540E-11  9.906444E-11  9.933159E-11  9.911916E-11  9.886524E-11  9.893820E-11  9.914455E-11  9.919963E-11  9.923253E-11  9.918102E-11  9.892032E-11  9.871397E-11  9.901188E-11  9.871433E-11  9.880338E-11  9.896037E-11  9.903083E-11  9.903941E-11  9.904299E-11  9.905800E-11
0.000000E+00  8.286335E-09  8.293076E-09  8.316036E-09  8.298798E-09  8.277162E-09  8.283063E-09  8.299907E-09  8.305093E-09  8.307793E-09  8.303125E-09  8.281006E-09  8.263876E-09  8.288642E-09  8.264144E-09  8.271511E-09  8.285084E-09  8.290716E-09  8.291789E-09  8.291932E-09  8.293541E-09
Gas           Sam
0.000000E+00  -1.109148E-13 -1.108612E-13 -1.108683E-13 -1.106073E-13 -1.105965E-13 -1.104964E-13 -1.103283E-13 -1.101996E-13 -1.103355E-13 -1.103855E-13 -1.102103E-13 -1.099743E-13 -1.099885E-13 -1.099599E-13 -1.099921E-13 -1.098956E-13 -1.098813E-13 -1.098634E-13 -1.098491E-13 -1.097096E-13
0.000000E+00  -1.889350E-14 -1.876118E-14 -1.869680E-14 -1.872899E-14 -1.873257E-14 -1.889350E-14 -1.887562E-14 -1.886846E-14 -1.860740E-14 -1.856448E-14 -1.887204E-14 -1.883628E-14 -1.882913E-14 -1.887919E-14 -1.883628E-14 -1.870395E-14 -1.881482E-14 -1.899363E-14 -1.877191E-14 -1.867177E-14
0.000000E+00  3.572777E-13  3.572134E-13  3.569559E-13  3.572313E-13  3.572920E-13  3.565446E-13  3.565088E-13  3.569559E-13  3.577963E-13  3.581611E-13  3.583149E-13  3.586117E-13  3.589586E-13  3.577784E-13  3.567842E-13  3.572885E-13  3.569416E-13  3.573063E-13  3.579966E-13  3.580645E-13
0.000000E+00  3.523571E-11  3.517256E-11  3.512646E-11  3.516959E-11  3.509931E-11  3.505107E-11  3.506913E-11  3.512578E-11  3.517331E-11  3.518751E-11  3.519108E-11  3.519956E-11  3.520656E-11  3.497629E-11  3.500654E-11  3.508444E-11  3.499041E-11  3.504667E-11  3.509323E-11  3.510221E-11
0.000000E+00  9.990165E-11  9.972534E-11  9.959517E-11  9.972213E-11  9.951327E-11  9.936235E-11  9.942923E-11  9.957085E-11  9.971747E-11  9.975109E-11  9.976755E-11  9.978327E-11  9.982441E-11  9.918497E-11  9.924540E-11  9.945140E-11  9.919569E-11  9.934375E-11  9.949146E-11  9.950755E-11
0.000000E+00  8.346756E-09  8.331307E-09  8.319863E-09  8.330627E-09  8.313443E-09  8.300891E-09  8.306273E-09  8.318111E-09  8.330824E-09  8.333720E-09  8.334544E-09  8.336385E-09  8.339907E-09  8.286603E-09  8.290609E-09  8.308043E-09  8.286478E-09  8.299478E-09  8.311869E-09  8.313300E-09
Gas           Ref
0.000000E+00  -1.155497E-13 -1.157678E-13 -1.158036E-13 -1.157213E-13 -1.158322E-13 -1.158072E-13 -1.159216E-13 -1.158644E-13 -1.157285E-13 -1.156784E-13 -1.157106E-13 -1.157464E-13 -1.157821E-13 -1.157714E-13 -1.156999E-13 -1.156677E-13 -1.156248E-13 -1.156462E-13 -1.157785E-13 -1.157714E-13
0.000000E+00  -2.141120E-14 -2.128245E-14 -2.112510E-14 -2.117874E-14 -2.115013E-14 -2.106430E-14 -2.108218E-14 -2.110722E-14 -2.120020E-14 -2.111437E-14 -2.110722E-14 -2.122166E-14 -2.135040E-14 -2.123954E-14 -2.115013E-14 -2.135756E-14 -2.147557E-14 -2.131107E-14 -2.134325E-14 -2.124669E-14
0.000000E+00  3.349725E-13  3.352979E-13  3.359059E-13  3.352407E-13  3.354410E-13  3.361276E-13  3.362993E-13  3.361598E-13  3.359595E-13  3.360954E-13  3.362635E-13  3.361526E-13  3.348366E-13  3.342465E-13  3.346434E-13  3.339532E-13  3.345004E-13  3.350046E-13  3.349224E-13  3.345719E-13
0.000000E+00  3.416415E-11  3.418972E-11  3.428832E-11  3.416415E-11  3.423364E-11  3.426847E-11  3.428557E-11  3.428010E-11  3.427577E-11  3.428060E-11  3.427741E-11  3.424233E-11  3.407059E-11  3.409999E-11  3.416422E-11  3.408329E-11  3.414953E-11  3.418285E-11  3.417975E-11  3.418075E-11
0.000000E+00  9.763786E-11  9.771511E-11  9.800909E-11  9.764681E-11  9.784922E-11  9.792969E-11  9.799121E-11  9.798298E-11  9.796760E-11  9.797654E-11  9.798048E-11  9.788213E-11  9.738037E-11  9.746728E-11  9.765468E-11  9.741220E-11  9.760175E-11  9.770832E-11  9.770403E-11  9.769401E-11
0.000000E+00  8.173432E-09  8.180495E-09  8.205172E-09  8.174076E-09  8.191153E-09  8.198680E-09  8.203616E-09  8.203490E-09  8.202060E-09  8.203276E-09  8.202972E-09  8.194961E-09  8.152117E-09  8.159681E-09  8.175113E-09  8.155157E-09  8.171161E-09  8.179565E-09  8.179404E-09  8.178724E-09
Gas           Sam
0.000000E+00  -1.110722E-13 -1.109077E-13 -1.107145E-13 -1.107503E-13 -1.107682E-13 -1.106216E-13 -1.104964E-13 -1.104141E-13 -1.102210E-13 -1.104177E-13 -1.104463E-13 -1.103963E-13 -1.101423E-13 -1.100565E-13 -1.100243E-13 -1.099278E-13 -1.100064E-13 -1.098312E-13 -1.098026E-13 -1.097954E-13
0.000000E+00  -1.919748E-14 -1.903297E-14 -1.905801E-14 -1.909735E-14 -1.910092E-14 -1.914741E-14 -1.926543E-14 -1.932981E-14 -1.925470E-14 -1.930835E-14 -1.943709E-14 -1.915099E-14 -1.905086E-14 -1.913669E-14 -1.895787E-14 -1.914384E-14 -1.916887E-14 -1.906874E-14 -1.911880E-14 -1.917602E-14
0.000000E+00  3.524819E-13  3.531221E-13  3.535441E-13  3.539160E-13  3.539554E-13  3.542486E-13  3.527215E-13  3.520027E-13  3.529147E-13  3.524676E-13  3.525606E-13  3.534726E-13  3.540018E-13  3.542522E-13  3.537301E-13  3.524533E-13  3.524426E-13  3.534618E-13  3.528932E-13  3.524641E-13
0.000000E+00  3.485999E-11  3.487412E-11  3.488134E-11  3.488738E-11  3.487690E-11  3.482390E-11  3.465650E-11  3.469201E-11  3.474151E-11  3.468411E-11  3.475249E-11  3.478424E-11  3.478982E-11  3.480259E-11  3.471354E-11  3.461952E-11  3.465625E-11  3.482487E-11  3.462156E-11  3.465596E-11
0.000000E+00  9.882340E-11  9.886417E-11  9.889171E-11  9.889743E-11  9.888134E-11  9.874043E-11  9.825906E-11  9.834525E-11  9.849045E-11  9.831700E-11  9.852014E-11  9.860417E-11  9.862600E-11  9.866605E-11  9.843395E-11  9.814283E-11  9.824262E-11  9.872578E-11  9.818504E-11  9.825334E-11
0.000000E+00  8.256563E-09  8.259531E-09  8.261748E-09  8.262695E-09  8.260925E-09  8.249232E-09  8.208265E-09  8.215328E-09  8.228525E-09  8.213343E-09  8.230420E-09  8.237680E-09  8.240058E-09  8.242937E-09  8.223553E-09  8.198913E-09  8.207442E-09  8.248247E-09  8.202721E-09  8.208336E-09
Gas           Ref
0.000000E+00  -1.156570E-13 -1.158036E-13 -1.157392E-13 -1.158393E-13 -1.158465E-13 -1.157750E-13 -1.156927E-13 -1.157499E-13 -1.158107E-13 -1.157750E-13 -1.157571E-13 -1.157070E-13 -1.157893E-13 -1.159323E-13 -1.157821E-13 -1.159037E-13 -1.157857E-13 -1.157178E-13 -1.156570E-13 -1.156999E-13
0.000000E+00  -2.151491E-14 -2.163293E-14 -2.187254E-14 -2.173664E-14 -2.170088E-14 -2.182605E-14 -2.168657E-14 -2.160432E-14 -2.161505E-14 -2.165439E-14 -2.154710E-14 -2.153637E-14 -2.169015E-14 -2.175095E-14 -2.190115E-14 -2.182963E-14 -2.179029E-14 -2.188685E-14 -2.176525E-14 -2.183320E-14
0.000000E+00  3.313425E-13  3.307024E-13  3.300014E-13  3.297976E-13  3.305486E-13  3.296545E-13  3.294471E-13  3.301051E-13  3.304234E-13  3.306952E-13  3.307775E-13  3.312388E-13  3.313211E-13  3.307417E-13  3.290788E-13  3.293541E-13  3.291181E-13  3.289572E-13  3.294578E-13  3.299835E-13
0.000000E+00  3.388459E-11  3.374340E-11  3.373665E-11  3.378267E-11  3.383589E-11  3.368944E-11  3.373089E-11  3.380016E-11  3.381582E-11  3.383220E-11  3.384071E-11  3.383853E-11  3.383635E-11  3.371872E-11  3.363107E-11  3.371733E-11  3.361555E-11  3.366193E-11  3.371747E-11  3.373174E-11
0.000000E+00  9.683678E-11  9.645840E-11  9.640619E-11  9.655783E-11  9.672055E-11  9.629033E-11  9.641120E-11  9.660075E-11  9.665224E-11  9.669980E-11  9.673199E-11  9.671948E-11  9.670803E-11  9.640476E-11  9.611437E-11  9.635720E-11  9.608540E-11  9.619519E-11  9.636149E-11  9.641942E-11
0.000000E+00  8.107413E-09  8.075495E-09  8.070739E-09  8.083095E-09  8.097633E-09  8.060547E-09  8.071329E-09  8.087190E-09  8.091642E-09  8.095648E-09  8.098294E-09  8.097615E-09  8.096595E-09  8.071025E-09  8.046546E-09  8.066841E-09  8.044060E-09  8.052893E-09  8.067484E-09  8.071776E-09
Gas           Sam
0.000000E+00  -1.113046E-13 -1.109685E-13 -1.110293E-13 -1.109363E-13 -1.107932E-13 -1.105035E-13 -1.104785E-13 -1.102890E-13 -1.103784E-13 -1.104320E-13 -1.105000E-13 -1.103748E-13 -1.100851E-13 -1.101996E-13 -1.102997E-13 -1.101960E-13 -1.101388E-13 -1.100279E-13 -1.100672E-13 -1.101745E-13
0.000000E+00  -1.965167E-14 -1.963736E-14 -1.951935E-14 -1.982333E-14 -1.970531E-14 -1.984837E-14 -1.960876E-14 -1.950504E-14 -1.945497E-14 -1.954080E-14 -1.960160E-14 -1.976969E-14 -1.960876E-14 -1.957657E-14 -1.942994E-14 -1.951935E-14 -1.959087E-14 -1.931907E-14 -1.961948E-14 -1.968386E-14
0.000000E+00  3.477326E-13  3.471855E-13  3.476182E-13  3.473178E-13  3.477291E-13  3.485266E-13  3.493026E-13  3.494135E-13  3.487161E-13  3.478542E-13  3.486124E-13  3.477541E-13  3.485051E-13  3.491596E-13  3.492347E-13  3.497175E-13  3.501216E-13  3.501037E-13  3.486553E-13  3.485945E-13
0.000000E+00  3.432190E-11  3.433993E-11  3.439099E-11  3.432258E-11  3.438870E-11  3.444020E-11  3.444632E-11  3.446066E-11  3.430159E-11  3.430645E-11  3.435613E-11  3.431414E-11  3.437529E-11  3.440559E-11  3.441313E-11  3.443512E-11  3.443685E-11  3.437648E-11  3.422903E-11  3.431439E-11
0.000000E+00  9.733173E-11  9.735605E-11  9.750769E-11  9.730169E-11  9.750303E-11  9.763215E-11  9.764538E-11  9.770439E-11  9.726236E-11  9.724948E-11  9.740291E-11  9.728918E-11  9.746763E-11  9.754452E-11  9.757278E-11  9.762928E-11  9.762464E-11  9.746620E-11  9.703812E-11  9.726307E-11
0.000000E+00  8.131214E-09  8.132626E-09  8.146377E-09  8.128478E-09  8.144947E-09  8.156928E-09  8.157929E-09  8.162381E-09  8.125152E-09  8.124776E-09  8.137454E-09  8.127030E-09  8.142425E-09  8.148934E-09  8.151634E-09  8.156462E-09  8.156212E-09  8.143069E-09  8.106663E-09  8.125403E-09
Gas           Ref
0.000000E+00  -1.157356E-13 -1.158501E-13 -1.157964E-13 -1.158000E-13 -1.157750E-13 -1.157499E-13 -1.157571E-13 -1.155533E-13 -1.156856E-13 -1.157643E-13 -1.157249E-13 -1.156963E-13 -1.157464E-13 -1.158537E-13 -1.159824E-13 -1.158715E-13 -1.157285E-13 -1.154495E-13 -1.155783E-13 -1.156641E-13
0.000000E+00  -2.205493E-14 -2.203705E-14 -2.212288E-14 -2.220156E-14 -2.228024E-14 -2.238395E-14 -2.229812E-14 -2.212646E-14 -2.216580E-14 -2.225878E-14 -2.201202E-14 -2.199056E-14 -2.196553E-14 -2.210858E-14 -2.228381E-14 -2.241256E-14 -2.229454E-14 -2.230885E-14 -2.230885E-14 -2.228381E-14
0.000000E+00  3.264967E-13  3.265432E-13  3.266004E-13  3.264931E-13  3.265074E-13  3.251019E-13  3.246799E-13  3.250161E-13  3.243330E-13  3.245369E-13  3.250840E-13  3.254381E-13  3.256205E-13  3.258530E-13  3.244189E-13  3.236786E-13  3.240433E-13  3.235641E-13  3.241328E-13  3.243795E-13
0.000000E+00  3.342547E-11  3.344614E-11  3.345380E-11  3.345516E-11  3.343831E-11  3.323901E-11  3.326672E-11  3.330206E-11  3.325056E-11  3.332733E-11  3.335219E-11  3.336800E-11  3.337322E-11  3.338753E-11  3.317152E-11  3.321171E-11  3.323703E-11  3.320370E-11  3.326972E-11  3.328839E-11
0.000000E+00  9.554574E-11  9.560439E-11  9.562298E-11  9.561368E-11  9.557256E-11  9.500787E-11  9.510085E-11  9.519276E-11  9.504828E-11  9.526357E-11  9.531900E-11  9.537551E-11  9.538624E-11  9.542880E-11  9.483800E-11  9.492096E-11  9.502289E-11  9.489879E-11  9.509835E-11  9.515128E-11
0.000000E+00  7.998659E-09  8.004095E-09  8.005562E-09  8.005061E-09  8.002289E-09  7.954062E-09  7.960840E-09  7.969011E-09  7.956494E-09  7.974501E-09  7.979991E-09  7.984354E-09  7.985981E-09  7.988931E-09  7.939489E-09  7.946624E-09  7.954510E-09  7.944639E-09  7.961036E-09  7.965292E-09
Gas           Sam
0.000000E+00  -1.111723E-13 -1.111652E-13 -1.110185E-13 -1.108397E-13 -1.108290E-13 -1.107610E-13 -1.105929E-13 -1.107360E-13 -1.105286E-13 -1.105071E-13 -1.106001E-13 -1.102282E-13 -1.102890E-13 -1.102675E-13 -1.101853E-13 -1.099385E-13 -1.100744E-13 -1.101566E-13 -1.100637E-13 -1.101495E-13
0.000000E+00  -1.991989E-14 -1.989843E-14 -2.000215E-14 -2.003433E-14 -1.990559E-14 -2.010228E-14 -1.991274E-14 -1.986982E-14 -2.002003E-14 -2.003791E-14 -2.008083E-14 -2.002718E-14 -2.010228E-14 -2.006294E-14 -2.005937E-14 -1.986982E-14 -1.984479E-14 -1.996638E-14 -2.004149E-14 -1.997711E-14
0.000000E+00  3.442422E-13  3.430370E-13  3.425721E-13  3.433481E-13  3.429297E-13  3.433123E-13  3.441563E-13  3.443745E-13  3.445998E-13  3.447428E-13  3.435126E-13  3.435913E-13  3.437487E-13  3.437165E-13  3.441027E-13  3.444890E-13  3.447107E-13  3.438524E-13  3.434375E-13  3.442100E-13
0.000000E+00  3.414109E-11  3.394192E-11  3.397307E-11  3.403469E-11  3.397382E-11  3.403369E-11  3.407317E-11  3.406777E-11  3.408343E-11  3.401963E-11  3.390451E-11  3.399453E-11  3.389511E-11  3.394543E-11  3.401069E-11  3.402396E-11  3.401831E-11  3.386761E-11  3.390265E-11  3.398062E-11
0.000000E+00  9.680674E-11  9.623632E-11  9.631393E-11  9.650097E-11  9.631035E-11  9.648595E-11  9.659502E-11  9.658465E-11  9.663401E-11  9.647808E-11  9.612367E-11  9.638187E-11  9.609935E-11  9.624025E-11  9.641513E-11  9.645840E-11  9.645770E-11  9.601853E-11  9.612260E-11  9.633037E-11
0.000000E+00  8.087905E-09  8.039858E-09  8.045311E-09  8.061583E-09  8.045436E-09  8.060367E-09  8.070131E-09  8.068432E-09  8.072670E-09  8.060242E-09  8.029898E-09  8.051784E-09  8.028092E-09  8.039572E-09  8.054592E-09  8.058758E-09  8.058437E-09  8.021314E-09  8.029308E-09  8.047922E-09
Gas           Ref
0.000000E+00  -1.158179E-13 -1.157499E-13 -1.157249E-13 -1.158000E-13 -1.157893E-13 -1.157714E-13 -1.158215E-13 -1.160289E-13 -1.157178E-13 -1.156570E-13 -1.157535E-13 -1.157392E-13 -1.157035E-13 -1.158572E-13 -1.158751E-13 -1.159109E-13 -1.158537E-13 -1.159037E-13 -1.157356E-13 -1.157571E-13
0.000000E+00  -2.269151E-14 -2.259137E-14 -2.260210E-14 -2.268793E-14 -2.277734E-14 -2.286675E-14 -2.299549E-14 -2.284887E-14 -2.263787E-14 -2.267363E-14 -2.280953E-14 -2.273800E-14 -2.277019E-14 -2.264502E-14 -2.273443E-14 -2.293470E-14 -2.288463E-14 -2.282383E-14 -2.294543E-14 -2.278092E-14
0.000000E+00  3.198841E-13  3.201881E-13  3.204992E-13  3.208533E-13  3.207174E-13  3.194371E-13  3.195980E-13  3.201058E-13  3.199628E-13  3.202775E-13  3.200129E-13  3.203955E-13  3.202811E-13  3.204706E-13  3.197733E-13  3.184250E-13  3.190223E-13  3.185645E-13  3.189221E-13  3.194800E-13
0.000000E+00  3.285756E-11  3.292751E-11  3.297139E-11  3.297264E-11  3.289135E-11  3.282305E-11  3.294071E-11  3.288030E-11  3.291528E-11  3.292354E-11  3.292619E-11  3.294550E-11  3.293724E-11  3.295394E-11  3.281150E-11  3.276032E-11  3.282280E-11  3.275134E-11  3.281199E-11  3.285444E-11
0.000000E+00  9.390923E-11  9.411201E-11  9.422752E-11  9.424147E-11  9.403512E-11  9.382340E-11  9.416029E-11  9.400186E-11  9.408412E-11  9.411380E-11  9.411773E-11  9.416458E-11  9.413525E-11  9.418961E-11  9.381482E-11  9.364601E-11  9.381911E-11  9.360848E-11  9.378764E-11  9.390064E-11
0.000000E+00  7.861830E-09  7.878478E-09  7.888903E-09  7.889868E-09  7.872202E-09  7.854750E-09  7.882287E-09  7.868732E-09  7.876082E-09  7.878853E-09  7.879193E-09  7.883002E-09  7.881410E-09  7.885792E-09  7.853319E-09  7.839067E-09  7.854392E-09  7.836189E-09  7.851531E-09  7.861509E-09
Gas           Sam
0.000000E+00  -1.112581E-13 -1.113118E-13 -1.112295E-13 -1.110650E-13 -1.110150E-13 -1.109077E-13 -1.107360E-13 -1.107288E-13 -1.106859E-13 -1.106323E-13 -1.104821E-13 -1.104678E-13 -1.105357E-13 -1.104106E-13 -1.104606E-13 -1.102317E-13 -1.101960E-13 -1.103140E-13 -1.102103E-13 -1.102139E-13
0.000000E+00  -2.043130E-14 -2.052786E-14 -2.047064E-14 -2.042415E-14 -2.052428E-14 -2.040984E-14 -2.057793E-14 -2.060654E-14 -2.049210E-14 -2.052428E-14 -2.049567E-14 -2.066376E-14 -2.050640E-14 -2.034189E-14 -2.038838E-14 -2.050640E-14 -2.043130E-14 -2.021672E-14 -2.041342E-14 -2.025606E-14
0.000000E+00  3.382555E-13  3.377870E-13  3.389493E-13  3.395680E-13  3.398505E-13  3.401187E-13  3.403369E-13  3.403655E-13  3.401760E-13  3.390065E-13  3.396610E-13  3.394786E-13  3.394786E-13  3.399077E-13  3.401760E-13  3.402081E-13  3.392068E-13  3.394106E-13  3.394356E-13  3.390208E-13
0.000000E+00  3.367803E-11  3.362413E-11  3.368997E-11  3.371812E-11  3.372856E-11  3.374369E-11  3.374816E-11  3.374476E-11  3.362481E-11  3.354606E-11  3.362478E-11  3.352911E-11  3.358701E-11  3.365074E-11  3.365278E-11  3.360504E-11  3.351248E-11  3.360021E-11  3.351388E-11  3.358815E-11
0.000000E+00  9.548638E-11  9.532794E-11  9.551034E-11  9.559045E-11  9.562942E-11  9.568987E-11  9.569345E-11  9.568665E-11  9.535083E-11  9.511551E-11  9.534404E-11  9.507332E-11  9.521923E-11  9.540876E-11  9.540770E-11  9.529040E-11  9.500787E-11  9.526285E-11  9.503183E-11  9.522530E-11
0.000000E+00  7.977630E-09  7.963450E-09  7.978971E-09  7.985892E-09  7.988860E-09  7.994099E-09  7.994206E-09  7.994243E-09  7.965775E-09  7.945623E-09  7.964952E-09  7.941742E-09  7.954259E-09  7.970066E-09  7.970818E-09  7.961144E-09  7.937308E-09  7.957872E-09  7.938756E-09  7.955189E-09
Gas           Ref
0.000000E+00  -1.157893E-13 -1.158322E-13 -1.157643E-13 -1.158715E-13 -1.158250E-13 -1.159931E-13 -1.160074E-13 -1.159824E-13 -1.159717E-13 -1.158143E-13 -1.158036E-13 -1.158250E-13 -1.158286E-13 -1.156355E-13 -1.156176E-13 -1.158465E-13 -1.157464E-13 -1.157178E-13 -1.156641E-13 -1.156605E-13
0.000000E+00  -2.299907E-14 -2.315285E-14 -2.333882E-14 -2.311709E-14 -2.319577E-14 -2.314927E-14 -2.297046E-14 -2.306702E-14 -2.309563E-14 -2.305271E-14 -2.318861E-14 -2.342822E-14 -2.324583E-14 -2.336743E-14 -2.310278E-14 -2.309205E-14 -2.332451E-14 -2.343180E-14 -2.343538E-14 -2.310278E-14
0.000000E+00  3.167728E-13  3.150561E-13  3.146663E-13  3.147665E-13  3.144589E-13  3.148416E-13  3.152206E-13  3.156176E-13  3.157643E-13  3.156999E-13  3.142765E-13  3.143695E-13  3.138975E-13  3.140190E-13  3.143838E-13  3.154138E-13  3.148452E-13  3.140011E-13  3.148273E-13  3.144303E-13
0.000000E+00  3.256756E-11  3.240280E-11  3.249124E-11  3.239800E-11  3.244181E-11  3.250508E-11  3.252854E-11  3.254585E-11  3.254149E-11  3.245833E-11  3.235137E-11  3.242823E-11  3.234908E-11  3.240319E-11  3.245315E-11  3.249925E-11  3.231797E-11  3.235352E-11  3.247400E-11  3.239149E-11
0.000000E+00  9.310565E-11  9.261391E-11  9.286531E-11  9.261677E-11  9.273764E-11  9.291932E-11  9.297618E-11  9.303090E-11  9.302124E-11  9.278807E-11  9.247586E-11  9.269652E-11  9.245297E-11  9.262607E-11  9.277662E-11  9.289036E-11  9.238645E-11  9.246978E-11  9.283849E-11  9.258994E-11
0.000000E+00  7.795276E-09  7.753004E-09  7.774265E-09  7.753612E-09  7.763805E-09  7.778485E-09  7.783385E-09  7.788338E-09  7.787498E-09  7.768436E-09  7.741274E-09  7.760425E-09  7.739951E-09  7.753898E-09  7.766451E-09  7.776536E-09  7.734193E-09  7.741524E-09  7.772459E-09  7.751127E-09
Gas           Sam
0.000000E+00  -1.112939E-13 -1.112009E-13 -1.111795E-13 -1.112116E-13 -1.109291E-13 -1.107467E-13 -1.108683E-13 -1.107253E-13 -1.106502E-13 -1.107646E-13 -1.106895E-13 -1.105751E-13 -1.105858E-13 -1.106251E-13 -1.104928E-13 -1.102568E-13 -1.103176E-13 -1.102246E-13 -1.101781E-13 -1.101280E-13
0.000000E+00  -2.066018E-14 -2.079250E-14 -2.071383E-14 -2.090337E-14 -2.082112E-14 -2.090337E-14 -2.079250E-14 -2.074244E-14 -2.073528E-14 -2.081754E-14 -2.070667E-14 -2.098920E-14 -2.088549E-14 -2.092840E-14 -2.094986E-14 -2.096059E-14 -2.076032E-14 -2.081754E-14 -2.106430E-14 -2.083900E-14
0.000000E+00  3.350941E-13  3.351549E-13  3.355268E-13  3.349260E-13  3.342286E-13  3.347150E-13  3.344074E-13  3.348616E-13  3.354052E-13  3.359881E-13  3.354481E-13  3.346828E-13  3.352514E-13  3.350404E-13  3.353515E-13  3.360060E-13  3.361383E-13  3.366748E-13  3.349832E-13  3.346864E-13
0.000000E+00  3.340276E-11  3.340544E-11  3.340566E-11  3.320549E-11  3.324330E-11  3.326003E-11  3.322312E-11  3.331028E-11  3.333063E-11  3.336053E-11  3.323285E-11  3.318500E-11  3.328768E-11  3.316322E-11  3.322881E-11  3.328346E-11  3.329891E-11  3.328804E-11  3.313429E-11  3.321282E-11
0.000000E+00  9.470782E-11  9.471676E-11  9.470460E-11  9.416601E-11  9.425041E-11  9.431407E-11  9.419963E-11  9.444568E-11  9.450790E-11  9.458193E-11  9.423718E-11  9.409341E-11  9.438273E-11  9.402296E-11  9.421035E-11  9.436699E-11  9.441600E-11  9.439131E-11  9.394536E-11  9.415493E-11
0.000000E+00  7.912059E-09  7.913078E-09  7.911862E-09  7.866944E-09  7.872934E-09  7.878943E-09  7.868607E-09  7.889439E-09  7.895304E-09  7.901634E-09  7.872917E-09  7.860418E-09  7.885345E-09  7.854499E-09  7.870502E-09  7.884200E-09  7.888151E-09  7.885917E-09  7.848330E-09  7.865997E-09
Gas           Ref
0.000000E+00  -1.157535E-13 -1.158322E-13 -1.158680E-13 -1.158930E-13 -1.158751E-13 -1.158930E-13 -1.159180E-13 -1.159001E-13 -1.157929E-13 -1.158286E-13 -1.157821E-13 -1.157964E-13 -1.158465E-13 -1.159359E-13 -1.159860E-13 -1.158930E-13 -1.158286E-13 -1.156963E-13 -1.158215E-13 -1.157356E-13
0.000000E+00  -2.356054E-14 -2.348187E-14 -2.342822E-14 -2.358558E-14 -2.369287E-14 -2.366426E-14 -2.362850E-14 -2.369644E-14 -2.366068E-14 -2.375724E-14 -2.372863E-14 -2.363565E-14 -2.364995E-14 -2.377155E-14 -2.370002E-14 -2.354624E-14 -2.364280E-14 -2.378228E-14 -2.384665E-14 -2.377155E-14
0.000000E+00  3.107503E-13  3.101817E-13  3.104034E-13  3.110400E-13  3.112438E-13  3.111508E-13  3.109399E-13  3.107861E-13  3.090587E-13  3.093842E-13  3.093556E-13  3.095630E-13  3.099600E-13  3.105858E-13  3.097597E-13  3.088442E-13  3.093234E-13  3.094986E-13  3.086510E-13  3.085223E-13
0.000000E+00  3.200637E-11  3.202006E-11  3.209627E-11  3.211716E-11  3.212975E-11  3.213436E-11  3.212306E-11  3.203154E-11  3.195361E-11  3.201176E-11  3.195519E-11  3.203072E-11  3.205754E-11  3.208830E-11  3.190212E-11  3.192848E-11  3.202278E-11  3.195380E-11  3.190165E-11  3.197050E-11
0.000000E+00  9.149238E-11  9.152815E-11  9.174309E-11  9.181211E-11  9.184679E-11  9.185967E-11  9.181710E-11  9.159109E-11  9.132930E-11  9.150204E-11  9.134433E-11  9.155855E-11  9.163865E-11  9.172842E-11  9.121701E-11  9.126564E-11  9.154531E-11  9.134683E-11  9.118482E-11  9.138652E-11
0.000000E+00  7.659645E-09  7.662328E-09  7.679869E-09  7.685734E-09  7.688363E-09  7.690401E-09  7.686521E-09  7.667853E-09  7.645877E-09  7.660217E-09  7.646807E-09  7.665367E-09  7.671447E-09  7.678975E-09  7.636238E-09  7.640047E-09  7.663293E-09  7.647718E-09  7.633360E-09  7.650329E-09
 Gas          
0.000000E+00  0.000000E+00  0.000000E+00  0.000000E+00  0.000000E+00  0.000000E+00  0.000000E+00  0.000000E+00  0.000000E+00  0.000000E+00  0.000000E+00  0.000000E+00  0.000000E+00  0.000000E+00  0.000000E+00  0.000000E+00  0.000000E+00  0.000000E+00  0.000000E+00  0.000000E+00  0.000000E+00
0.000000E+00  0.000000E+00  0.000000E+00  0.000000E+00  0.000000E+00  0.000000E+00  0.000000E+00  0.000000E+00  0.000000E+00  0.000000E+00  0.000000E+00  0.000000E+00  0.000000E+00  0.000000E+00  0.000000E+00  0.000000E+00  0.000000E+00  0.000000E+00  0.000000E+00  0.000000E+00  0.000000E+00
0.000000E+00  0.000000E+00  0.000000E+00  0.000000E+00  0.000000E+00  0.000000E+00  0.000000E+00  0.000000E+00  0.000000E+00  0.000000E+00  0.000000E+00  0.000000E+00  0.000000E+00  0.000000E+00  0.000000E+00  0.000000E+00  0.000000E+00  0.000000E+00  0.000000E+00  0.000000E+00  0.000000E+00
0.000000E+00  0.000000E+00  0.000000E+00  0.000000E+00  0.000000E+00  0.000000E+00  0.000000E+00  0.000000E+00  0.000000E+00  0.000000E+00  0.000000E+00  0.000000E+00  0.000000E+00  0.000000E+00  0.000000E+00  0.000000E+00  0.000000E+00  0.000000E+00  0.000000E+00  0.000000E+00  0.000000E+00
0.000000E+00  0.000000E+00  0.000000E+00  0.000000E+00  0.000000E+00  0.000000E+00  0.000000E+00  0.000000E+00  0.000000E+00  0.000000E+00  0.000000E+00  0.000000E+00  0.000000E+00  0.000000E+00  0.000000E+00  0.000000E+00  0.000000E+00  0.000000E+00  0.000000E+00  0.000000E+00  0.000000E+00
0.000000E+00  0.000000E+00  0.000000E+00  0.000000E+00  0.000000E+00  0.000000E+00  0.000000E+00  0.000000E+00  0.000000E+00  0.000000E+00  0.000000E+00  0.000000E+00  0.000000E+00  0.000000E+00  0.000000E+00  0.000000E+00  0.000000E+00  0.000000E+00  0.000000E+00  0.000000E+00  0.000000E+00
End of Analysis
"H3 factor",13.13339
"Linearity factor (0)",52.88039
"Linearity factor (1)",18.00761
"Linearity factor (2)",-.1321419
"Linearity factor (3)",9.804096E-04
"Linearity factor (4)",-7.965973E-02
"Linearity factor (5)",0
"Collector Gains :",500,5000,5000,5000,500,500,50,500,1,5
"Number of deflectors available : ",33
"Source HT",8000
"Extraction V",780
"H Defl",310
"Trap",850
"Trap Voltage",24
"Repeller",4
"Filament V",-110
"Delta HP",19
"Z Lens",110
"Delta Z",130
"Max Current",3.5
"Heater Current",1
"Quad 1",120
"Cubic 1",50
"Lin 1",0
"Deflect 1 I",5
"Deflect 1 O",5
"Offset 1",0
"Offset 2",0
"Quad 2",-620
"Cubic 2",0
"Lin 2",0
"Q1 I Cor",0
"Q1 O Cor",0
"Suppressor",-100
"Mop Plate",-15
"ESA H1",790
"ESA H1 delta",0
"ESA H2",800
"ESA H2 delta",0
"ESA H3",820
"ESA H3 delta",0
"ESA HD",0
"ESA HD delta",0
"Batch Started: ","13:02:19 15:29:56"
"Data File: ","C:\Nu Stable\Results\2019\201902013 standard PD4 BSS WNI ZE NTA\Data_9283 PD4 126.1.txt"
"Sample Name: ","PD4 126.1"
"Sample Weight: ",89
"Sample Type: ","Sam"
"Vial Number: ",6
"Sam Beam First CO: ","8.312875e-09"
"Sam Beam Last CO: ","7.877277e-09"
"Ref Beam First CO: ","8.285554e-09"
"Ref Beam Second CO: ","8.180138e-09"
"Ref BeamLast CO: ","7.658943e-09"
"Sam Depletion: ","5 %"
"Ref Depletion: ","8 %"
"Observed CP Temperature: ",70.256
"Std Dev: ","0.000e00"
"Min: ","70.256"
"Max: ","70.256"
"Ave Started: ","13:02:19 18:03:56"
"Ave Stopped: ","13:02:19 18:07:18"
"Num: ",7
"Current Mass: ",46.03441
"Method File Name","C:\Nu Stable\Analyses\DI\040216 12-12-20 6 collectors.rdf"
"Version 6"
"Analysis Type","DI"
"Analysis Calculation Routine ","Clumped CO2 Iterative"
"Gas ID ","CO2"
"Ref Gas Identifier ","AirLiquide01"
"Centring collector ",8
"Num of Ref/Sam cycles ",6
"Cycles length(secs) ",20
"C/O valve stabilisation time ",12
"Offset for zero measurement(amu) ",0
"Zero measurement time ",20
"Spare",0
"Spare",0
0
-1
-1
-1
-1
0
-1
0
-1
0
"Num Clumped Blocks","1"
"Do zero at start of block",#FALSE#
"Balance beams",#FALSE#
"Mag Hysteresis Offset",.001
"Apply Hysteresis Offset",#FALSE#
"Target Beam (A) ",.00000005
"Use CF with Bellows ",#FALSE#
"DI Auto Gas balancing: ","True"
"Pirani pressure",3.398285E-02
"Cold finger status","CF"
"Inlet transducer pressure",1.861468
"Sample operations:  InitialisePrepSampleRun; CheckIfCFRequired; UseCF; SampleTrapped; BalanceRefToSamValue; DepletingBalance; SampleReady;"
"Number of sample chops",0
"Number of sample double chops",0
"Run from bellows",#FALSE#
"Max sample pump-over pressure (mBar)","0.000000e00"
"Max sample pump-over pressure (raw)",0
"Pre-balance Sam Beam","8.547852e-09"
"Min ref beam","3.009799e-09"
"Max ref beam","1.786562e-08"
"Ref bellows position",3588
"Sam bellows position",8450
"Balance %",.4708835
"Initial Sam Beam","8.901688e-09"
"Final Ref Beam","8.566913e-09"
"Final Sam Beam","8.607253e-09"
"Pre-depleted Ref Beam",8.604392E-09
"InletPiraniPressure",3.398285E-02
"Depletion Factor",.96
"Balance End","13/02/19 18:45:47"
"Water Trap Temperature Hot",-195.1766
"Water Trap Temperature Cold",-195.1766
"DP Version",25
"Num Gas Cycles ",1
"UseFrontHeightThreshold(1)",#TRUE#
"FrontHeightThreshold(1)",2
"UseBackHeightThreshold(1)",#TRUE#
"BackHeightThreshold(1)",2.7
"UsePeakWidthLimit(1)",#FALSE#
"PeakWidthLimit(1)",6
"RefGasFrontHeightThreshold(1)",40
"RefGasBackHeightThreshold(1)",10
"Measure_Elemental_Comp",#TRUE#
"Use_TCD_For_Elem_Calcs",#FALSE#
"Sample_Name","PD4 126.1"
"Sample_Type","Sam"
"Sample_Weight",89
"Sample_Vial",6
"Standard_Type",""
"NoAnalysisCycles",1
"Gas1","CO2"
"Ref Gas1","AirLiquide01"
"Analysis_Routine1","Clumped CO2 Iterative"
"ZeroWidth1",10
"NoZeros1",1
"ZeroTime1",10
"Delta wrt Std 1",#FALSE#
"AllowLinearityCorrection",#FALSE#
"Num Collectors",6
"LinearityFactor(Cent)",52880.39
"LinearityFactor(Low2)",18007.61
"LinearityFactor(Low4)",-132.1419
"LinearityFactor()",.9804096
"LinearityFactor()",-79.65973
"LinearityFactor()",0
"UseH3Factor",#FALSE#
"H3Factor",0
"Axial Mass",46
"Anal Start",0
"Anal End",0
"Calc Linearity Correction from Ref Peaks",#FALSE#
"Temperature",25
"Std Temperature",25
"A_Factor",1.01025
"K_Factor",.04
"TemperatureCorrectionEnabled",#FALSE#
"GC ZeroMethod","Lowest Peak Limit"
"GC AllowZeroToCutPoints",#FALSE#
"GC UseIsotopicShift",#TRUE#
"GC InterpolatePeakHeight",#TRUE#
"GC NumZeroPoints",10
"GC Min Peak Height",.0000000001
"GC No UserPeaks",0
"SmoothingInterval",10
"DropFactor",1
"GradientRejectfactor",10
"SectionSize",100
"BackgroundStartTime",1
"CutOffTime",1000
"UseNewBackgroundCalcn",#FALSE#
"GC Label File","None.lab"
"GC No User Defined Background Points",0
"GC No Auto-detected Peaks to be Removed",0
"GC No Auto-calculated Background Points to Remove",0
"GC Std Peak In Sample",#FALSE#
"GC Std Peak Time",0
"Max Gap For Grouping EA Ref Pulses",20
"Group EA Ref Peaks",#FALSE#
"Use Defined Peak Limits (1)",#FALSE#
"Peak Start (1)",0
"Peak End (1)",0
"DP Version",25
"Num Gas Cycles ",1
"UseFrontHeightThreshold(1)",#TRUE#
"FrontHeightThreshold(1)",2
"UseBackHeightThreshold(1)",#TRUE#
"BackHeightThreshold(1)",2.7
"UsePeakWidthLimit(1)",#FALSE#
"PeakWidthLimit(1)",6
"RefGasFrontHeightThreshold(1)",40
"RefGasBackHeightThreshold(1)",10
"Measure_Elemental_Comp",#TRUE#
"Use_TCD_For_Elem_Calcs",#FALSE#
"Sample_Name","PD4 126.1"
"Sample_Type","Sam"
"Sample_Weight",89
"Sample_Vial",6
"Standard_Type",""
"NoAnalysisCycles",1
"Gas1","CO2"
"Ref Gas1","AirLiquide01"
"Analysis_Routine1","Clumped CO2 Iterative"
"ZeroWidth1",10
"NoZeros1",1
"ZeroTime1",10
"Delta wrt Std 1",#FALSE#
"AllowLinearityCorrection",#FALSE#
"Num Collectors",6
"LinearityFactor(Cent)",52880.39
"LinearityFactor(Low2)",18007.61
"LinearityFactor(Low4)",-132.1419
"LinearityFactor()",.9804096
"LinearityFactor()",-79.65973
"LinearityFactor()",0
"UseH3Factor",#FALSE#
"H3Factor",0
"Axial Mass",46
"Anal Start",0
"Anal End",0
"Calc Linearity Correction from Ref Peaks",#FALSE#
"Temperature",25
"Std Temperature",25
"A_Factor",1.01025
"K_Factor",.04
"TemperatureCorrectionEnabled",#FALSE#
"GC ZeroMethod","Lowest Peak Limit"
"GC AllowZeroToCutPoints",#FALSE#
"GC UseIsotopicShift",#TRUE#
"GC InterpolatePeakHeight",#TRUE#
"GC NumZeroPoints",10
"GC Min Peak Height",.0000000001
"GC No UserPeaks",0
"SmoothingInterval",10
"DropFactor",1
"GradientRejectfactor",10
"SectionSize",100
"BackgroundStartTime",1
"CutOffTime",1000
"UseNewBackgroundCalcn",#FALSE#
"GC Label File","None.lab"
"GC No User Defined Background Points",0
"GC No Auto-detected Peaks to be Removed",0
"GC No Auto-calculated Background Points to Remove",0
"GC Std Peak In Sample",#FALSE#
"GC Std Peak Time",0
"Max Gap For Grouping EA Ref Pulses",20
"Group EA Ref Peaks",#FALSE#
"Use Defined Peak Limits (1)",#FALSE#
"Peak Start (1)",0
"Peak End (1)",0
"End of Data file"


