"Clumped CO2 Iterative Analysis,         Data File Version 10"
"Started analysis at 5:08:41 AM on the Thursday, February 14, 2019"
"UTC FileTimeLow",1117887104," UTC FileTimeHigh",30721101
"Time Zone ","Eastern Daylight Time"
"CO Disabled",#FALSE#
"Persective Instrument","PS019"
"User logged in",#FALSE#
"Software Version","Stable 1.69.5"
"Axial Mass is :",46
"No_C_O_Cycles",6
"Num Blocks",1
0
-1
-1
-1
-1
0
-1
0
-1
0
"Sample Name is ","WNI-2"
Zero Data
-1.113995766970E-13, -5.759673913210E-14, -6.104552627284E-14, -3.282490585225E-14, 1.107395757396E-13, 4.002753749115E-12, Measured at start of run
Individual Data
No_C_O_Cycles                6 
Cycle_Length   20 
Zero_Measurement_Length      20 
Axial_Mass     46 
 Gas          Bla
0.000000E+00  -1.114405E-13 -1.114870E-13 -1.114155E-13 -1.114870E-13 -1.114119E-13 -1.114727E-13 -1.113654E-13 -1.115228E-13 -1.114441E-13 -1.113046E-13 -1.114369E-13 -1.114012E-13 -1.114441E-13 -1.113690E-13 -1.113869E-13 -1.114691E-13 -1.113654E-13 -1.112331E-13 -1.112367E-13 -1.112975E-13
0.000000E+00  -5.768543E-14 -5.768901E-14 -5.756742E-14 -5.764609E-14 -5.769974E-14 -5.784279E-14 -5.762106E-14 -5.766398E-14 -5.758529E-14 -5.761033E-14 -5.767113E-14 -5.761749E-14 -5.752449E-14 -5.737429E-14 -5.746370E-14 -5.749947E-14 -5.760318E-14 -5.754595E-14 -5.745297E-14 -5.757099E-14
0.000000E+00  -6.102210E-14 -6.086475E-14 -6.103283E-14 -6.100064E-14 -6.100064E-14 -6.098992E-14 -6.101138E-14 -6.109005E-14 -6.096488E-14 -6.096130E-14 -6.097919E-14 -6.107574E-14 -6.103641E-14 -6.115800E-14 -6.112224E-14 -6.117946E-14 -6.111151E-14 -6.109363E-14 -6.113296E-14 -6.108290E-14
0.000000E+00  -3.240112E-14 -3.207925E-14 -3.236535E-14 -3.186467E-14 -3.232959E-14 -3.232959E-14 -3.250841E-14 -3.304485E-14 -3.257993E-14 -3.250841E-14 -3.240112E-14 -3.343824E-14 -3.290180E-14 -3.368858E-14 -3.268722E-14 -3.318790E-14 -3.318790E-14 -3.350977E-14 -3.350977E-14 -3.397468E-14
0.000000E+00  1.133681E-13  1.130105E-13  1.130105E-13  1.126529E-13  1.130105E-13  1.101495E-13  1.122953E-13  1.115800E-13  1.101495E-13  1.130105E-13  1.087190E-13  1.112224E-13  1.105071E-13  1.087190E-13  1.101495E-13  1.083614E-13  1.087190E-13  1.080037E-13  1.094342E-13  1.087190E-13
0.000000E+00  4.237894E-12  4.184250E-12  4.220013E-12  4.094843E-12  4.094843E-12  4.023317E-12  4.041199E-12  4.059080E-12  3.933910E-12  4.005436E-12  3.916029E-12  3.969673E-12  3.933910E-12  3.898147E-12  3.880266E-12  3.916029E-12  3.933910E-12  3.969673E-12  3.916029E-12  3.826622E-12
Gas           Ref
0.000000E+00  -1.110221E-13 -1.110972E-13 -1.112152E-13 -1.110471E-13 -1.109434E-13 -1.111008E-13 -1.109398E-13 -1.109255E-13 -1.109720E-13 -1.109828E-13 -1.110865E-13 -1.111759E-13 -1.110114E-13 -1.109577E-13 -1.109756E-13 -1.109470E-13 -1.110293E-13 -1.110221E-13 -1.111795E-13 -1.113547E-13
0.000000E+00  -3.427151E-14 -3.417495E-14 -3.416422E-14 -3.439668E-14 -3.425005E-14 -3.431085E-14 -3.437523E-14 -3.423575E-14 -3.427866E-14 -3.425720E-14 -3.417495E-14 -3.436807E-14 -3.440741E-14 -3.451470E-14 -3.455046E-14 -3.442529E-14 -3.422859E-14 -3.430012E-14 -3.427509E-14 -3.429297E-14
0.000000E+00  1.865711E-13  1.866175E-13  1.859774E-13  1.859309E-13  1.863386E-13  1.853015E-13  1.851584E-13  1.853980E-13  1.862993E-13  1.859917E-13  1.862957E-13  1.858487E-13  1.845970E-13  1.845683E-13  1.855339E-13  1.859953E-13  1.862134E-13  1.860310E-13  1.851692E-13  1.848330E-13
0.000000E+00  2.125066E-11  2.122795E-11  2.117509E-11  2.119072E-11  2.120671E-11  2.108808E-11  2.110765E-11  2.112406E-11  2.121154E-11  2.115961E-11  2.123085E-11  2.111115E-11  2.107861E-11  2.110997E-11  2.115210E-11  2.117492E-11  2.118804E-11  2.115914E-11  2.104238E-11  2.107049E-11
0.000000E+00  6.081754E-11  6.076532E-11  6.060153E-11  6.063872E-11  6.070095E-11  6.035155E-11  6.039589E-11  6.046206E-11  6.070524E-11  6.057185E-11  6.076532E-11  6.043380E-11  6.031400E-11  6.041807E-11  6.053144E-11  6.059295E-11  6.064409E-11  6.057400E-11  6.022387E-11  6.029791E-11
0.000000E+00  5.090283E-09  5.085652E-09  5.072080E-09  5.075102E-09  5.080484E-09  5.050622E-09  5.054878E-09  5.059974E-09  5.080877E-09  5.068844E-09  5.085473E-09  5.057990E-09  5.048101E-09  5.056130E-09  5.066447E-09  5.071633E-09  5.075513E-09  5.069630E-09  5.039733E-09  5.046080E-09
Gas           Sam
0.000000E+00  -1.083542E-13 -1.083864E-13 -1.083578E-13 -1.081790E-13 -1.080395E-13 -1.081110E-13 -1.081217E-13 -1.079036E-13 -1.078464E-13 -1.078678E-13 -1.079000E-13 -1.080216E-13 -1.079322E-13 -1.078785E-13 -1.076890E-13 -1.076747E-13 -1.078285E-13 -1.077820E-13 -1.076926E-13 -1.076425E-13
0.000000E+00  -3.363493E-14 -3.383521E-14 -3.385666E-14 -3.375295E-14 -3.378156E-14 -3.375295E-14 -3.374222E-14 -3.377441E-14 -3.386024E-14 -3.368858E-14 -3.366712E-14 -3.365639E-14 -3.368500E-14 -3.383878E-14 -3.369216E-14 -3.383163E-14 -3.376726E-14 -3.367785E-14 -3.374222E-14 -3.366712E-14
0.000000E+00  1.886811E-13  1.881625E-13  1.887669E-13  1.893105E-13  1.899220E-13  1.902117E-13  1.903297E-13  1.896181E-13  1.888456E-13  1.893069E-13  1.902081E-13  1.893284E-13  1.891782E-13  1.898004E-13  1.899614E-13  1.905228E-13  1.894893E-13  1.890208E-13  1.898934E-13  1.906874E-13
0.000000E+00  2.107485E-11  2.107324E-11  2.113554E-11  2.117974E-11  2.120024E-11  2.119766E-11  2.119791E-11  2.105482E-11  2.104821E-11  2.114223E-11  2.117535E-11  2.102099E-11  2.105093E-11  2.110389E-11  2.115432E-11  2.114337E-11  2.100694E-11  2.104234E-11  2.112789E-11  2.109710E-11
0.000000E+00  5.983013E-11  5.981618E-11  5.998819E-11  6.011265E-11  6.017810E-11  6.016809E-11  6.017238E-11  5.977970E-11  5.974751E-11  6.000071E-11  6.010335E-11  5.967921E-11  5.975645E-11  5.990916E-11  6.004756E-11  6.001788E-11  5.962521E-11  5.971676E-11  5.996245E-11  5.988270E-11
0.000000E+00  5.050712E-09  5.049192E-09  5.064141E-09  5.074655E-09  5.080699E-09  5.079679E-09  5.079662E-09  5.046492E-09  5.043434E-09  5.065517E-09  5.074422E-09  5.037426E-09  5.043577E-09  5.056917E-09  5.068879E-09  5.066841E-09  5.033206E-09  5.040859E-09  5.061923E-09  5.056130E-09
Gas           Ref
0.000000E+00  -1.109577E-13 -1.110722E-13 -1.111151E-13 -1.111151E-13 -1.108862E-13 -1.108826E-13 -1.110114E-13 -1.110650E-13 -1.110757E-13 -1.110364E-13 -1.109363E-13 -1.110686E-13 -1.110650E-13 -1.112331E-13 -1.111759E-13 -1.112009E-13 -1.109005E-13 -1.108683E-13 -1.108934E-13 -1.109899E-13
0.000000E+00  -3.467563E-14 -3.443602E-14 -3.438595E-14 -3.448251E-14 -3.457192E-14 -3.432873E-14 -3.440026E-14 -3.447178E-14 -3.446105E-14 -3.460053E-14 -3.453616E-14 -3.453973E-14 -3.461483E-14 -3.472212E-14 -3.479007E-14 -3.473643E-14 -3.447536E-14 -3.445748E-14 -3.470066E-14 -3.468636E-14
0.000000E+00  1.838102E-13  1.838674E-13  1.837422E-13  1.838781E-13  1.831879E-13  1.823904E-13  1.830234E-13  1.834740E-13  1.824726E-13  1.822402E-13  1.826371E-13  1.831843E-13  1.829018E-13  1.821007E-13  1.821579E-13  1.830592E-13  1.831414E-13  1.834454E-13  1.823868E-13  1.819219E-13
0.000000E+00  2.099117E-11  2.098781E-11  2.098519E-11  2.099045E-11  2.084618E-11  2.086246E-11  2.098641E-11  2.095219E-11  2.082884E-11  2.086868E-11  2.093069E-11  2.097518E-11  2.083717E-11  2.083531E-11  2.088949E-11  2.095265E-11  2.095780E-11  2.095122E-11  2.079376E-11  2.081554E-11
0.000000E+00  6.006724E-11  6.006437E-11  6.006080E-11  6.007868E-11  5.966204E-11  5.970353E-11  6.005865E-11  5.998033E-11  5.962413E-11  5.971103E-11  5.989450E-11  6.003505E-11  5.965418E-11  5.963164E-11  5.978721E-11  5.997675E-11  5.998212E-11  5.996782E-11  5.952865E-11  5.957442E-11
0.000000E+00  5.027716E-09  5.027341E-09  5.027037E-09  5.029057E-09  4.992847E-09  4.996513E-09  5.026697E-09  5.020528E-09  4.989522E-09  4.997425E-09  5.012785E-09  5.024748E-09  4.992275E-09  4.990290E-09  5.003254E-09  5.019884E-09  5.020313E-09  5.019437E-09  4.981904E-09  4.985730E-09
Gas           Sam
0.000000E+00  -1.083220E-13 -1.083256E-13 -1.082719E-13 -1.082648E-13 -1.081790E-13 -1.079966E-13 -1.079322E-13 -1.078714E-13 -1.078607E-13 -1.079322E-13 -1.079501E-13 -1.078714E-13 -1.079644E-13 -1.077963E-13 -1.077856E-13 -1.076532E-13 -1.076318E-13 -1.078285E-13 -1.078106E-13 -1.078142E-13
0.000000E+00  -3.395680E-14 -3.391746E-14 -3.397110E-14 -3.414992E-14 -3.398541E-14 -3.391388E-14 -3.388885E-14 -3.388170E-14 -3.386024E-14 -3.395322E-14 -3.401044E-14 -3.394607E-14 -3.399971E-14 -3.413919E-14 -3.401760E-14 -3.405336E-14 -3.394249E-14 -3.389958E-14 -3.391388E-14 -3.391388E-14
0.000000E+00  1.855125E-13  1.860310E-13  1.865389E-13  1.873829E-13  1.865138E-13  1.861133E-13  1.868000E-13  1.875760E-13  1.875510E-13  1.864316E-13  1.864959E-13  1.871862E-13  1.878085E-13  1.869072E-13  1.867034E-13  1.871325E-13  1.876046E-13  1.879408E-13  1.880838E-13  1.880874E-13
0.000000E+00  2.085452E-11  2.090798E-11  2.094335E-11  2.099041E-11  2.084304E-11  2.086199E-11  2.093455E-11  2.097826E-11  2.092436E-11  2.082187E-11  2.086875E-11  2.094303E-11  2.092876E-11  2.080828E-11  2.085337E-11  2.090001E-11  2.093133E-11  2.094546E-11  2.094510E-11  2.087801E-11
0.000000E+00  5.919033E-11  5.934554E-11  5.944353E-11  5.958193E-11  5.916565E-11  5.921036E-11  5.941635E-11  5.955905E-11  5.941313E-11  5.909877E-11  5.922359E-11  5.945820E-11  5.941850E-11  5.905729E-11  5.919426E-11  5.931371E-11  5.941028E-11  5.944854E-11  5.944496E-11  5.927473E-11
0.000000E+00  4.996746E-09  5.009584E-09  5.018132E-09  5.029916E-09  4.994600E-09  4.997425E-09  5.015646E-09  5.027984E-09  5.015950E-09  4.989146E-09  4.999732E-09  5.018990E-09  5.016326E-09  4.985087E-09  4.996835E-09  5.007403E-09  5.015217E-09  5.018704E-09  5.018650E-09  5.003898E-09
Gas           Ref
0.000000E+00  -1.110042E-13 -1.110614E-13 -1.111115E-13 -1.111544E-13 -1.111437E-13 -1.110829E-13 -1.108862E-13 -1.108218E-13 -1.110400E-13 -1.109792E-13 -1.109792E-13 -1.110400E-13 -1.110400E-13 -1.112259E-13 -1.111008E-13 -1.110293E-13 -1.110150E-13 -1.111795E-13 -1.111723E-13 -1.112295E-13
0.000000E+00  -3.481511E-14 -3.475431E-14 -3.495458E-14 -3.506902E-14 -3.501538E-14 -3.481153E-14 -3.480080E-14 -3.486160E-14 -3.482226E-14 -3.484372E-14 -3.487233E-14 -3.494743E-14 -3.474001E-14 -3.487233E-14 -3.479007E-14 -3.475073E-14 -3.470066E-14 -3.470782E-14 -3.481153E-14 -3.496531E-14
0.000000E+00  1.804520E-13  1.810707E-13  1.810028E-13  1.796724E-13  1.798691E-13  1.804985E-13  1.809491E-13  1.806487E-13  1.798226E-13  1.795794E-13  1.804449E-13  1.807381E-13  1.798012E-13  1.791932E-13  1.792719E-13  1.801767E-13  1.806201E-13  1.806380E-13  1.801552E-13  1.789429E-13
0.000000E+00  2.077584E-11  2.076937E-11  2.068479E-11  2.060947E-11  2.065657E-11  2.074648E-11  2.074587E-11  2.065818E-11  2.059745E-11  2.064516E-11  2.072566E-11  2.072223E-11  2.057592E-11  2.059484E-11  2.067009E-11  2.070792E-11  2.070496E-11  2.069941E-11  2.059702E-11  2.056030E-11
0.000000E+00  5.946034E-11  5.944496E-11  5.922359E-11  5.898791E-11  5.913061E-11  5.938488E-11  5.937165E-11  5.915778E-11  5.894642E-11  5.909055E-11  5.932516E-11  5.931586E-11  5.890029E-11  5.893248E-11  5.914241E-11  5.927473E-11  5.925542E-11  5.924755E-11  5.895215E-11  5.883842E-11
0.000000E+00  4.976575E-09  4.975413E-09  4.956816E-09  4.936735E-09  4.948716E-09  4.970120E-09  4.969619E-09  4.950754E-09  4.933124E-09  4.945104E-09  4.964970E-09  4.964595E-09  4.929672E-09  4.932444E-09  4.949932E-09  4.961072E-09  4.959409E-09  4.958944E-09  4.934107E-09  4.924058E-09
Gas           Sam
0.000000E+00  -1.084364E-13 -1.083756E-13 -1.082505E-13 -1.083470E-13 -1.083327E-13 -1.082362E-13 -1.081110E-13 -1.081861E-13 -1.078213E-13 -1.078178E-13 -1.079143E-13 -1.078678E-13 -1.079501E-13 -1.078750E-13 -1.079250E-13 -1.077105E-13 -1.077391E-13 -1.075817E-13 -1.078178E-13 -1.078070E-13
0.000000E+00  -3.408912E-14 -3.399971E-14 -3.406051E-14 -3.407839E-14 -3.414992E-14 -3.431800E-14 -3.419999E-14 -3.408912E-14 -3.422859E-14 -3.408197E-14 -3.408912E-14 -3.428939E-14 -3.446463E-14 -3.422859E-14 -3.422144E-14 -3.413204E-14 -3.412846E-14 -3.432516E-14 -3.412488E-14 -3.402833E-14
0.000000E+00  1.845755E-13  1.844468E-13  1.845683E-13  1.847579E-13  1.851334E-13  1.849975E-13  1.850154E-13  1.851549E-13  1.852979E-13  1.855053E-13  1.855411E-13  1.850511E-13  1.851549E-13  1.853694E-13  1.855912E-13  1.858773E-13  1.858236E-13  1.857306E-13  1.858129E-13  1.857485E-13
0.000000E+00  2.078177E-11  2.077280E-11  2.077888E-11  2.077351E-11  2.077512E-11  2.076486E-11  2.076525E-11  2.076114E-11  2.075703E-11  2.074394E-11  2.074977E-11  2.074025E-11  2.073983E-11  2.073468E-11  2.073357E-11  2.073257E-11  2.073307E-11  2.072484E-11  2.071465E-11  2.072098E-11
0.000000E+00  5.898076E-11  5.897361E-11  5.898791E-11  5.895572E-11  5.897433E-11  5.894393E-11  5.894035E-11  5.893033E-11  5.891710E-11  5.888706E-11  5.890423E-11  5.887740E-11  5.887633E-11  5.886668E-11  5.885309E-11  5.885058E-11  5.884272E-11  5.881518E-11  5.881232E-11  5.881053E-11
0.000000E+00  4.979383E-09  4.978667E-09  4.979740E-09  4.977470E-09  4.978506E-09  4.976325E-09  4.976271E-09  4.975127E-09  4.974215E-09  4.971533E-09  4.972731E-09  4.970907E-09  4.970317E-09  4.969369E-09  4.968403E-09  4.967957E-09  4.968117E-09  4.965846E-09  4.965042E-09  4.965095E-09
Gas           Ref
0.000000E+00  -1.110722E-13 -1.111830E-13 -1.111151E-13 -1.111044E-13 -1.111973E-13 -1.110185E-13 -1.109577E-13 -1.109828E-13 -1.110757E-13 -1.112152E-13 -1.112546E-13 -1.110078E-13 -1.110722E-13 -1.112903E-13 -1.112188E-13 -1.112081E-13 -1.111580E-13 -1.111115E-13 -1.109398E-13 -1.111079E-13
0.000000E+00  -3.489021E-14 -3.492597E-14 -3.504041E-14 -3.502253E-14 -3.519419E-14 -3.501180E-14 -3.497962E-14 -3.506187E-14 -3.517273E-14 -3.524426E-14 -3.518704E-14 -3.505114E-14 -3.503683E-14 -3.520850E-14 -3.511909E-14 -3.505829E-14 -3.530505E-14 -3.518704E-14 -3.526214E-14 -3.526572E-14
0.000000E+00  1.782884E-13  1.783313E-13  1.776769E-13  1.766934E-13  1.765253E-13  1.772227E-13  1.781096E-13  1.775445E-13  1.767899E-13  1.765861E-13  1.772227E-13  1.776482E-13  1.771976E-13  1.762106E-13  1.761855E-13  1.769258E-13  1.774873E-13  1.771261E-13  1.770009E-13  1.765646E-13
0.000000E+00  2.051448E-11  2.050422E-11  2.039479E-11  2.035058E-11  2.037834E-11  2.050747E-11  2.049464E-11  2.037193E-11  2.033907E-11  2.036417E-11  2.048122E-11  2.047039E-11  2.035970E-11  2.031775E-11  2.037955E-11  2.046166E-11  2.044793E-11  2.044875E-11  2.041953E-11  2.029032E-11
0.000000E+00  5.871396E-11  5.868715E-11  5.837852E-11  5.825049E-11  5.832201E-11  5.869037E-11  5.865675E-11  5.831915E-11  5.821472E-11  5.829090E-11  5.860597E-11  5.860275E-11  5.827766E-11  5.815750E-11  5.831414E-11  5.856770E-11  5.853838E-11  5.852371E-11  5.845898E-11  5.807381E-11
0.000000E+00  4.914116E-09  4.912596E-09  4.885934E-09  4.874598E-09  4.880534E-09  4.912024E-09  4.909824E-09  4.880141E-09  4.871772E-09  4.877727E-09  4.905622E-09  4.904424E-09  4.878192E-09  4.867213E-09  4.880516E-09  4.901634E-09  4.899328E-09  4.898380E-09  4.892926E-09  4.859935E-09
Gas           Sam
0.000000E+00  -1.085938E-13 -1.083578E-13 -1.084043E-13 -1.084508E-13 -1.083041E-13 -1.081468E-13 -1.081682E-13 -1.081647E-13 -1.080466E-13 -1.080288E-13 -1.079644E-13 -1.079072E-13 -1.079858E-13 -1.080288E-13 -1.078034E-13 -1.078356E-13 -1.078392E-13 -1.077963E-13 -1.076997E-13 -1.078213E-13
0.000000E+00  -3.455404E-14 -3.436807E-14 -3.428582E-14 -3.421072E-14 -3.422859E-14 -3.439668E-14 -3.436450E-14 -3.442887E-14 -3.467921E-14 -3.442171E-14 -3.443960E-14 -3.425005E-14 -3.448966E-14 -3.450039E-14 -3.449682E-14 -3.456477E-14 -3.450039E-14 -3.447178E-14 -3.430370E-14 -3.446105E-14
0.000000E+00  1.809170E-13  1.811137E-13  1.814355E-13  1.817502E-13  1.818933E-13  1.819290E-13  1.820399E-13  1.818683E-13  1.809205E-13  1.817180E-13  1.823761E-13  1.827194E-13  1.823010E-13  1.812281E-13  1.815035E-13  1.827373E-13  1.828911E-13  1.826908E-13  1.823546E-13  1.827337E-13
0.000000E+00  2.051062E-11  2.051738E-11  2.052242E-11  2.052611E-11  2.053022E-11  2.053129E-11  2.053358E-11  2.042307E-11  2.040340E-11  2.052839E-11  2.054442E-11  2.053859E-11  2.040788E-11  2.039189E-11  2.045705E-11  2.052729E-11  2.052664E-11  2.044400E-11  2.044013E-11  2.045497E-11
0.000000E+00  5.821937E-11  5.822938E-11  5.824727E-11  5.827122E-11  5.827015E-11  5.828231E-11  5.829090E-11  5.797511E-11  5.791538E-11  5.826622E-11  5.833274E-11  5.831271E-11  5.794471E-11  5.787819E-11  5.806416E-11  5.827587E-11  5.826193E-11  5.803412E-11  5.802517E-11  5.806738E-11
0.000000E+00  4.914652E-09  4.915993E-09  4.917406E-09  4.919122E-09  4.919891E-09  4.920285E-09  4.921179E-09  4.893981E-09  4.889332E-09  4.918550E-09  4.924201E-09  4.922681E-09  4.891889E-09  4.885809E-09  4.901205E-09  4.919873E-09  4.918926E-09  4.898916E-09  4.898362E-09  4.901902E-09
Gas           Ref
0.000000E+00  -1.110257E-13 -1.108934E-13 -1.109577E-13 -1.110006E-13 -1.108862E-13 -1.108075E-13 -1.110901E-13 -1.111830E-13 -1.111902E-13 -1.110364E-13 -1.109577E-13 -1.109613E-13 -1.109863E-13 -1.110829E-13 -1.109685E-13 -1.110078E-13 -1.111401E-13 -1.110114E-13 -1.110471E-13 -1.109112E-13
0.000000E+00  -3.536228E-14 -3.525141E-14 -3.535155E-14 -3.518704E-14 -3.538373E-14 -3.518704E-14 -3.545168E-14 -3.541235E-14 -3.535512E-14 -3.544453E-14 -3.515843E-14 -3.520492E-14 -3.539089E-14 -3.551248E-14 -3.547672E-14 -3.555182E-14 -3.544453E-14 -3.549102E-14 -3.540877E-14 -3.534440E-14
0.000000E+00  1.753308E-13  1.752664E-13  1.752807E-13  1.751806E-13  1.745011E-13  1.740362E-13  1.740112E-13  1.745798E-13  1.739396E-13  1.735856E-13  1.741006E-13  1.748230E-13  1.750161E-13  1.751127E-13  1.743151E-13  1.734676E-13  1.737501E-13  1.746084E-13  1.737894E-13  1.736929E-13
0.000000E+00  2.027183E-11  2.026622E-11  2.026368E-11  2.025749E-11  2.011019E-11  2.012109E-11  2.021980E-11  2.022595E-11  2.008969E-11  2.012546E-11  2.018911E-11  2.023171E-11  2.022759E-11  2.022162E-11  2.008862E-11  2.007803E-11  2.017949E-11  2.018801E-11  2.011938E-11  2.013121E-11
0.000000E+00  5.802089E-11  5.800694E-11  5.800551E-11  5.798584E-11  5.757421E-11  5.758494E-11  5.785995E-11  5.790322E-11  5.751019E-11  5.761319E-11  5.777949E-11  5.791753E-11  5.789464E-11  5.788392E-11  5.751699E-11  5.746406E-11  5.775302E-11  5.779415E-11  5.758422E-11  5.762106E-11
0.000000E+00  4.856090E-09  4.855250E-09  4.854749E-09  4.853265E-09  4.818361E-09  4.819433E-09  4.842447E-09  4.845969E-09  4.812871E-09  4.821186E-09  4.835294E-09  4.847168E-09  4.845719E-09  4.844879E-09  4.813890E-09  4.809098E-09  4.833488E-09  4.836993E-09  4.819433E-09  4.822509E-09
Gas           Sam
0.000000E+00  -1.087047E-13 -1.084186E-13 -1.082111E-13 -1.081647E-13 -1.082791E-13 -1.083005E-13 -1.081682E-13 -1.081253E-13 -1.081933E-13 -1.081968E-13 -1.082004E-13 -1.081217E-13 -1.079858E-13 -1.080216E-13 -1.078034E-13 -1.077677E-13 -1.077176E-13 -1.076461E-13 -1.076747E-13 -1.077605E-13
0.000000E+00  -3.465417E-14 -3.454689E-14 -3.461483E-14 -3.457907E-14 -3.434661E-14 -3.470782E-14 -3.490451E-14 -3.482583E-14 -3.477219E-14 -3.465417E-14 -3.482941E-14 -3.461483E-14 -3.452900E-14 -3.467563E-14 -3.466848E-14 -3.476146E-14 -3.484372E-14 -3.480438E-14 -3.465775E-14 -3.478292E-14
0.000000E+00  1.781489E-13  1.781668E-13  1.788248E-13  1.796509E-13  1.796366E-13  1.787676E-13  1.786818E-13  1.794900E-13  1.801338E-13  1.796831E-13  1.790573E-13  1.792647E-13  1.799192E-13  1.801016E-13  1.799156E-13  1.790072E-13  1.796653E-13  1.805415E-13  1.807095E-13  1.809563E-13
0.000000E+00  2.022853E-11  2.028127E-11  2.035144E-11  2.034654E-11  2.029994E-11  2.020042E-11  2.023850E-11  2.034672E-11  2.034118E-11  2.022706E-11  2.019487E-11  2.026014E-11  2.032820E-11  2.031850E-11  2.021411E-11  2.018017E-11  2.025249E-11  2.031639E-11  2.030638E-11  2.030280E-11
0.000000E+00  5.742865E-11  5.757743E-11  5.777162E-11  5.776089E-11  5.763465E-11  5.734211E-11  5.744582E-11  5.775767E-11  5.774265E-11  5.743938E-11  5.732887E-11  5.750340E-11  5.771154E-11  5.769258E-11  5.740541E-11  5.729204E-11  5.748444E-11  5.767112E-11  5.764895E-11  5.763322E-11
0.000000E+00  4.847328E-09  4.860060E-09  4.877208E-09  4.876457E-09  4.865657E-09  4.840247E-09  4.848974E-09  4.875492E-09  4.875009E-09  4.848759E-09  4.839157E-09  4.853891E-09  4.871701E-09  4.870020E-09  4.845290E-09  4.835849E-09  4.851763E-09  4.868643E-09  4.866748E-09  4.865657E-09
Gas           Ref
0.000000E+00  -1.111151E-13 -1.109792E-13 -1.109828E-13 -1.111437E-13 -1.111866E-13 -1.110757E-13 -1.110614E-13 -1.110686E-13 -1.110257E-13 -1.110078E-13 -1.109327E-13 -1.111151E-13 -1.108540E-13 -1.109935E-13 -1.109971E-13 -1.108969E-13 -1.109577E-13 -1.110829E-13 -1.108290E-13 -1.109470E-13
0.000000E+00  -3.552321E-14 -3.565196E-14 -3.569130E-14 -3.556970E-14 -3.548744E-14 -3.563407E-14 -3.570203E-14 -3.555182E-14 -3.544096E-14 -3.546599E-14 -3.541592E-14 -3.551248E-14 -3.563050E-14 -3.577355E-14 -3.579501E-14 -3.570203E-14 -3.565553E-14 -3.566626E-14 -3.574851E-14 -3.565553E-14
0.000000E+00  1.712288E-13  1.715256E-13  1.720943E-13  1.723875E-13  1.722016E-13  1.713361E-13  1.712896E-13  1.722159E-13  1.724447E-13  1.722051E-13  1.721372E-13  1.719763E-13  1.715757E-13  1.707246E-13  1.709928E-13  1.717653E-13  1.718261E-13  1.708962E-13  1.704885E-13  1.713647E-13
0.000000E+00  1.989110E-11  1.997751E-11  2.001709E-11  2.000519E-11  1.990308E-11  1.986710E-11  1.995759E-11  1.999864E-11  1.999446E-11  1.998613E-11  1.997972E-11  1.997965E-11  1.986088E-11  1.984100E-11  1.994392E-11  1.997200E-11  1.996309E-11  1.981364E-11  1.984136E-11  1.994181E-11
0.000000E+00  5.693584E-11  5.717831E-11  5.730599E-11  5.726164E-11  5.698483E-11  5.687218E-11  5.712216E-11  5.725198E-11  5.723482E-11  5.721408E-11  5.719691E-11  5.720048E-11  5.686968E-11  5.678993E-11  5.707639E-11  5.716759E-11  5.715042E-11  5.673843E-11  5.678778E-11  5.708247E-11
0.000000E+00  4.764806E-09  4.785512E-09  4.796098E-09  4.792933E-09  4.769437E-09  4.759406E-09  4.780309E-09  4.791503E-09  4.790573E-09  4.788374E-09  4.787569E-09  4.787104E-09  4.759281E-09  4.752486E-09  4.776768E-09  4.784672E-09  4.783098E-09  4.747890E-09  4.752754E-09  4.777394E-09
Gas           Sam
0.000000E+00  -1.082934E-13 -1.085545E-13 -1.085366E-13 -1.085080E-13 -1.084150E-13 -1.083506E-13 -1.083184E-13 -1.081003E-13 -1.080860E-13 -1.080788E-13 -1.080466E-13 -1.079894E-13 -1.079823E-13 -1.080359E-13 -1.080109E-13 -1.081360E-13 -1.080931E-13 -1.079823E-13 -1.080681E-13 -1.079501E-13
0.000000E+00  -3.496531E-14 -3.492955E-14 -3.481153E-14 -3.489021E-14 -3.464702E-14 -3.495816E-14 -3.491167E-14 -3.472928E-14 -3.486517E-14 -3.478292E-14 -3.490809E-14 -3.500108E-14 -3.500465E-14 -3.494385E-14 -3.482226E-14 -3.512624E-14 -3.509406E-14 -3.496888E-14 -3.504041E-14 -3.481153E-14
0.000000E+00  1.763107E-13  1.755561E-13  1.759459E-13  1.770188E-13  1.770868E-13  1.762392E-13  1.761677E-13  1.763679E-13  1.771547E-13  1.774480E-13  1.771011E-13  1.765110E-13  1.766004E-13  1.776196E-13  1.778986E-13  1.770331E-13  1.767542E-13  1.771225E-13  1.776518E-13  1.775875E-13
0.000000E+00  2.006802E-11  2.002385E-11  2.011469E-11  2.014269E-11  2.013858E-11  1.998981E-11  2.001152E-11  2.011079E-11  2.012703E-11  2.012202E-11  2.002529E-11  1.998033E-11  2.008022E-11  2.011394E-11  2.009348E-11  1.995809E-11  2.002911E-11  2.004460E-11  2.006845E-11  2.005450E-11
0.000000E+00  5.699020E-11  5.684250E-11  5.709070E-11  5.717975E-11  5.717545E-11  5.675989E-11  5.681246E-11  5.707818E-11  5.714577E-11  5.712395E-11  5.686396E-11  5.672413E-11  5.700451E-11  5.709678E-11  5.704635E-11  5.666798E-11  5.684679E-11  5.689936E-11  5.696838E-11  5.693119E-11
0.000000E+00  4.810904E-09  4.797976E-09  4.820042E-09  4.827462E-09  4.826461E-09  4.791288E-09  4.795490E-09  4.818325E-09  4.824315E-09  4.822474E-09  4.800211E-09  4.788177E-09  4.811458E-09  4.820328E-09  4.815839E-09  4.783546E-09  4.798691E-09  4.803412E-09  4.809062E-09  4.805683E-09
Gas           Ref
0.000000E+00  -1.109184E-13 -1.108647E-13 -1.109935E-13 -1.108862E-13 -1.110543E-13 -1.110507E-13 -1.111473E-13 -1.110078E-13 -1.110293E-13 -1.109470E-13 -1.109577E-13 -1.109899E-13 -1.110150E-13 -1.109935E-13 -1.109363E-13 -1.109148E-13 -1.109542E-13 -1.107896E-13 -1.108934E-13 -1.108576E-13
0.000000E+00  -3.593448E-14 -3.603820E-14 -3.598813E-14 -3.585938E-14 -3.595594E-14 -3.608111E-14 -3.595594E-14 -3.576640E-14 -3.573421E-14 -3.605607E-14 -3.591660E-14 -3.588084E-14 -3.612403E-14 -3.618125E-14 -3.594879E-14 -3.582004E-14 -3.590229E-14 -3.606681E-14 -3.598455E-14 -3.595952E-14
0.000000E+00  1.686503E-13  1.694013E-13  1.688256E-13  1.684000E-13  1.686646E-13  1.691045E-13  1.691617E-13  1.694550E-13  1.686682E-13  1.681353E-13  1.688112E-13  1.691725E-13  1.691009E-13  1.691903E-13  1.691152E-13  1.691367E-13  1.687290E-13  1.680853E-13  1.681031E-13  1.686610E-13
0.000000E+00  1.971508E-11  1.977920E-11  1.966140E-11  1.964380E-11  1.971708E-11  1.976904E-11  1.976078E-11  1.975570E-11  1.961237E-11  1.964441E-11  1.975467E-11  1.973993E-11  1.973911E-11  1.972649E-11  1.972913E-11  1.971833E-11  1.963000E-11  1.957936E-11  1.966569E-11  1.971136E-11
0.000000E+00  5.643981E-11  5.662220E-11  5.630820E-11  5.623632E-11  5.642193E-11  5.658823E-11  5.655890E-11  5.655568E-11  5.615657E-11  5.622845E-11  5.655568E-11  5.651742E-11  5.650776E-11  5.647700E-11  5.648130E-11  5.645805E-11  5.620878E-11  5.604392E-11  5.628746E-11  5.642694E-11
0.000000E+00  4.723142E-09  4.738967E-09  4.711627E-09  4.705940E-09  4.721908E-09  4.735856E-09  4.733585E-09  4.733156E-09  4.699432E-09  4.705278E-09  4.732995E-09  4.730152E-09  4.729365E-09  4.726271E-09  4.726629E-09  4.725127E-09  4.704206E-09  4.690008E-09  4.710482E-09  4.722427E-09
 Gas          
0.000000E+00  0.000000E+00  0.000000E+00  0.000000E+00  0.000000E+00  0.000000E+00  0.000000E+00  0.000000E+00  0.000000E+00  0.000000E+00  0.000000E+00  0.000000E+00  0.000000E+00  0.000000E+00  0.000000E+00  0.000000E+00  0.000000E+00  0.000000E+00  0.000000E+00  0.000000E+00  0.000000E+00
0.000000E+00  0.000000E+00  0.000000E+00  0.000000E+00  0.000000E+00  0.000000E+00  0.000000E+00  0.000000E+00  0.000000E+00  0.000000E+00  0.000000E+00  0.000000E+00  0.000000E+00  0.000000E+00  0.000000E+00  0.000000E+00  0.000000E+00  0.000000E+00  0.000000E+00  0.000000E+00  0.000000E+00
0.000000E+00  0.000000E+00  0.000000E+00  0.000000E+00  0.000000E+00  0.000000E+00  0.000000E+00  0.000000E+00  0.000000E+00  0.000000E+00  0.000000E+00  0.000000E+00  0.000000E+00  0.000000E+00  0.000000E+00  0.000000E+00  0.000000E+00  0.000000E+00  0.000000E+00  0.000000E+00  0.000000E+00
0.000000E+00  0.000000E+00  0.000000E+00  0.000000E+00  0.000000E+00  0.000000E+00  0.000000E+00  0.000000E+00  0.000000E+00  0.000000E+00  0.000000E+00  0.000000E+00  0.000000E+00  0.000000E+00  0.000000E+00  0.000000E+00  0.000000E+00  0.000000E+00  0.000000E+00  0.000000E+00  0.000000E+00
0.000000E+00  0.000000E+00  0.000000E+00  0.000000E+00  0.000000E+00  0.000000E+00  0.000000E+00  0.000000E+00  0.000000E+00  0.000000E+00  0.000000E+00  0.000000E+00  0.000000E+00  0.000000E+00  0.000000E+00  0.000000E+00  0.000000E+00  0.000000E+00  0.000000E+00  0.000000E+00  0.000000E+00
0.000000E+00  0.000000E+00  0.000000E+00  0.000000E+00  0.000000E+00  0.000000E+00  0.000000E+00  0.000000E+00  0.000000E+00  0.000000E+00  0.000000E+00  0.000000E+00  0.000000E+00  0.000000E+00  0.000000E+00  0.000000E+00  0.000000E+00  0.000000E+00  0.000000E+00  0.000000E+00  0.000000E+00
End of Analysis
"H3 factor",13.13339
"Linearity factor (0)",52.88039
"Linearity factor (1)",18.00761
"Linearity factor (2)",-.1321419
"Linearity factor (3)",9.804096E-04
"Linearity factor (4)",-7.965973E-02
"Linearity factor (5)",0
"Collector Gains :",500,5000,5000,5000,500,500,50,500,1,5
"Number of deflectors available : ",33
"Source HT",8000
"Extraction V",780
"H Defl",310
"Trap",850
"Trap Voltage",24
"Repeller",4
"Filament V",-110
"Delta HP",19
"Z Lens",110
"Delta Z",130
"Max Current",3.5
"Heater Current",1
"Quad 1",120
"Cubic 1",50
"Lin 1",0
"Deflect 1 I",5
"Deflect 1 O",5
"Offset 1",0
"Offset 2",0
"Quad 2",-620
"Cubic 2",0
"Lin 2",0
"Q1 I Cor",0
"Q1 O Cor",0
"Suppressor",-100
"Mop Plate",-15
"ESA H1",790
"ESA H1 delta",0
"ESA H2",800
"ESA H2 delta",0
"ESA H3",820
"ESA H3 delta",0
"ESA HD",0
"ESA HD delta",0
"Batch Started: ","13:02:19 15:29:56"
"Data File: ","C:\Nu Stable\Results\2019\201902013 standard PD4 BSS WNI ZE NTA\Data_9298 WNI-2.txt"
"Sample Name: ","WNI-2"
"Sample Weight: ",51
"Sample Type: ","Sam"
"Vial Number: ",21
"Sam Beam First CO: ","5.054715e-09"
"Sam Beam Last CO: ","4.804555e-09"
"Ref Beam First CO: ","5.062774e-09"
"Ref Beam Second CO: ","5.005262e-09"
"Ref BeamLast CO: ","4.716325e-09"
"Sam Depletion: ","5 %"
"Ref Depletion: ","7 %"
"Observed CP Temperature: ",70.254
"Std Dev: ","3.601e-07"
"Min: ","70.254"
"Max: ","70.254"
"Ave Started: ","14:02:19 04:25:53"
"Ave Stopped: ","14:02:19 04:29:06"
"Num: ",7
"Current Mass: ",46.03193
"Method File Name","C:\Nu Stable\Analyses\DI\040216 12-12-20 6 collectors.rdf"
"Version 6"
"Analysis Type","DI"
"Analysis Calculation Routine ","Clumped CO2 Iterative"
"Gas ID ","CO2"
"Ref Gas Identifier ","AirLiquide01"
"Centring collector ",8
"Num of Ref/Sam cycles ",6
"Cycles length(secs) ",20
"C/O valve stabilisation time ",12
"Offset for zero measurement(amu) ",0
"Zero measurement time ",20
"Spare",0
"Spare",0
0
-1
-1
-1
-1
0
-1
0
-1
0
"Num Clumped Blocks","1"
"Do zero at start of block",#FALSE#
"Balance beams",#FALSE#
"Mag Hysteresis Offset",.001
"Apply Hysteresis Offset",#FALSE#
"Target Beam (A) ",.00000005
"Use CF with Bellows ",#FALSE#
"DI Auto Gas balancing: ","True"
"Pirani pressure",3.322723E-02
"Cold finger status","CF"
"Inlet transducer pressure",.7323177
"Sample operations:  InitialisePrepSampleRun; CheckIfCFRequired; UseCF; SampleTrapped; BalanceRefToSamValue; DepletingBalance; SampleReady;"
"Number of sample chops",0
"Number of sample double chops",0
"Run from bellows",#FALSE#
"Max sample pump-over pressure (mBar)","0.000000e00"
"Max sample pump-over pressure (raw)",0
"Pre-balance Sam Beam","5.182324e-09"
"Min ref beam","3.654495e-09"
"Max ref beam","2.230067e-08"
"Ref bellows position",6256
"Sam bellows position",8450
"Balance %",-6.826872E-03
"Initial Sam Beam","5.394106e-09"
"Final Ref Beam","5.243044e-09"
"Final Sam Beam","5.242686e-09"
"Pre-depleted Ref Beam",5.246299E-09
"InletPiraniPressure",3.322723E-02
"Depletion Factor",.96
"Balance End","14/02/19 05:08:08"
"Water Trap Temperature Hot",-195.1766
"Water Trap Temperature Cold",-195.1766
"DP Version",25
"Num Gas Cycles ",1
"UseFrontHeightThreshold(1)",#TRUE#
"FrontHeightThreshold(1)",2
"UseBackHeightThreshold(1)",#TRUE#
"BackHeightThreshold(1)",2.7
"UsePeakWidthLimit(1)",#FALSE#
"PeakWidthLimit(1)",6
"RefGasFrontHeightThreshold(1)",40
"RefGasBackHeightThreshold(1)",10
"Measure_Elemental_Comp",#TRUE#
"Use_TCD_For_Elem_Calcs",#FALSE#
"Sample_Name","WNI-2"
"Sample_Type","Sam"
"Sample_Weight",51
"Sample_Vial",21
"Standard_Type",""
"NoAnalysisCycles",1
"Gas1","CO2"
"Ref Gas1","AirLiquide01"
"Analysis_Routine1","Clumped CO2 Iterative"
"ZeroWidth1",10
"NoZeros1",1
"ZeroTime1",10
"Delta wrt Std 1",#FALSE#
"AllowLinearityCorrection",#FALSE#
"Num Collectors",6
"LinearityFactor(Cent)",52880.39
"LinearityFactor(Low2)",18007.61
"LinearityFactor(Low4)",-132.1419
"LinearityFactor()",.9804096
"LinearityFactor()",-79.65973
"LinearityFactor()",0
"UseH3Factor",#FALSE#
"H3Factor",0
"Axial Mass",46
"Anal Start",0
"Anal End",0
"Calc Linearity Correction from Ref Peaks",#FALSE#
"Temperature",25
"Std Temperature",25
"A_Factor",1.01025
"K_Factor",.04
"TemperatureCorrectionEnabled",#FALSE#
"GC ZeroMethod","Lowest Peak Limit"
"GC AllowZeroToCutPoints",#FALSE#
"GC UseIsotopicShift",#TRUE#
"GC InterpolatePeakHeight",#TRUE#
"GC NumZeroPoints",10
"GC Min Peak Height",.0000000001
"GC No UserPeaks",0
"SmoothingInterval",10
"DropFactor",1
"GradientRejectfactor",10
"SectionSize",100
"BackgroundStartTime",1
"CutOffTime",1000
"UseNewBackgroundCalcn",#FALSE#
"GC Label File","None.lab"
"GC No User Defined Background Points",0
"GC No Auto-detected Peaks to be Removed",0
"GC No Auto-calculated Background Points to Remove",0
"GC Std Peak In Sample",#FALSE#
"GC Std Peak Time",0
"Max Gap For Grouping EA Ref Pulses",20
"Group EA Ref Peaks",#FALSE#
"Use Defined Peak Limits (1)",#FALSE#
"Peak Start (1)",0
"Peak End (1)",0
"DP Version",25
"Num Gas Cycles ",1
"UseFrontHeightThreshold(1)",#TRUE#
"FrontHeightThreshold(1)",2
"UseBackHeightThreshold(1)",#TRUE#
"BackHeightThreshold(1)",2.7
"UsePeakWidthLimit(1)",#FALSE#
"PeakWidthLimit(1)",6
"RefGasFrontHeightThreshold(1)",40
"RefGasBackHeightThreshold(1)",10
"Measure_Elemental_Comp",#TRUE#
"Use_TCD_For_Elem_Calcs",#FALSE#
"Sample_Name","WNI-2"
"Sample_Type","Sam"
"Sample_Weight",51
"Sample_Vial",21
"Standard_Type",""
"NoAnalysisCycles",1
"Gas1","CO2"
"Ref Gas1","AirLiquide01"
"Analysis_Routine1","Clumped CO2 Iterative"
"ZeroWidth1",10
"NoZeros1",1
"ZeroTime1",10
"Delta wrt Std 1",#FALSE#
"AllowLinearityCorrection",#FALSE#
"Num Collectors",6
"LinearityFactor(Cent)",52880.39
"LinearityFactor(Low2)",18007.61
"LinearityFactor(Low4)",-132.1419
"LinearityFactor()",.9804096
"LinearityFactor()",-79.65973
"LinearityFactor()",0
"UseH3Factor",#FALSE#
"H3Factor",0
"Axial Mass",46
"Anal Start",0
"Anal End",0
"Calc Linearity Correction from Ref Peaks",#FALSE#
"Temperature",25
"Std Temperature",25
"A_Factor",1.01025
"K_Factor",.04
"TemperatureCorrectionEnabled",#FALSE#
"GC ZeroMethod","Lowest Peak Limit"
"GC AllowZeroToCutPoints",#FALSE#
"GC UseIsotopicShift",#TRUE#
"GC InterpolatePeakHeight",#TRUE#
"GC NumZeroPoints",10
"GC Min Peak Height",.0000000001
"GC No UserPeaks",0
"SmoothingInterval",10
"DropFactor",1
"GradientRejectfactor",10
"SectionSize",100
"BackgroundStartTime",1
"CutOffTime",1000
"UseNewBackgroundCalcn",#FALSE#
"GC Label File","None.lab"
"GC No User Defined Background Points",0
"GC No Auto-detected Peaks to be Removed",0
"GC No Auto-calculated Background Points to Remove",0
"GC Std Peak In Sample",#FALSE#
"GC Std Peak Time",0
"Max Gap For Grouping EA Ref Pulses",20
"Group EA Ref Peaks",#FALSE#
"Use Defined Peak Limits (1)",#FALSE#
"Peak Start (1)",0
"Peak End (1)",0
"End of Data file"


