"Clumped CO2 Iterative Analysis,         Data File Version 10"
"Started analysis at 4:09:09 PM on the Wednesday, February 13, 2019"
"UTC FileTimeLow",1549322368," UTC FileTimeHigh",30720992
"Time Zone ","Eastern Daylight Time"
"CO Disabled",#FALSE#
"Persective Instrument","PS019"
"User logged in",#FALSE#
"Software Version","Stable 1.69.5"
"Axial Mass is :",46
"No_C_O_Cycles",6
"Num Blocks",1
0
-1
-1
-1
-1
0
-1
0
-1
0
"Sample Name is ","ETH-02"
Zero Data
-1.203844498859E-13, -6.004059046000E-14, -6.525945995888E-14, -3.956262062204E-14, 1.084507551580E-13, 4.338030195478E-12, Measured at start of run
Individual Data
No_C_O_Cycles                6 
Cycle_Length   20 
Zero_Measurement_Length      20 
Axial_Mass     46 
 Gas          Bla
0.000000E+00  -1.201988E-13 -1.201845E-13 -1.203133E-13 -1.203562E-13 -1.203705E-13 -1.203598E-13 -1.203741E-13 -1.204098E-13 -1.205493E-13 -1.204957E-13 -1.203777E-13 -1.203884E-13 -1.204706E-13 -1.204277E-13 -1.203920E-13 -1.203598E-13 -1.203741E-13 -1.203347E-13 -1.204134E-13 -1.205386E-13
0.000000E+00  -6.000287E-14 -5.994922E-14 -5.997067E-14 -6.001359E-14 -6.002790E-14 -6.001359E-14 -6.000644E-14 -5.988127E-14 -6.001001E-14 -6.022101E-14 -5.990987E-14 -5.991703E-14 -6.008512E-14 -6.018525E-14 -6.008154E-14 -5.995995E-14 -6.011730E-14 -6.015664E-14 -6.013876E-14 -6.016379E-14
0.000000E+00  -6.538159E-14 -6.539947E-14 -6.532080E-14 -6.512409E-14 -6.524211E-14 -6.531722E-14 -6.507403E-14 -6.525284E-14 -6.526715E-14 -6.531364E-14 -6.517059E-14 -6.528145E-14 -6.539947E-14 -6.533152E-14 -6.522423E-14 -6.527430E-14 -6.513483E-14 -6.531722E-14 -6.510264E-14 -6.526000E-14
0.000000E+00  -3.916029E-14 -3.908876E-14 -3.812317E-14 -3.933910E-14 -3.880266E-14 -3.926758E-14 -3.980402E-14 -3.969673E-14 -3.944639E-14 -3.951792E-14 -3.951792E-14 -4.001860E-14 -4.001860E-14 -3.994707E-14 -3.966097E-14 -3.998283E-14 -4.001860E-14 -3.983978E-14 -3.955368E-14 -4.044775E-14
0.000000E+00  1.101495E-13  1.105071E-13  1.108647E-13  1.105071E-13  1.119376E-13  1.083614E-13  1.076461E-13  1.083614E-13  1.094342E-13  1.076461E-13  1.072885E-13  1.069308E-13  1.083614E-13  1.083614E-13  1.069308E-13  1.065732E-13  1.065732E-13  1.069308E-13  1.080037E-13  1.076461E-13
0.000000E+00  4.506116E-12  4.488234E-12  4.488234E-12  4.416708E-12  4.380946E-12  4.380946E-12  4.434590E-12  4.327302E-12  4.345183E-12  4.452471E-12  4.309420E-12  4.327302E-12  4.363064E-12  4.291538E-12  4.237894E-12  4.220013E-12  4.202131E-12  4.202131E-12  4.166369E-12  4.220013E-12
Gas           Ref
0.000000E+00  -1.197160E-13 -1.195551E-13 -1.193548E-13 -1.195730E-13 -1.195980E-13 -1.195730E-13 -1.196517E-13 -1.197447E-13 -1.196302E-13 -1.196302E-13 -1.194764E-13 -1.196946E-13 -1.196231E-13 -1.196016E-13 -1.197697E-13 -1.196302E-13 -1.196338E-13 -1.195658E-13 -1.195193E-13 -1.195265E-13
0.000000E+00  -9.015807E-15 -8.862027E-15 -8.883485E-15 -8.983620E-15 -9.012231E-15 -8.915671E-15 -8.965740E-15 -8.876333E-15 -8.872756E-15 -8.904943E-15 -9.087333E-15 -9.047993E-15 -8.969316E-15 -8.819111E-15 -8.937128E-15 -8.912094E-15 -8.962163E-15 -9.205351E-15 -9.180316E-15 -9.055146E-15
0.000000E+00  4.739432E-13  4.746013E-13  4.738789E-13  4.733960E-13  4.741471E-13  4.746549E-13  4.745869E-13  4.746907E-13  4.740398E-13  4.730455E-13  4.730170E-13  4.727344E-13  4.730885E-13  4.735248E-13  4.737608E-13  4.738717E-13  4.742079E-13  4.728524E-13  4.717438E-13  4.721193E-13
0.000000E+00  4.627709E-11  4.631736E-11  4.623704E-11  4.626876E-11  4.631493E-11  4.635627E-11  4.636256E-11  4.635577E-11  4.618221E-11  4.618278E-11  4.621408E-11  4.617520E-11  4.622852E-11  4.625656E-11  4.629518E-11  4.628414E-11  4.627737E-11  4.610053E-11  4.609220E-11  4.615296E-11
0.000000E+00  1.321944E-10  1.323156E-10  1.320735E-10  1.321769E-10  1.323088E-10  1.324372E-10  1.324480E-10  1.324076E-10  1.319544E-10  1.319230E-10  1.320360E-10  1.319008E-10  1.320542E-10  1.321379E-10  1.322241E-10  1.322205E-10  1.321998E-10  1.317091E-10  1.316662E-10  1.318532E-10
0.000000E+00  1.106816E-08  1.107827E-08  1.105770E-08  1.106634E-08  1.107800E-08  1.108841E-08  1.108964E-08  1.108676E-08  1.104780E-08  1.104494E-08  1.105450E-08  1.104411E-08  1.105629E-08  1.106427E-08  1.107111E-08  1.107067E-08  1.106850E-08  1.102798E-08  1.102384E-08  1.103968E-08
Gas           Sam
0.000000E+00  -1.157929E-13 -1.159252E-13 -1.158465E-13 -1.157356E-13 -1.155354E-13 -1.155533E-13 -1.156641E-13 -1.154388E-13 -1.153351E-13 -1.152421E-13 -1.151527E-13 -1.151384E-13 -1.150526E-13 -1.150418E-13 -1.149953E-13 -1.149703E-13 -1.149310E-13 -1.149596E-13 -1.151599E-13 -1.150025E-13
0.000000E+00  -8.586653E-15 -8.436450E-15 -8.583077E-15 -8.593807E-15 -8.343466E-15 -8.350619E-15 -8.665332E-15 -8.540161E-15 -8.554467E-15 -8.479365E-15 -8.432873E-15 -8.336314E-15 -8.246907E-15 -8.475789E-15 -8.440026E-15 -8.625992E-15 -8.618840E-15 -8.364924E-15 -8.354195E-15 -8.600958E-15
0.000000E+00  4.778128E-13  4.780201E-13  4.768972E-13  4.777233E-13  4.786138E-13  4.792397E-13  4.786389E-13  4.781560E-13  4.774373E-13  4.780560E-13  4.796044E-13  4.794185E-13  4.783420E-13  4.777806E-13  4.785959E-13  4.784922E-13  4.784064E-13  4.791789E-13  4.785959E-13  4.776304E-13
0.000000E+00  4.634786E-11  4.627058E-11  4.622713E-11  4.630108E-11  4.634075E-11  4.630724E-11  4.628642E-11  4.615950E-11  4.618886E-11  4.626161E-11  4.631579E-11  4.631947E-11  4.609295E-11  4.619620E-11  4.611147E-11  4.613050E-11  4.620782E-11  4.623993E-11  4.605107E-11  4.609513E-11
0.000000E+00  1.320914E-10  1.318893E-10  1.317617E-10  1.319762E-10  1.320800E-10  1.320120E-10  1.319265E-10  1.315875E-10  1.316547E-10  1.318454E-10  1.319848E-10  1.320345E-10  1.313812E-10  1.316572E-10  1.314380E-10  1.314820E-10  1.317070E-10  1.317978E-10  1.312878E-10  1.313740E-10
0.000000E+00  1.113651E-08  1.111986E-08  1.110818E-08  1.112587E-08  1.113554E-08  1.112921E-08  1.112172E-08  1.109275E-08  1.109862E-08  1.111553E-08  1.112733E-08  1.113136E-08  1.107660E-08  1.109903E-08  1.108131E-08  1.108435E-08  1.110307E-08  1.111158E-08  1.106795E-08  1.107526E-08
Gas           Ref
0.000000E+00  -1.195229E-13 -1.193942E-13 -1.193906E-13 -1.195337E-13 -1.195229E-13 -1.196266E-13 -1.196338E-13 -1.194979E-13 -1.195623E-13 -1.194335E-13 -1.195193E-13 -1.193370E-13 -1.194550E-13 -1.195158E-13 -1.195945E-13 -1.194872E-13 -1.193548E-13 -1.193262E-13 -1.193048E-13 -1.195766E-13
0.000000E+00  -9.441384E-15 -9.598741E-15 -9.638080E-15 -9.584436E-15 -9.688149E-15 -9.577284E-15 -9.866962E-15 -9.748944E-15 -9.573707E-15 -9.745368E-15 -9.788284E-15 -9.698877E-15 -9.505758E-15 -9.369859E-15 -9.566554E-15 -9.495029E-15 -9.402045E-15 -9.648809E-15 -9.659537E-15 -9.813318E-15
0.000000E+00  4.681890E-13  4.663794E-13  4.671805E-13  4.667870E-13  4.670517E-13  4.672377E-13  4.661040E-13  4.662828E-13  4.671948E-13  4.664366E-13  4.663865E-13  4.665868E-13  4.659717E-13  4.660146E-13  4.655890E-13  4.647915E-13  4.652815E-13  4.654996E-13  4.641621E-13  4.649489E-13
0.000000E+00  4.574658E-11  4.560765E-11  4.569448E-11  4.562785E-11  4.568532E-11  4.564048E-11  4.558479E-11  4.566669E-11  4.571901E-11  4.553627E-11  4.567996E-11  4.555704E-11  4.558254E-11  4.569612E-11  4.549750E-11  4.552682E-11  4.565403E-11  4.551581E-11  4.547997E-11  4.555232E-11
0.000000E+00  1.306917E-10  1.302879E-10  1.305225E-10  1.303176E-10  1.304993E-10  1.303941E-10  1.302250E-10  1.304499E-10  1.306144E-10  1.300858E-10  1.304799E-10  1.301695E-10  1.302053E-10  1.305311E-10  1.299828E-10  1.300454E-10  1.304245E-10  1.300472E-10  1.299188E-10  1.301069E-10
0.000000E+00  1.094280E-08  1.090804E-08  1.092887E-08  1.091201E-08  1.092602E-08  1.091791E-08  1.090328E-08  1.092127E-08  1.093598E-08  1.089146E-08  1.092440E-08  1.089836E-08  1.090228E-08  1.092903E-08  1.088282E-08  1.088803E-08  1.092020E-08  1.088803E-08  1.087771E-08  1.089405E-08
Gas           Sam
0.000000E+00  -1.158894E-13 -1.157499E-13 -1.158572E-13 -1.155497E-13 -1.154567E-13 -1.155747E-13 -1.156248E-13 -1.155211E-13 -1.154460E-13 -1.152385E-13 -1.151813E-13 -1.152672E-13 -1.153530E-13 -1.154102E-13 -1.151956E-13 -1.149775E-13 -1.149810E-13 -1.150347E-13 -1.148916E-13 -1.149918E-13
0.000000E+00  -8.933552E-15 -8.894214E-15 -8.833417E-15 -8.858451E-15 -8.854875E-15 -8.858451E-15 -8.772620E-15 -9.015807E-15 -9.223231E-15 -9.112367E-15 -8.919248E-15 -8.876333E-15 -8.633145E-15 -8.926400E-15 -9.040841E-15 -9.030112E-15 -8.915671E-15 -9.008655E-15 -8.994350E-15 -9.005078E-15
0.000000E+00  4.714148E-13  4.724805E-13  4.727523E-13  4.723160E-13  4.722373E-13  4.727738E-13  4.737501E-13  4.723946E-13  4.721837E-13  4.726772E-13  4.733281E-13  4.734389E-13  4.732136E-13  4.730277E-13  4.722373E-13  4.723732E-13  4.735498E-13  4.727058E-13  4.723625E-13  4.728310E-13
0.000000E+00  4.578650E-11  4.584929E-11  4.583878E-11  4.579755E-11  4.578879E-11  4.583649E-11  4.585573E-11  4.566047E-11  4.571286E-11  4.578360E-11  4.580198E-11  4.575270E-11  4.578789E-11  4.566394E-11  4.562310E-11  4.567405E-11  4.581976E-11  4.558815E-11  4.566047E-11  4.572338E-11
0.000000E+00  1.304932E-10  1.306773E-10  1.306577E-10  1.305515E-10  1.305164E-10  1.306387E-10  1.307231E-10  1.301484E-10  1.302793E-10  1.304910E-10  1.305379E-10  1.304234E-10  1.305035E-10  1.301781E-10  1.300383E-10  1.301831E-10  1.305997E-10  1.299607E-10  1.301241E-10  1.303176E-10
0.000000E+00  1.100107E-08  1.101747E-08  1.101531E-08  1.100635E-08  1.100324E-08  1.101359E-08  1.102087E-08  1.097216E-08  1.098357E-08  1.100102E-08  1.100513E-08  1.099560E-08  1.100250E-08  1.097450E-08  1.096265E-08  1.097441E-08  1.100994E-08  1.095624E-08  1.097035E-08  1.098675E-08
Gas           Ref
0.000000E+00  -1.194621E-13 -1.195444E-13 -1.194729E-13 -1.195158E-13 -1.195122E-13 -1.193084E-13 -1.193227E-13 -1.192869E-13 -1.193870E-13 -1.195980E-13 -1.195694E-13 -1.194836E-13 -1.195873E-13 -1.195050E-13 -1.194979E-13 -1.193763E-13 -1.193620E-13 -1.193691E-13 -1.193727E-13 -1.193870E-13
0.000000E+00  -1.022817E-14 -1.017810E-14 -1.023890E-14 -1.029612E-14 -1.019240E-14 -1.015307E-14 -1.023174E-14 -1.043917E-14 -1.005293E-14 -1.012803E-14 -1.017095E-14 -1.009227E-14 -1.021744E-14 -1.028181E-14 -1.035691E-14 -1.033546E-14 -1.031042E-14 -1.024962E-14 -1.043201E-14 -1.041413E-14
0.000000E+00  4.595701E-13  4.600422E-13  4.595236E-13  4.595022E-13  4.597990E-13  4.593913E-13  4.599027E-13  4.589550E-13  4.591017E-13  4.588191E-13  4.585795E-13  4.589264E-13  4.589407E-13  4.581933E-13  4.587762E-13  4.589621E-13  4.586010E-13  4.578714E-13  4.581790E-13  4.580395E-13
0.000000E+00  4.504127E-11  4.511362E-11  4.498960E-11  4.509041E-11  4.501895E-11  4.504181E-11  4.504059E-11  4.499446E-11  4.509012E-11  4.491599E-11  4.495379E-11  4.507961E-11  4.491499E-11  4.491388E-11  4.499152E-11  4.501627E-11  4.494757E-11  4.484000E-11  4.494439E-11  4.483635E-11
0.000000E+00  1.286664E-10  1.288928E-10  1.285244E-10  1.287994E-10  1.286256E-10  1.286685E-10  1.286789E-10  1.285191E-10  1.288077E-10  1.283288E-10  1.284039E-10  1.287690E-10  1.283370E-10  1.283063E-10  1.285219E-10  1.285960E-10  1.284089E-10  1.281232E-10  1.284010E-10  1.280706E-10
0.000000E+00  1.077246E-08  1.079195E-08  1.076084E-08  1.078333E-08  1.076922E-08  1.077308E-08  1.077443E-08  1.076089E-08  1.078501E-08  1.074471E-08  1.075032E-08  1.078204E-08  1.074480E-08  1.074172E-08  1.076028E-08  1.076727E-08  1.075125E-08  1.072659E-08  1.075131E-08  1.072280E-08
Gas           Sam
0.000000E+00  -1.159466E-13 -1.156713E-13 -1.154889E-13 -1.154960E-13 -1.157321E-13 -1.156748E-13 -1.155032E-13 -1.153387E-13 -1.153780E-13 -1.153136E-13 -1.152278E-13 -1.151313E-13 -1.151241E-13 -1.149846E-13 -1.150347E-13 -1.150633E-13 -1.150168E-13 -1.149203E-13 -1.149953E-13 -1.149560E-13
0.000000E+00  -9.355553E-15 -9.459266E-15 -9.466419E-15 -9.620199E-15 -9.706029E-15 -9.620199E-15 -9.602318E-15 -9.505758E-15 -9.452114E-15 -9.377011E-15 -9.480724E-15 -9.298334E-15 -9.462842E-15 -9.580860E-15 -9.487876E-15 -9.434232E-15 -9.394893E-15 -9.480724E-15 -9.680995E-15 -9.788284E-15
0.000000E+00  4.665153E-13  4.671018E-13  4.673772E-13  4.663293E-13  4.663186E-13  4.668121E-13  4.669766E-13  4.669981E-13  4.672913E-13  4.669730E-13  4.668908E-13  4.672270E-13  4.675917E-13  4.662363E-13  4.663400E-13  4.673235E-13  4.676526E-13  4.677276E-13  4.672699E-13  4.666261E-13
0.000000E+00  4.537644E-11  4.537941E-11  4.538012E-11  4.518235E-11  4.525281E-11  4.530123E-11  4.529211E-11  4.524497E-11  4.525956E-11  4.521293E-11  4.526636E-11  4.530184E-11  4.526926E-11  4.511459E-11  4.516769E-11  4.523328E-11  4.523561E-11  4.521172E-11  4.520703E-11  4.506015E-11
0.000000E+00  1.293334E-10  1.293566E-10  1.293509E-10  1.288094E-10  1.289793E-10  1.291299E-10  1.290966E-10  1.289643E-10  1.290172E-10  1.288613E-10  1.290133E-10  1.291267E-10  1.290437E-10  1.285952E-10  1.287254E-10  1.289100E-10  1.289310E-10  1.288660E-10  1.288384E-10  1.284515E-10
0.000000E+00  1.090421E-08  1.090609E-08  1.090637E-08  1.085883E-08  1.087331E-08  1.088604E-08  1.088327E-08  1.087208E-08  1.087712E-08  1.086344E-08  1.087665E-08  1.088649E-08  1.087991E-08  1.084069E-08  1.085198E-08  1.086778E-08  1.087029E-08  1.086389E-08  1.086169E-08  1.082911E-08
Gas           Ref
0.000000E+00  -1.194514E-13 -1.192154E-13 -1.192905E-13 -1.192690E-13 -1.194764E-13 -1.195193E-13 -1.194371E-13 -1.194693E-13 -1.195229E-13 -1.195587E-13 -1.195873E-13 -1.194228E-13 -1.194514E-13 -1.194442E-13 -1.195587E-13 -1.193799E-13 -1.194228E-13 -1.194907E-13 -1.194264E-13 -1.193155E-13
0.000000E+00  -1.076461E-14 -1.110793E-14 -1.087905E-14 -1.086832E-14 -1.067878E-14 -1.091839E-14 -1.092554E-14 -1.097561E-14 -1.106144E-14 -1.101137E-14 -1.101137E-14 -1.098992E-14 -1.096131E-14 -1.114370E-14 -1.112224E-14 -1.088263E-14 -1.100780E-14 -1.106144E-14 -1.095415E-14 -1.105786E-14
0.000000E+00  4.538839E-13  4.524927E-13  4.517738E-13  4.524819E-13  4.517273E-13  4.521243E-13  4.527215E-13  4.528932E-13  4.519491E-13  4.517166E-13  4.510479E-13  4.509048E-13  4.514985E-13  4.504471E-13  4.506509E-13  4.515342E-13  4.520349E-13  4.511587E-13  4.508297E-13  4.503934E-13
0.000000E+00  4.451938E-11  4.434876E-11  4.443595E-11  4.442400E-11  4.437022E-11  4.441993E-11  4.446645E-11  4.448405E-11  4.427251E-11  4.437429E-11  4.427995E-11  4.432387E-11  4.435301E-11  4.427044E-11  4.436646E-11  4.439003E-11  4.436356E-11  4.424197E-11  4.431110E-11  4.418410E-11
0.000000E+00  1.272069E-10  1.267041E-10  1.269441E-10  1.269348E-10  1.267520E-10  1.268972E-10  1.270496E-10  1.270807E-10  1.264888E-10  1.267767E-10  1.265035E-10  1.266276E-10  1.267098E-10  1.264709E-10  1.267467E-10  1.268207E-10  1.267488E-10  1.263897E-10  1.265789E-10  1.262313E-10
0.000000E+00  1.065101E-08  1.060841E-08  1.062866E-08  1.062794E-08  1.061280E-08  1.062490E-08  1.063720E-08  1.064042E-08  1.059068E-08  1.061446E-08  1.059075E-08  1.060183E-08  1.061001E-08  1.058914E-08  1.061165E-08  1.061816E-08  1.061256E-08  1.058174E-08  1.059860E-08  1.056872E-08
Gas           Sam
0.000000E+00  -1.158537E-13 -1.156462E-13 -1.156856E-13 -1.155246E-13 -1.154817E-13 -1.156319E-13 -1.155175E-13 -1.153995E-13 -1.154317E-13 -1.153780E-13 -1.153065E-13 -1.152278E-13 -1.152421E-13 -1.153351E-13 -1.152064E-13 -1.152099E-13 -1.152743E-13 -1.150740E-13 -1.149524E-13 -1.149775E-13
0.000000E+00  -1.011015E-14 -1.014591E-14 -1.018167E-14 -1.002790E-14 -9.924183E-15 -1.012088E-14 -1.014949E-14 -1.019598E-14 -1.007796E-14 -1.006366E-14 -9.974251E-15 -9.970675E-15 -9.806166E-15 -1.001359E-14 -1.009584E-14 -1.009942E-14 -1.014591E-14 -1.019956E-14 -1.023174E-14 -1.001359E-14
0.000000E+00  4.607181E-13  4.602890E-13  4.603247E-13  4.605679E-13  4.611187E-13  4.601817E-13  4.600243E-13  4.604463E-13  4.610507E-13  4.614870E-13  4.619698E-13  4.621272E-13  4.614691E-13  4.598992E-13  4.602853E-13  4.601066E-13  4.600207E-13  4.606251E-13  4.611079E-13  4.612081E-13
0.000000E+00  4.485563E-11  4.477985E-11  4.477766E-11  4.480903E-11  4.485538E-11  4.464627E-11  4.468347E-11  4.472709E-11  4.479905E-11  4.481364E-11  4.481983E-11  4.482812E-11  4.465815E-11  4.458476E-11  4.465918E-11  4.457671E-11  4.463021E-11  4.469791E-11  4.469573E-11  4.463150E-11
0.000000E+00  1.278607E-10  1.276447E-10  1.276396E-10  1.277280E-10  1.278474E-10  1.272724E-10  1.273600E-10  1.274902E-10  1.276840E-10  1.277337E-10  1.277713E-10  1.277713E-10  1.273203E-10  1.270839E-10  1.272892E-10  1.270564E-10  1.272277E-10  1.274000E-10  1.273950E-10  1.272320E-10
0.000000E+00  1.077866E-08  1.076132E-08  1.076044E-08  1.076781E-08  1.077915E-08  1.072931E-08  1.073671E-08  1.074801E-08  1.076504E-08  1.076851E-08  1.077121E-08  1.077239E-08  1.073387E-08  1.071375E-08  1.073096E-08  1.071150E-08  1.072545E-08  1.074047E-08  1.074011E-08  1.072658E-08
Gas           Ref
0.000000E+00  -1.191331E-13 -1.192297E-13 -1.193262E-13 -1.194013E-13 -1.195050E-13 -1.195122E-13 -1.195623E-13 -1.195837E-13 -1.195515E-13 -1.194979E-13 -1.194442E-13 -1.193835E-13 -1.194693E-13 -1.195122E-13 -1.194407E-13 -1.195444E-13 -1.194764E-13 -1.194335E-13 -1.192583E-13 -1.193620E-13
0.000000E+00  -1.139403E-14 -1.148344E-14 -1.153709E-14 -1.164795E-14 -1.184107E-14 -1.177670E-14 -1.159431E-14 -1.154066E-14 -1.151563E-14 -1.137615E-14 -1.146914E-14 -1.166226E-14 -1.150490E-14 -1.160504E-14 -1.170875E-14 -1.154066E-14 -1.174451E-14 -1.161576E-14 -1.162649E-14 -1.178742E-14
0.000000E+00  4.463379E-13  4.463057E-13  4.464487E-13  4.465060E-13  4.446248E-13  4.445354E-13  4.444675E-13  4.443459E-13  4.449395E-13  4.456798E-13  4.451899E-13  4.436128E-13  4.440813E-13  4.441421E-13  4.448216E-13  4.446857E-13  4.448180E-13  4.445533E-13  4.434947E-13  4.431621E-13
0.000000E+00  4.391571E-11  4.391049E-11  4.392236E-11  4.383356E-11  4.369344E-11  4.380638E-11  4.368901E-11  4.373464E-11  4.380402E-11  4.382612E-11  4.375166E-11  4.364816E-11  4.376829E-11  4.373804E-11  4.376668E-11  4.378392E-11  4.380198E-11  4.371286E-11  4.358561E-11  4.359305E-11
0.000000E+00  1.254560E-10  1.254556E-10  1.254821E-10  1.252478E-10  1.248287E-10  1.251352E-10  1.248233E-10  1.249399E-10  1.251391E-10  1.252089E-10  1.250000E-10  1.246813E-10  1.250433E-10  1.249514E-10  1.250333E-10  1.250755E-10  1.251348E-10  1.248859E-10  1.245290E-10  1.245451E-10
0.000000E+00  1.050477E-08  1.050361E-08  1.050581E-08  1.048668E-08  1.045108E-08  1.047643E-08  1.045152E-08  1.046057E-08  1.047731E-08  1.048366E-08  1.046624E-08  1.043920E-08  1.046937E-08  1.046096E-08  1.046903E-08  1.047232E-08  1.047697E-08  1.045644E-08  1.042556E-08  1.042749E-08
Gas           Sam
0.000000E+00  -1.159288E-13 -1.160325E-13 -1.158000E-13 -1.156963E-13 -1.154460E-13 -1.154102E-13 -1.154996E-13 -1.156355E-13 -1.154317E-13 -1.152922E-13 -1.152528E-13 -1.152207E-13 -1.153852E-13 -1.151670E-13 -1.150705E-13 -1.153101E-13 -1.151205E-13 -1.150669E-13 -1.150740E-13 -1.151670E-13
0.000000E+00  -1.056791E-14 -1.088263E-14 -1.078249E-14 -1.064659E-14 -1.078249E-14 -1.080395E-14 -1.056076E-14 -1.052857E-14 -1.072885E-14 -1.060010E-14 -1.085402E-14 -1.077534E-14 -1.073242E-14 -1.061083E-14 -1.051069E-14 -1.069666E-14 -1.080395E-14 -1.049281E-14 -1.067878E-14 -1.048924E-14
0.000000E+00  4.540841E-13  4.537909E-13  4.543416E-13  4.547350E-13  4.535834E-13  4.542164E-13  4.551498E-13  4.554646E-13  4.541342E-13  4.542415E-13  4.543273E-13  4.547993E-13  4.544847E-13  4.549639E-13  4.549961E-13  4.544739E-13  4.548673E-13  4.548209E-13  4.539125E-13  4.542808E-13
0.000000E+00  4.420750E-11  4.422137E-11  4.432015E-11  4.421422E-11  4.418833E-11  4.425302E-11  4.431528E-11  4.424258E-11  4.417227E-11  4.416297E-11  4.415124E-11  4.427544E-11  4.410092E-11  4.424201E-11  4.412707E-11  4.411519E-11  4.421644E-11  4.413615E-11  4.407807E-11  4.414638E-11
0.000000E+00  1.260310E-10  1.260496E-10  1.263239E-10  1.260353E-10  1.259466E-10  1.261247E-10  1.263061E-10  1.261140E-10  1.258944E-10  1.258959E-10  1.258454E-10  1.261916E-10  1.257106E-10  1.261165E-10  1.258057E-10  1.257446E-10  1.260235E-10  1.258233E-10  1.256459E-10  1.258379E-10
0.000000E+00  1.062547E-08  1.062606E-08  1.065011E-08  1.062547E-08  1.061759E-08  1.063273E-08  1.064847E-08  1.063300E-08  1.061281E-08  1.061442E-08  1.060933E-08  1.063890E-08  1.059804E-08  1.063173E-08  1.060629E-08  1.060058E-08  1.062422E-08  1.060797E-08  1.059221E-08  1.060840E-08
Gas           Ref
0.000000E+00  -1.194943E-13 -1.195623E-13 -1.196338E-13 -1.195229E-13 -1.193656E-13 -1.193799E-13 -1.194979E-13 -1.194478E-13 -1.195158E-13 -1.193155E-13 -1.191939E-13 -1.191081E-13 -1.191474E-13 -1.193405E-13 -1.194907E-13 -1.194407E-13 -1.194228E-13 -1.193477E-13 -1.193191E-13 -1.193835E-13
0.000000E+00  -1.222731E-14 -1.220585E-14 -1.218797E-14 -1.222016E-14 -1.222373E-14 -1.218082E-14 -1.237036E-14 -1.224877E-14 -1.224877E-14 -1.207710E-14 -1.220943E-14 -1.229883E-14 -1.230599E-14 -1.210214E-14 -1.218797E-14 -1.229883E-14 -1.227022E-14 -1.232744E-14 -1.243116E-14 -1.248480E-14
0.000000E+00  4.385559E-13  4.380230E-13  4.387490E-13  4.391996E-13  4.387311E-13  4.378871E-13  4.376296E-13  4.375653E-13  4.375510E-13  4.383127E-13  4.385559E-13  4.384701E-13  4.383485E-13  4.384987E-13  4.381410E-13  4.378693E-13  4.376153E-13  4.364423E-13  4.363279E-13  4.366497E-13
0.000000E+00  4.314176E-11  4.318125E-11  4.325316E-11  4.326397E-11  4.321444E-11  4.313876E-11  4.322466E-11  4.307596E-11  4.314856E-11  4.321529E-11  4.322602E-11  4.320878E-11  4.322552E-11  4.320224E-11  4.320563E-11  4.318872E-11  4.316186E-11  4.298991E-11  4.306276E-11  4.311372E-11
0.000000E+00  1.232694E-10  1.233603E-10  1.235824E-10  1.236167E-10  1.234740E-10  1.232634E-10  1.234812E-10  1.230745E-10  1.232541E-10  1.234507E-10  1.235033E-10  1.234375E-10  1.234851E-10  1.234221E-10  1.234404E-10  1.234057E-10  1.233256E-10  1.228274E-10  1.230305E-10  1.231818E-10
0.000000E+00  1.032035E-08  1.032825E-08  1.034685E-08  1.035062E-08  1.033848E-08  1.031945E-08  1.033848E-08  1.030443E-08  1.031974E-08  1.033581E-08  1.034050E-08  1.033580E-08  1.034030E-08  1.033435E-08  1.033588E-08  1.033220E-08  1.032591E-08  1.028365E-08  1.029991E-08  1.031330E-08
Gas           Sam
0.000000E+00  -1.159073E-13 -1.158930E-13 -1.157750E-13 -1.155425E-13 -1.154853E-13 -1.155068E-13 -1.156319E-13 -1.156033E-13 -1.154209E-13 -1.152242E-13 -1.152242E-13 -1.151992E-13 -1.153208E-13 -1.153280E-13 -1.152385E-13 -1.151026E-13 -1.152528E-13 -1.152278E-13 -1.150025E-13 -1.149417E-13
0.000000E+00  -1.114727E-14 -1.114370E-14 -1.119734E-14 -1.109720E-14 -1.102568E-14 -1.129390E-14 -1.127244E-14 -1.113654E-14 -1.119019E-14 -1.123310E-14 -1.110793E-14 -1.112581E-14 -1.105786E-14 -1.117588E-14 -1.119734E-14 -1.130463E-14 -1.134397E-14 -1.128317E-14 -1.130105E-14 -1.097919E-14
0.000000E+00  4.486732E-13  4.492454E-13  4.495565E-13  4.496603E-13  4.496030E-13  4.479401E-13  4.476969E-13  4.482584E-13  4.477076E-13  4.484228E-13  4.495637E-13  4.496674E-13  4.500000E-13  4.499249E-13  4.495279E-13  4.484872E-13  4.479758E-13  4.488127E-13  4.495387E-13  4.498569E-13
0.000000E+00  4.386775E-11  4.387186E-11  4.388806E-11  4.387583E-11  4.379293E-11  4.363300E-11  4.367689E-11  4.368128E-11  4.366569E-11  4.373042E-11  4.377419E-11  4.376368E-11  4.378507E-11  4.371182E-11  4.369401E-11  4.359356E-11  4.360664E-11  4.366580E-11  4.372112E-11  4.370227E-11
0.000000E+00  1.250297E-10  1.250433E-10  1.250901E-10  1.250619E-10  1.248605E-10  1.243659E-10  1.244900E-10  1.245233E-10  1.244700E-10  1.246517E-10  1.247722E-10  1.247550E-10  1.248054E-10  1.245998E-10  1.245565E-10  1.242862E-10  1.242955E-10  1.244779E-10  1.246163E-10  1.245791E-10
0.000000E+00  1.054016E-08  1.054188E-08  1.054637E-08  1.054372E-08  1.052621E-08  1.048512E-08  1.049451E-08  1.049764E-08  1.049308E-08  1.050790E-08  1.051903E-08  1.051776E-08  1.052192E-08  1.050494E-08  1.050102E-08  1.047781E-08  1.047842E-08  1.049333E-08  1.050604E-08  1.050245E-08
Gas           Ref
0.000000E+00  -1.194371E-13 -1.194371E-13 -1.194192E-13 -1.194013E-13 -1.194371E-13 -1.192690E-13 -1.193405E-13 -1.194586E-13 -1.193298E-13 -1.193048E-13 -1.193298E-13 -1.192333E-13 -1.192940E-13 -1.193656E-13 -1.193513E-13 -1.192225E-13 -1.192297E-13 -1.193477E-13 -1.193513E-13 -1.193441E-13
0.000000E+00  -1.274945E-14 -1.292826E-14 -1.288534E-14 -1.283528E-14 -1.284958E-14 -1.274945E-14 -1.288534E-14 -1.287104E-14 -1.299263E-14 -1.305701E-14 -1.298548E-14 -1.298548E-14 -1.301767E-14 -1.309634E-14 -1.300694E-14 -1.302482E-14 -1.308204E-14 -1.305343E-14 -1.301052E-14 -1.309992E-14
0.000000E+00  4.308812E-13  4.307345E-13  4.316572E-13  4.322259E-13  4.320685E-13  4.323689E-13  4.305164E-13  4.302625E-13  4.299049E-13  4.298477E-13  4.307560E-13  4.312281E-13  4.298190E-13  4.293470E-13  4.297904E-13  4.302232E-13  4.307631E-13  4.309384E-13  4.292254E-13  4.292039E-13
0.000000E+00  4.255257E-11  4.260897E-11  4.267277E-11  4.267649E-11  4.266976E-11  4.265821E-11  4.247472E-11  4.258497E-11  4.246341E-11  4.252793E-11  4.259899E-11  4.259653E-11  4.242243E-11  4.246013E-11  4.253866E-11  4.257027E-11  4.255955E-11  4.254467E-11  4.237290E-11  4.246360E-11
0.000000E+00  1.215743E-10  1.217456E-10  1.219180E-10  1.219348E-10  1.218987E-10  1.218800E-10  1.213450E-10  1.216622E-10  1.213289E-10  1.214892E-10  1.217023E-10  1.217141E-10  1.211952E-10  1.213025E-10  1.215296E-10  1.216208E-10  1.215882E-10  1.215589E-10  1.210722E-10  1.213275E-10
0.000000E+00  1.017853E-08  1.019271E-08  1.020725E-08  1.020916E-08  1.020646E-08  1.020542E-08  1.015898E-08  1.018606E-08  1.015696E-08  1.017084E-08  1.018933E-08  1.019079E-08  1.014725E-08  1.015655E-08  1.017452E-08  1.018341E-08  1.018039E-08  1.017810E-08  1.013488E-08  1.015802E-08
 Gas          
0.000000E+00  0.000000E+00  0.000000E+00  0.000000E+00  0.000000E+00  0.000000E+00  0.000000E+00  0.000000E+00  0.000000E+00  0.000000E+00  0.000000E+00  0.000000E+00  0.000000E+00  0.000000E+00  0.000000E+00  0.000000E+00  0.000000E+00  0.000000E+00  0.000000E+00  0.000000E+00  0.000000E+00
0.000000E+00  0.000000E+00  0.000000E+00  0.000000E+00  0.000000E+00  0.000000E+00  0.000000E+00  0.000000E+00  0.000000E+00  0.000000E+00  0.000000E+00  0.000000E+00  0.000000E+00  0.000000E+00  0.000000E+00  0.000000E+00  0.000000E+00  0.000000E+00  0.000000E+00  0.000000E+00  0.000000E+00
0.000000E+00  0.000000E+00  0.000000E+00  0.000000E+00  0.000000E+00  0.000000E+00  0.000000E+00  0.000000E+00  0.000000E+00  0.000000E+00  0.000000E+00  0.000000E+00  0.000000E+00  0.000000E+00  0.000000E+00  0.000000E+00  0.000000E+00  0.000000E+00  0.000000E+00  0.000000E+00  0.000000E+00
0.000000E+00  0.000000E+00  0.000000E+00  0.000000E+00  0.000000E+00  0.000000E+00  0.000000E+00  0.000000E+00  0.000000E+00  0.000000E+00  0.000000E+00  0.000000E+00  0.000000E+00  0.000000E+00  0.000000E+00  0.000000E+00  0.000000E+00  0.000000E+00  0.000000E+00  0.000000E+00  0.000000E+00
0.000000E+00  0.000000E+00  0.000000E+00  0.000000E+00  0.000000E+00  0.000000E+00  0.000000E+00  0.000000E+00  0.000000E+00  0.000000E+00  0.000000E+00  0.000000E+00  0.000000E+00  0.000000E+00  0.000000E+00  0.000000E+00  0.000000E+00  0.000000E+00  0.000000E+00  0.000000E+00  0.000000E+00
0.000000E+00  0.000000E+00  0.000000E+00  0.000000E+00  0.000000E+00  0.000000E+00  0.000000E+00  0.000000E+00  0.000000E+00  0.000000E+00  0.000000E+00  0.000000E+00  0.000000E+00  0.000000E+00  0.000000E+00  0.000000E+00  0.000000E+00  0.000000E+00  0.000000E+00  0.000000E+00  0.000000E+00
End of Analysis
"H3 factor",13.13339
"Linearity factor (0)",52.88039
"Linearity factor (1)",18.00761
"Linearity factor (2)",-.1321419
"Linearity factor (3)",9.804096E-04
"Linearity factor (4)",-7.965973E-02
"Linearity factor (5)",0
"Collector Gains :",500,5000,5000,5000,500,500,50,500,1,5
"Number of deflectors available : ",33
"Source HT",8000
"Extraction V",780
"H Defl",310
"Trap",850
"Trap Voltage",24
"Repeller",4
"Filament V",-110
"Delta HP",19
"Z Lens",110
"Delta Z",130
"Max Current",3.5
"Heater Current",1
"Quad 1",120
"Cubic 1",50
"Lin 1",0
"Deflect 1 I",5
"Deflect 1 O",5
"Offset 1",0
"Offset 2",0
"Quad 2",-620
"Cubic 2",0
"Lin 2",0
"Q1 I Cor",0
"Q1 O Cor",0
"Suppressor",-100
"Mop Plate",-15
"ESA H1",790
"ESA H1 delta",0
"ESA H2",800
"ESA H2 delta",0
"ESA H3",820
"ESA H3 delta",0
"ESA HD",0
"ESA HD delta",0
"Batch Started: ","13:02:19 15:29:56"
"Data File: ","C:\Nu Stable\Results\2019\201902013 standard PD4 BSS WNI ZE NTA\Data_9279 ETH-02.txt"
"Sample Name: ","ETH-02"
"Sample Weight: ",94
"Sample Type: ","Sam"
"Vial Number: ",2
"Sam Beam First CO: ","1.110274e-08"
"Sam Beam Last CO: ","1.050563e-08"
"Ref Beam First CO: ","1.105701e-08"
"Ref Beam Second CO: ","1.090529e-08"
"Ref BeamLast CO: ","1.017394e-08"
"Sam Depletion: ","5 %"
"Ref Depletion: ","8 %"
"Observed CP Temperature: ",70.256
"Std Dev: ","0.000e00"
"Min: ","70.256"
"Max: ","70.256"
"Ave Started: ","13:02:19 15:25:47"
"Ave Stopped: ","13:02:19 15:29:47"
"Num: ",8
"Current Mass: ",46.03441
"Method File Name","C:\Nu Stable\Analyses\DI\040216 12-12-20 6 collectors.rdf"
"Version 6"
"Analysis Type","DI"
"Analysis Calculation Routine ","Clumped CO2 Iterative"
"Gas ID ","CO2"
"Ref Gas Identifier ","AirLiquide01"
"Centring collector ",8
"Num of Ref/Sam cycles ",6
"Cycles length(secs) ",20
"C/O valve stabilisation time ",12
"Offset for zero measurement(amu) ",0
"Zero measurement time ",20
"Spare",0
"Spare",0
0
-1
-1
-1
-1
0
-1
0
-1
0
"Num Clumped Blocks","1"
"Do zero at start of block",#FALSE#
"Balance beams",#FALSE#
"Mag Hysteresis Offset",.001
"Apply Hysteresis Offset",#FALSE#
"Target Beam (A) ",.00000005
"Use CF with Bellows ",#FALSE#
"DI Auto Gas balancing: ","True"
"Pirani pressure",3.398285E-02
"Cold finger status","CF"
"Inlet transducer pressure",3.539935
"Sample operations:  InitialisePrepSampleRun; CheckIfCFRequired; UseCF; SampleTrapped; BalanceRefToSamValue; DepletingBalance; SampleReady;"
"Number of sample chops",0
"Number of sample double chops",0
"Run from bellows",#FALSE#
"Max sample pump-over pressure (mBar)","0.000000e00"
"Max sample pump-over pressure (raw)",0
"Pre-balance Sam Beam","1.147266e-08"
"Min ref beam","3.109649e-09"
"Max ref beam","1.875233e-08"
"Ref bellows position",2903
"Sam bellows position",8446
"Balance %",.6225703
"Initial Sam Beam","1.191946e-08"
"Final Ref Beam","1.148881e-08"
"Final Sam Beam","1.156033e-08"
"Pre-depleted Ref Beam",1.152464E-08
"InletPiraniPressure",3.398285E-02
"Depletion Factor",.96
"Balance End","13/02/19 16:08:36"
"Water Trap Temperature Hot",-195.1766
"Water Trap Temperature Cold",-195.1766
"DP Version",25
"Num Gas Cycles ",1
"UseFrontHeightThreshold(1)",#TRUE#
"FrontHeightThreshold(1)",2
"UseBackHeightThreshold(1)",#TRUE#
"BackHeightThreshold(1)",2.7
"UsePeakWidthLimit(1)",#FALSE#
"PeakWidthLimit(1)",6
"RefGasFrontHeightThreshold(1)",40
"RefGasBackHeightThreshold(1)",10
"Measure_Elemental_Comp",#TRUE#
"Use_TCD_For_Elem_Calcs",#FALSE#
"Sample_Name","ETH-02"
"Sample_Type","Sam"
"Sample_Weight",94
"Sample_Vial",2
"Standard_Type",""
"NoAnalysisCycles",1
"Gas1","CO2"
"Ref Gas1","AirLiquide01"
"Analysis_Routine1","Clumped CO2 Iterative"
"ZeroWidth1",10
"NoZeros1",1
"ZeroTime1",10
"Delta wrt Std 1",#FALSE#
"AllowLinearityCorrection",#FALSE#
"Num Collectors",6
"LinearityFactor(Cent)",52880.39
"LinearityFactor(Low2)",18007.61
"LinearityFactor(Low4)",-132.1419
"LinearityFactor()",.9804096
"LinearityFactor()",-79.65973
"LinearityFactor()",0
"UseH3Factor",#FALSE#
"H3Factor",0
"Axial Mass",46
"Anal Start",0
"Anal End",0
"Calc Linearity Correction from Ref Peaks",#FALSE#
"Temperature",25
"Std Temperature",25
"A_Factor",1.01025
"K_Factor",.04
"TemperatureCorrectionEnabled",#FALSE#
"GC ZeroMethod","Lowest Peak Limit"
"GC AllowZeroToCutPoints",#FALSE#
"GC UseIsotopicShift",#TRUE#
"GC InterpolatePeakHeight",#TRUE#
"GC NumZeroPoints",10
"GC Min Peak Height",.0000000001
"GC No UserPeaks",0
"SmoothingInterval",10
"DropFactor",1
"GradientRejectfactor",10
"SectionSize",100
"BackgroundStartTime",1
"CutOffTime",1000
"UseNewBackgroundCalcn",#FALSE#
"GC Label File","None.lab"
"GC No User Defined Background Points",0
"GC No Auto-detected Peaks to be Removed",0
"GC No Auto-calculated Background Points to Remove",0
"GC Std Peak In Sample",#FALSE#
"GC Std Peak Time",0
"Max Gap For Grouping EA Ref Pulses",20
"Group EA Ref Peaks",#FALSE#
"Use Defined Peak Limits (1)",#FALSE#
"Peak Start (1)",0
"Peak End (1)",0
"DP Version",25
"Num Gas Cycles ",1
"UseFrontHeightThreshold(1)",#TRUE#
"FrontHeightThreshold(1)",2
"UseBackHeightThreshold(1)",#TRUE#
"BackHeightThreshold(1)",2.7
"UsePeakWidthLimit(1)",#FALSE#
"PeakWidthLimit(1)",6
"RefGasFrontHeightThreshold(1)",40
"RefGasBackHeightThreshold(1)",10
"Measure_Elemental_Comp",#TRUE#
"Use_TCD_For_Elem_Calcs",#FALSE#
"Sample_Name","ETH-02"
"Sample_Type","Sam"
"Sample_Weight",94
"Sample_Vial",2
"Standard_Type",""
"NoAnalysisCycles",1
"Gas1","CO2"
"Ref Gas1","AirLiquide01"
"Analysis_Routine1","Clumped CO2 Iterative"
"ZeroWidth1",10
"NoZeros1",1
"ZeroTime1",10
"Delta wrt Std 1",#FALSE#
"AllowLinearityCorrection",#FALSE#
"Num Collectors",6
"LinearityFactor(Cent)",52880.39
"LinearityFactor(Low2)",18007.61
"LinearityFactor(Low4)",-132.1419
"LinearityFactor()",.9804096
"LinearityFactor()",-79.65973
"LinearityFactor()",0
"UseH3Factor",#FALSE#
"H3Factor",0
"Axial Mass",46
"Anal Start",0
"Anal End",0
"Calc Linearity Correction from Ref Peaks",#FALSE#
"Temperature",25
"Std Temperature",25
"A_Factor",1.01025
"K_Factor",.04
"TemperatureCorrectionEnabled",#FALSE#
"GC ZeroMethod","Lowest Peak Limit"
"GC AllowZeroToCutPoints",#FALSE#
"GC UseIsotopicShift",#TRUE#
"GC InterpolatePeakHeight",#TRUE#
"GC NumZeroPoints",10
"GC Min Peak Height",.0000000001
"GC No UserPeaks",0
"SmoothingInterval",10
"DropFactor",1
"GradientRejectfactor",10
"SectionSize",100
"BackgroundStartTime",1
"CutOffTime",1000
"UseNewBackgroundCalcn",#FALSE#
"GC Label File","None.lab"
"GC No User Defined Background Points",0
"GC No Auto-detected Peaks to be Removed",0
"GC No Auto-calculated Background Points to Remove",0
"GC Std Peak In Sample",#FALSE#
"GC Std Peak Time",0
"Max Gap For Grouping EA Ref Pulses",20
"Group EA Ref Peaks",#FALSE#
"Use Defined Peak Limits (1)",#FALSE#
"Peak Start (1)",0
"Peak End (1)",0
"End of Data file"


