"Clumped CO2 Iterative Analysis,         Data File Version 10"
"Started analysis at 10:47:33 PM on the Wednesday, February 13, 2019"
"UTC FileTimeLow",71153792," UTC FileTimeHigh",30721048
"Time Zone ","Eastern Daylight Time"
"CO Disabled",#FALSE#
"Persective Instrument","PS019"
"User logged in",#FALSE#
"Software Version","Stable 1.69.5"
"Axial Mass is :",46
"No_C_O_Cycles",6
"Num Blocks",1
0
-1
-1
-1
-1
0
-1
0
-1
0
"Sample Name is ","PD4 148 L GREY"
Zero Data
-1.137629619278E-13, -5.837940807857E-14, -6.219351205913E-14, -3.433409613340E-14, 1.124740705167E-13, 4.235212050854E-12, Measured at start of run
Individual Data
No_C_O_Cycles                6 
Cycle_Length   20 
Zero_Measurement_Length      20 
Axial_Mass     46 
 Gas          Bla
0.000000E+00  -1.138044E-13 -1.138044E-13 -1.136578E-13 -1.135327E-13 -1.136471E-13 -1.137365E-13 -1.137472E-13 -1.135648E-13 -1.135648E-13 -1.138831E-13 -1.139439E-13 -1.138903E-13 -1.139654E-13 -1.139404E-13 -1.139046E-13 -1.138545E-13 -1.138009E-13 -1.137544E-13 -1.136328E-13 -1.136292E-13
0.000000E+00  -5.845076E-14 -5.831128E-14 -5.851512E-14 -5.839711E-14 -5.840784E-14 -5.828983E-14 -5.836135E-14 -5.850797E-14 -5.848651E-14 -5.824691E-14 -5.828983E-14 -5.834704E-14 -5.831486E-14 -5.835419E-14 -5.840784E-14 -5.855447E-14 -5.837565E-14 -5.848294E-14 -5.831486E-14 -5.817180E-14
0.000000E+00  -6.239539E-14 -6.214147E-14 -6.199127E-14 -6.209498E-14 -6.225592E-14 -6.225592E-14 -6.220585E-14 -6.220228E-14 -6.229168E-14 -6.217724E-14 -6.218797E-14 -6.201988E-14 -6.198412E-14 -6.233818E-14 -6.233460E-14 -6.212717E-14 -6.210929E-14 -6.214147E-14 -6.232744E-14 -6.228811E-14
0.000000E+00  -3.361705E-14 -3.379587E-14 -3.393892E-14 -3.397468E-14 -3.386739E-14 -3.418926E-14 -3.411773E-14 -3.379587E-14 -3.451112E-14 -3.433231E-14 -3.454689E-14 -3.429654E-14 -3.433231E-14 -3.454689E-14 -3.465417E-14 -3.440384E-14 -3.483299E-14 -3.501180E-14 -3.536943E-14 -3.454689E-14
0.000000E+00  1.144410E-13  1.147987E-13  1.133681E-13  1.119376E-13  1.119376E-13  1.130105E-13  1.155139E-13  1.122953E-13  1.115800E-13  1.130105E-13  1.137258E-13  1.115800E-13  1.119376E-13  1.112224E-13  1.140834E-13  1.115800E-13  1.094342E-13  1.097919E-13  1.119376E-13  1.122953E-13
0.000000E+00  4.416708E-12  4.452471E-12  4.416708E-12  4.380946E-12  4.291538E-12  4.309420E-12  4.273657E-12  4.255776E-12  4.345183E-12  4.202131E-12  4.202131E-12  4.202131E-12  4.202131E-12  4.202131E-12  4.130606E-12  4.130606E-12  4.112724E-12  4.041199E-12  4.059080E-12  4.076961E-12
Gas           Ref
0.000000E+00  -1.129748E-13 -1.131214E-13 -1.130427E-13 -1.129604E-13 -1.128675E-13 -1.128388E-13 -1.129712E-13 -1.130463E-13 -1.130177E-13 -1.129318E-13 -1.128317E-13 -1.128996E-13 -1.130177E-13 -1.129926E-13 -1.129497E-13 -1.129354E-13 -1.127781E-13 -1.129354E-13 -1.128102E-13 -1.128532E-13
0.000000E+00  -3.826622E-15 -3.930334E-15 -3.958944E-15 -4.134182E-15 -4.141335E-15 -3.844503E-15 -3.955368E-15 -3.923182E-15 -3.812317E-15 -3.855232E-15 -4.009012E-15 -3.983978E-15 -3.951792E-15 -4.012589E-15 -3.937486E-15 -3.933910E-15 -3.848080E-15 -4.094843E-15 -4.152064E-15 -4.334454E-15
0.000000E+00  5.134075E-13  5.137115E-13  5.131142E-13  5.121772E-13  5.115693E-13  5.123167E-13  5.113869E-13  5.113654E-13  5.122666E-13  5.124490E-13  5.117052E-13  5.109577E-13  5.108683E-13  5.109613E-13  5.110185E-13  5.117230E-13  5.116301E-13  5.110149E-13  5.098920E-13  5.101531E-13
0.000000E+00  4.944746E-11  4.934039E-11  4.934779E-11  4.921394E-11  4.926049E-11  4.931110E-11  4.921919E-11  4.926607E-11  4.934111E-11  4.934143E-11  4.916569E-11  4.921536E-11  4.916991E-11  4.921261E-11  4.925889E-11  4.926761E-11  4.927033E-11  4.909302E-11  4.910235E-11  4.911179E-11
0.000000E+00  1.412349E-10  1.409449E-10  1.409409E-10  1.405629E-10  1.406841E-10  1.408354E-10  1.405797E-10  1.406967E-10  1.409230E-10  1.409302E-10  1.404402E-10  1.405475E-10  1.404467E-10  1.405493E-10  1.406838E-10  1.407113E-10  1.407210E-10  1.402364E-10  1.402435E-10  1.402604E-10
0.000000E+00  1.182546E-08  1.180143E-08  1.180094E-08  1.176933E-08  1.177908E-08  1.179200E-08  1.177026E-08  1.177984E-08  1.179898E-08  1.180046E-08  1.175851E-08  1.176733E-08  1.175855E-08  1.176881E-08  1.177931E-08  1.178179E-08  1.178267E-08  1.174177E-08  1.174183E-08  1.174451E-08
Gas           Sam
0.000000E+00  -1.083327E-13 -1.081003E-13 -1.081074E-13 -1.079644E-13 -1.079894E-13 -1.078285E-13 -1.076676E-13 -1.077462E-13 -1.076139E-13 -1.075352E-13 -1.073814E-13 -1.074530E-13 -1.073350E-13 -1.074136E-13 -1.074065E-13 -1.072956E-13 -1.071132E-13 -1.072277E-13 -1.070989E-13 -1.072062E-13
0.000000E+00  -2.131464E-15 -2.024176E-15 -1.841785E-15 -1.991989E-15 -1.959803E-15 -1.977684E-15 -2.013447E-15 -1.823904E-15 -2.131464E-15 -2.324583E-15 -2.263787E-15 -2.170803E-15 -1.848938E-15 -1.852514E-15 -2.020599E-15 -1.977684E-15 -1.866819E-15 -1.991989E-15 -2.038481E-15 -2.428296E-15
0.000000E+00  5.295293E-13  5.294972E-13  5.301445E-13  5.299442E-13  5.295186E-13  5.300658E-13  5.301301E-13  5.292933E-13  5.289929E-13  5.290573E-13  5.297010E-13  5.298691E-13  5.291574E-13  5.288249E-13  5.295330E-13  5.304520E-13  5.310242E-13  5.300014E-13  5.288785E-13  5.290716E-13
0.000000E+00  4.978467E-11  4.982255E-11  4.984593E-11  4.979125E-11  4.979376E-11  4.980502E-11  4.980917E-11  4.965378E-11  4.966240E-11  4.969863E-11  4.975185E-11  4.966476E-11  4.963186E-11  4.965643E-11  4.972087E-11  4.976593E-11  4.973550E-11  4.963915E-11  4.958172E-11  4.959942E-11
0.000000E+00  1.419326E-10  1.420306E-10  1.420957E-10  1.419755E-10  1.419501E-10  1.419816E-10  1.419884E-10  1.415739E-10  1.415900E-10  1.416869E-10  1.418296E-10  1.416022E-10  1.414795E-10  1.415761E-10  1.417442E-10  1.418861E-10  1.418153E-10  1.415253E-10  1.413508E-10  1.414226E-10
0.000000E+00  1.182269E-08  1.183057E-08  1.183674E-08  1.182601E-08  1.182349E-08  1.182689E-08  1.182657E-08  1.179243E-08  1.179385E-08  1.180102E-08  1.181362E-08  1.179535E-08  1.178410E-08  1.179170E-08  1.180672E-08  1.181829E-08  1.181205E-08  1.178811E-08  1.177317E-08  1.177940E-08
Gas           Ref
0.000000E+00  -1.130963E-13 -1.130356E-13 -1.129283E-13 -1.129569E-13 -1.130391E-13 -1.128675E-13 -1.131250E-13 -1.130177E-13 -1.129998E-13 -1.129962E-13 -1.127530E-13 -1.127673E-13 -1.129604E-13 -1.129819E-13 -1.129783E-13 -1.129998E-13 -1.129676E-13 -1.127959E-13 -1.128639E-13 -1.127494E-13
0.000000E+00  -4.527573E-15 -4.413132E-15 -4.420285E-15 -4.291539E-15 -4.212860E-15 -4.427437E-15 -4.577641E-15 -4.713540E-15 -4.788642E-15 -4.792218E-15 -4.684929E-15 -4.709964E-15 -4.870896E-15 -4.992490E-15 -4.906659E-15 -4.774336E-15 -4.860167E-15 -4.695658E-15 -4.881625E-15 -5.003219E-15
0.000000E+00  5.055576E-13  5.056040E-13  5.058579E-13  5.055969E-13  5.057650E-13  5.060331E-13  5.041878E-13  5.033725E-13  5.031400E-13  5.036192E-13  5.034404E-13  5.029898E-13  5.034046E-13  5.035584E-13  5.038695E-13  5.040269E-13  5.040269E-13  5.032151E-13  5.027216E-13  5.022280E-13
0.000000E+00  4.878285E-11  4.877430E-11  4.877387E-11  4.878027E-11  4.876786E-11  4.876225E-11  4.848391E-11  4.852114E-11  4.854610E-11  4.860103E-11  4.849045E-11  4.853108E-11  4.857735E-11  4.858408E-11  4.858397E-11  4.859066E-11  4.860185E-11  4.847686E-11  4.843727E-11  4.839769E-11
0.000000E+00  1.393445E-10  1.393023E-10  1.393012E-10  1.393212E-10  1.392940E-10  1.392762E-10  1.384894E-10  1.385538E-10  1.386489E-10  1.388037E-10  1.384973E-10  1.385938E-10  1.387379E-10  1.387669E-10  1.387565E-10  1.387690E-10  1.388195E-10  1.384812E-10  1.383495E-10  1.382247E-10
0.000000E+00  1.166608E-08  1.166412E-08  1.166394E-08  1.166503E-08  1.166292E-08  1.166136E-08  1.159488E-08  1.160135E-08  1.160831E-08  1.162249E-08  1.159547E-08  1.160468E-08  1.161677E-08  1.161834E-08  1.161775E-08  1.161893E-08  1.162319E-08  1.159404E-08  1.158374E-08  1.157294E-08
Gas           Sam
0.000000E+00  -1.083935E-13 -1.083506E-13 -1.082791E-13 -1.082469E-13 -1.081468E-13 -1.079000E-13 -1.078356E-13 -1.075030E-13 -1.077498E-13 -1.078178E-13 -1.075960E-13 -1.075317E-13 -1.074995E-13 -1.074458E-13 -1.074923E-13 -1.073385E-13 -1.072527E-13 -1.072062E-13 -1.074065E-13 -1.072563E-13
0.000000E+00  -2.800229E-15 -2.989772E-15 -2.635720E-15 -2.521279E-15 -2.481940E-15 -2.471211E-15 -2.460482E-15 -2.481940E-15 -2.464058E-15 -2.667906E-15 -2.893212E-15 -2.610686E-15 -2.496245E-15 -2.743008E-15 -2.557042E-15 -2.392533E-15 -2.321007E-15 -2.474787E-15 -2.650025E-15 -2.793076E-15
0.000000E+00  5.223410E-13  5.221515E-13  5.219369E-13  5.229061E-13  5.225986E-13  5.221980E-13  5.224305E-13  5.227308E-13  5.230170E-13  5.234640E-13  5.234032E-13  5.234962E-13  5.222409E-13  5.222373E-13  5.223839E-13  5.238466E-13  5.234425E-13  5.235856E-13  5.229382E-13  5.223696E-13
0.000000E+00  4.914849E-11  4.919848E-11  4.921679E-11  4.929665E-11  4.915947E-11  4.912707E-11  4.915514E-11  4.921794E-11  4.926894E-11  4.920220E-11  4.917560E-11  4.913629E-11  4.908697E-11  4.909814E-11  4.917706E-11  4.920985E-11  4.911330E-11  4.914952E-11  4.906745E-11  4.903880E-11
0.000000E+00  1.401194E-10  1.402500E-10  1.402943E-10  1.405404E-10  1.401845E-10  1.400451E-10  1.401291E-10  1.403115E-10  1.404553E-10  1.402764E-10  1.401935E-10  1.400808E-10  1.399349E-10  1.399818E-10  1.401974E-10  1.402968E-10  1.400308E-10  1.401137E-10  1.398913E-10  1.397976E-10
0.000000E+00  1.167053E-08  1.168148E-08  1.168570E-08  1.170619E-08  1.167628E-08  1.166449E-08  1.167186E-08  1.168822E-08  1.169925E-08  1.168450E-08  1.167803E-08  1.166882E-08  1.165578E-08  1.165941E-08  1.167767E-08  1.168627E-08  1.166342E-08  1.167062E-08  1.165208E-08  1.164425E-08
Gas           Ref
0.000000E+00  -1.129891E-13 -1.129604E-13 -1.128961E-13 -1.128567E-13 -1.128460E-13 -1.129283E-13 -1.129390E-13 -1.128710E-13 -1.129068E-13 -1.129068E-13 -1.129569E-13 -1.130141E-13 -1.129318E-13 -1.128889E-13 -1.129140E-13 -1.127566E-13 -1.127709E-13 -1.129640E-13 -1.131428E-13 -1.129211E-13
0.000000E+00  -5.117660E-15 -5.253558E-15 -5.382305E-15 -5.625492E-15 -5.618339E-15 -5.471712E-15 -5.396610E-15 -5.364423E-15 -5.314355E-15 -5.271440E-15 -5.378728E-15 -5.275016E-15 -5.403762E-15 -5.493170E-15 -5.346541E-15 -5.521779E-15 -5.750662E-15 -5.668407E-15 -5.561119E-15 -5.425220E-15
0.000000E+00  4.977111E-13  4.977755E-13  4.972892E-13  4.966061E-13  4.961483E-13  4.956155E-13  4.960375E-13  4.966919E-13  4.968993E-13  4.965095E-13  4.970389E-13  4.969995E-13  4.965310E-13  4.954653E-13  4.958766E-13  4.960697E-13  4.946284E-13  4.941242E-13  4.941599E-13  4.947643E-13
0.000000E+00  4.807671E-11  4.800311E-11  4.795354E-11  4.797239E-11  4.786128E-11  4.788423E-11  4.794754E-11  4.800343E-11  4.798655E-11  4.798251E-11  4.799986E-11  4.800697E-11  4.790745E-11  4.785234E-11  4.789135E-11  4.790473E-11  4.771433E-11  4.774648E-11  4.776092E-11  4.782956E-11
0.000000E+00  1.373114E-10  1.371011E-10  1.369616E-10  1.370206E-10  1.367248E-10  1.367631E-10  1.369330E-10  1.370982E-10  1.370667E-10  1.370524E-10  1.370864E-10  1.371232E-10  1.368446E-10  1.366665E-10  1.367735E-10  1.368393E-10  1.362846E-10  1.363715E-10  1.364169E-10  1.366004E-10
0.000000E+00  1.149703E-08  1.147863E-08  1.146862E-08  1.147155E-08  1.144727E-08  1.145065E-08  1.146545E-08  1.147949E-08  1.147650E-08  1.147545E-08  1.147849E-08  1.148119E-08  1.145814E-08  1.144283E-08  1.145185E-08  1.145823E-08  1.141034E-08  1.141766E-08  1.142143E-08  1.143752E-08
Gas           Sam
0.000000E+00  -1.083435E-13 -1.083077E-13 -1.082111E-13 -1.084543E-13 -1.082576E-13 -1.079715E-13 -1.078893E-13 -1.079393E-13 -1.078857E-13 -1.078714E-13 -1.078499E-13 -1.075817E-13 -1.076068E-13 -1.076389E-13 -1.076926E-13 -1.075603E-13 -1.073886E-13 -1.074744E-13 -1.074565E-13 -1.075102E-13
0.000000E+00  -2.979043E-15 -3.021958E-15 -3.165010E-15 -3.104213E-15 -3.039840E-15 -3.229383E-15 -3.057721E-15 -3.186467E-15 -3.250841E-15 -3.179315E-15 -3.093484E-15 -2.914670E-15 -2.932552E-15 -3.075603E-15 -3.143552E-15 -3.111365E-15 -3.165010E-15 -3.458265E-15 -3.243688E-15 -3.372434E-15
0.000000E+00  5.162435E-13  5.165689E-13  5.173843E-13  5.172842E-13  5.175166E-13  5.167406E-13  5.166440E-13  5.166047E-13  5.165618E-13  5.166512E-13  5.168872E-13  5.170946E-13  5.174451E-13  5.172198E-13  5.171697E-13  5.175345E-13  5.172091E-13  5.153208E-13  5.153244E-13  5.156355E-13
0.000000E+00  4.878295E-11  4.879694E-11  4.879569E-11  4.880591E-11  4.879186E-11  4.864785E-11  4.867274E-11  4.865313E-11  4.867402E-11  4.867145E-11  4.867928E-11  4.866433E-11  4.869287E-11  4.870106E-11  4.869419E-11  4.869684E-11  4.857066E-11  4.843895E-11  4.847350E-11  4.848834E-11
0.000000E+00  1.390705E-10  1.391224E-10  1.391174E-10  1.391399E-10  1.391159E-10  1.387093E-10  1.387576E-10  1.387136E-10  1.387758E-10  1.387608E-10  1.387859E-10  1.387515E-10  1.388127E-10  1.388413E-10  1.388180E-10  1.388227E-10  1.384947E-10  1.380888E-10  1.381922E-10  1.382608E-10
0.000000E+00  1.158385E-08  1.158894E-08  1.158864E-08  1.159075E-08  1.158792E-08  1.155229E-08  1.155806E-08  1.155357E-08  1.155926E-08  1.155761E-08  1.155992E-08  1.155670E-08  1.156244E-08  1.156527E-08  1.156357E-08  1.156350E-08  1.153580E-08  1.150148E-08  1.151037E-08  1.151525E-08
Gas           Ref
0.000000E+00  -1.129104E-13 -1.129068E-13 -1.130034E-13 -1.131857E-13 -1.130677E-13 -1.129354E-13 -1.129390E-13 -1.130892E-13 -1.130820E-13 -1.130391E-13 -1.130963E-13 -1.130320E-13 -1.129533E-13 -1.130534E-13 -1.130212E-13 -1.130820E-13 -1.129533E-13 -1.130177E-13 -1.129247E-13 -1.130141E-13
0.000000E+00  -6.144053E-15 -6.179816E-15 -6.018883E-15 -6.022459E-15 -6.058222E-15 -6.115442E-15 -6.018883E-15 -6.108290E-15 -6.179816E-15 -6.086833E-15 -6.233459E-15 -6.294257E-15 -6.308561E-15 -6.201273E-15 -6.197697E-15 -6.208425E-15 -6.097561E-15 -6.115442E-15 -6.065375E-15 -6.290680E-15
0.000000E+00  4.890923E-13  4.883020E-13  4.884093E-13  4.892425E-13  4.887633E-13  4.881482E-13  4.884415E-13  4.888527E-13  4.879551E-13  4.876904E-13  4.878120E-13  4.882340E-13  4.886203E-13  4.886382E-13  4.884665E-13  4.880624E-13  4.877083E-13  4.877906E-13  4.882734E-13  4.879122E-13
0.000000E+00  4.720667E-11  4.724605E-11  4.729340E-11  4.738345E-11  4.718193E-11  4.720149E-11  4.722985E-11  4.729304E-11  4.714656E-11  4.716809E-11  4.723922E-11  4.726994E-11  4.728138E-11  4.728678E-11  4.723246E-11  4.718071E-11  4.716447E-11  4.717967E-11  4.721715E-11  4.721855E-11
0.000000E+00  1.348480E-10  1.349335E-10  1.350894E-10  1.353423E-10  1.347683E-10  1.348162E-10  1.349070E-10  1.350962E-10  1.346649E-10  1.347311E-10  1.349120E-10  1.350111E-10  1.350472E-10  1.350572E-10  1.349120E-10  1.347561E-10  1.347168E-10  1.347615E-10  1.348587E-10  1.348820E-10
0.000000E+00  1.129075E-08  1.129787E-08  1.130983E-08  1.133161E-08  1.128342E-08  1.128773E-08  1.129503E-08  1.131183E-08  1.127418E-08  1.128001E-08  1.129599E-08  1.130434E-08  1.130722E-08  1.130847E-08  1.129549E-08  1.128281E-08  1.127952E-08  1.128244E-08  1.129188E-08  1.129372E-08
Gas           Sam
0.000000E+00  -1.086224E-13 -1.085580E-13 -1.083756E-13 -1.084078E-13 -1.083005E-13 -1.081182E-13 -1.080288E-13 -1.078178E-13 -1.077355E-13 -1.080252E-13 -1.077534E-13 -1.077713E-13 -1.074995E-13 -1.072420E-13 -1.074387E-13 -1.075495E-13 -1.075889E-13 -1.074172E-13 -1.073671E-13 -1.074530E-13
0.000000E+00  -3.926758E-15 -4.016165E-15 -3.901724E-15 -3.823046E-15 -3.826622E-15 -3.876690E-15 -3.865961E-15 -3.962521E-15 -3.755096E-15 -3.987555E-15 -3.837351E-15 -3.926758E-15 -3.819469E-15 -3.880266E-15 -3.833774E-15 -3.880266E-15 -3.865961E-15 -3.733638E-15 -3.840927E-15 -3.948215E-15
0.000000E+00  5.085223E-13  5.085724E-13  5.094557E-13  5.096667E-13  5.101423E-13  5.106788E-13  5.105357E-13  5.112188E-13  5.111008E-13  5.094485E-13  5.090659E-13  5.094020E-13  5.091339E-13  5.089407E-13  5.099635E-13  5.099635E-13  5.103748E-13  5.106895E-13  5.103426E-13  5.096524E-13
0.000000E+00  4.801899E-11  4.806380E-11  4.808308E-11  4.815521E-11  4.820528E-11  4.818175E-11  4.819022E-11  4.822133E-11  4.814649E-11  4.796052E-11  4.799131E-11  4.806287E-11  4.795644E-11  4.802021E-11  4.806434E-11  4.809363E-11  4.810382E-11  4.809695E-11  4.802328E-11  4.792654E-11
0.000000E+00  1.369198E-10  1.370270E-10  1.370982E-10  1.372734E-10  1.374301E-10  1.373725E-10  1.373993E-10  1.374709E-10  1.372845E-10  1.367313E-10  1.368310E-10  1.370224E-10  1.367313E-10  1.368994E-10  1.370245E-10  1.371018E-10  1.371540E-10  1.371272E-10  1.369358E-10  1.366404E-10
0.000000E+00  1.140421E-08  1.141315E-08  1.141876E-08  1.143472E-08  1.144782E-08  1.144292E-08  1.144442E-08  1.145072E-08  1.143584E-08  1.138871E-08  1.139648E-08  1.141310E-08  1.138844E-08  1.140221E-08  1.141392E-08  1.142007E-08  1.142427E-08  1.142164E-08  1.140653E-08  1.138163E-08
Gas           Ref
0.000000E+00  -1.130069E-13 -1.128424E-13 -1.128675E-13 -1.129032E-13 -1.128210E-13 -1.127995E-13 -1.129748E-13 -1.128317E-13 -1.128710E-13 -1.129104E-13 -1.129032E-13 -1.128853E-13 -1.129354E-13 -1.129676E-13 -1.130141E-13 -1.129032E-13 -1.129891E-13 -1.129676E-13 -1.130141E-13 -1.130677E-13
0.000000E+00  -6.845004E-15 -6.870038E-15 -6.916530E-15 -6.927259E-15 -6.988055E-15 -7.048852E-15 -7.005937E-15 -7.030971E-15 -6.998784E-15 -7.084615E-15 -7.141835E-15 -7.048852E-15 -7.073886E-15 -6.880767E-15 -7.131107E-15 -7.109649E-15 -7.224090E-15 -7.209785E-15 -6.948716E-15 -7.027394E-15
0.000000E+00  4.823153E-13  4.826085E-13  4.814606E-13  4.813425E-13  4.815249E-13  4.817109E-13  4.819040E-13  4.807166E-13  4.799871E-13  4.795902E-13  4.793398E-13  4.795794E-13  4.799549E-13  4.800908E-13  4.790144E-13  4.788320E-13  4.797761E-13  4.785816E-13  4.784529E-13  4.790251E-13
0.000000E+00  4.672130E-11  4.672902E-11  4.663011E-11  4.665564E-11  4.668143E-11  4.669412E-11  4.667445E-11  4.656545E-11  4.649549E-11  4.652686E-11  4.645794E-11  4.649281E-11  4.653151E-11  4.650547E-11  4.642300E-11  4.644918E-11  4.653061E-11  4.637930E-11  4.641635E-11  4.648992E-11
0.000000E+00  1.334550E-10  1.334697E-10  1.331943E-10  1.332430E-10  1.333284E-10  1.333656E-10  1.333256E-10  1.330076E-10  1.328170E-10  1.328971E-10  1.326797E-10  1.327949E-10  1.329018E-10  1.328457E-10  1.325824E-10  1.326590E-10  1.328975E-10  1.324816E-10  1.325696E-10  1.327745E-10
0.000000E+00  1.117404E-08  1.117576E-08  1.115133E-08  1.115589E-08  1.116385E-08  1.116666E-08  1.116304E-08  1.113629E-08  1.112043E-08  1.112708E-08  1.110825E-08  1.111814E-08  1.112769E-08  1.112283E-08  1.110067E-08  1.110775E-08  1.112755E-08  1.109234E-08  1.109910E-08  1.111721E-08
Gas           Sam
0.000000E+00  -1.085116E-13 -1.085187E-13 -1.083542E-13 -1.083220E-13 -1.083399E-13 -1.081110E-13 -1.081146E-13 -1.081074E-13 -1.081503E-13 -1.078893E-13 -1.078464E-13 -1.077176E-13 -1.075996E-13 -1.076926E-13 -1.077498E-13 -1.077605E-13 -1.076783E-13 -1.076640E-13 -1.075495E-13 -1.074780E-13
0.000000E+00  -4.502539E-15 -4.427437E-15 -4.423861E-15 -4.309420E-15 -4.352335E-15 -4.391674E-15 -4.384522E-15 -4.549031E-15 -4.473929E-15 -4.609827E-15 -4.613404E-15 -4.527573E-15 -4.556183E-15 -4.624133E-15 -4.534726E-15 -4.252199E-15 -4.305844E-15 -4.752879E-15 -4.760032E-15 -4.620556E-15
0.000000E+00  5.026858E-13  5.034046E-13  5.037301E-13  5.037980E-13  5.039911E-13  5.028682E-13  5.022530E-13  5.022316E-13  5.023854E-13  5.022567E-13  5.028825E-13  5.036085E-13  5.038409E-13  5.039124E-13  5.039768E-13  5.042128E-13  5.044239E-13  5.033617E-13  5.024605E-13  5.024176E-13
0.000000E+00  4.767656E-11  4.768557E-11  4.770067E-11  4.770167E-11  4.769856E-11  4.743742E-11  4.746148E-11  4.751073E-11  4.745973E-11  4.747171E-11  4.752822E-11  4.756763E-11  4.758011E-11  4.755872E-11  4.758730E-11  4.760325E-11  4.760103E-11  4.734987E-11  4.735849E-11  4.744067E-11
0.000000E+00  1.359298E-10  1.359545E-10  1.359953E-10  1.360003E-10  1.360042E-10  1.352632E-10  1.353258E-10  1.354520E-10  1.353315E-10  1.353394E-10  1.355060E-10  1.356230E-10  1.356559E-10  1.356030E-10  1.356538E-10  1.357178E-10  1.357192E-10  1.350136E-10  1.350093E-10  1.352493E-10
0.000000E+00  1.132217E-08  1.132455E-08  1.132800E-08  1.132855E-08  1.132862E-08  1.126625E-08  1.127114E-08  1.128226E-08  1.127307E-08  1.127269E-08  1.128701E-08  1.129638E-08  1.129891E-08  1.129486E-08  1.129944E-08  1.130497E-08  1.130486E-08  1.124598E-08  1.124558E-08  1.126493E-08
Gas           Ref
0.000000E+00  -1.130749E-13 -1.130892E-13 -1.130320E-13 -1.131107E-13 -1.132072E-13 -1.129497E-13 -1.130928E-13 -1.130820E-13 -1.130570E-13 -1.130606E-13 -1.130427E-13 -1.129783E-13 -1.127816E-13 -1.127816E-13 -1.128853E-13 -1.130069E-13 -1.130785E-13 -1.129283E-13 -1.129962E-13 -1.127816E-13
0.000000E+00  -7.288463E-15 -7.545956E-15 -7.560260E-15 -7.528074E-15 -7.835634E-15 -7.828482E-15 -7.631786E-15 -7.642515E-15 -7.585294E-15 -7.513768E-15 -7.406481E-15 -7.513768E-15 -7.892855E-15 -7.760533E-15 -7.689006E-15 -7.717617E-15 -7.656820E-15 -7.803448E-15 -7.885701E-15 -7.864244E-15
0.000000E+00  4.744976E-13  4.733102E-13  4.728060E-13  4.735212E-13  4.721515E-13  4.723339E-13  4.729740E-13  4.732458E-13  4.734354E-13  4.735355E-13  4.735606E-13  4.737036E-13  4.717331E-13  4.715006E-13  4.714649E-13  4.721765E-13  4.727201E-13  4.723160E-13  4.709606E-13  4.708425E-13
0.000000E+00  4.598076E-11  4.590408E-11  4.590977E-11  4.600189E-11  4.585963E-11  4.589418E-11  4.597350E-11  4.596968E-11  4.598677E-11  4.595254E-11  4.599914E-11  4.595612E-11  4.575492E-11  4.579640E-11  4.580974E-11  4.588005E-11  4.592004E-11  4.574179E-11  4.573911E-11  4.576822E-11
0.000000E+00  1.313461E-10  1.311119E-10  1.311490E-10  1.314141E-10  1.309792E-10  1.310904E-10  1.313046E-10  1.312978E-10  1.313593E-10  1.312524E-10  1.313844E-10  1.312885E-10  1.306945E-10  1.308100E-10  1.308401E-10  1.310414E-10  1.311609E-10  1.306834E-10  1.306280E-10  1.307210E-10
0.000000E+00  1.099725E-08  1.097777E-08  1.098008E-08  1.100283E-08  1.096610E-08  1.097577E-08  1.099349E-08  1.099321E-08  1.099814E-08  1.098958E-08  1.100038E-08  1.099267E-08  1.094190E-08  1.095215E-08  1.095455E-08  1.097159E-08  1.098240E-08  1.094133E-08  1.093743E-08  1.094462E-08
Gas           Sam
0.000000E+00  -1.088334E-13 -1.086582E-13 -1.084758E-13 -1.084150E-13 -1.082648E-13 -1.081503E-13 -1.081003E-13 -1.081539E-13 -1.081182E-13 -1.080931E-13 -1.080216E-13 -1.078535E-13 -1.078428E-13 -1.076747E-13 -1.075996E-13 -1.077248E-13 -1.077641E-13 -1.077355E-13 -1.076425E-13 -1.077140E-13
0.000000E+00  -5.031829E-15 -5.046134E-15 -5.142694E-15 -4.956727E-15 -5.042558E-15 -5.067592E-15 -5.013948E-15 -5.103354E-15 -5.425220E-15 -5.257135E-15 -5.171304E-15 -5.242829E-15 -5.142694E-15 -5.096202E-15 -5.092626E-15 -5.046134E-15 -5.260711E-15 -5.121236E-15 -5.353694E-15 -5.296474E-15
0.000000E+00  4.961912E-13  4.958944E-13  4.962806E-13  4.971175E-13  4.965632E-13  4.971175E-13  4.978364E-13  4.963379E-13  4.959803E-13  4.964988E-13  4.958479E-13  4.961412E-13  4.967599E-13  4.977219E-13  4.976289E-13  4.974251E-13  4.974394E-13  4.965453E-13  4.959016E-13  4.962521E-13
0.000000E+00  4.707077E-11  4.707278E-11  4.704506E-11  4.707675E-11  4.706219E-11  4.708190E-11  4.712199E-11  4.688703E-11  4.691045E-11  4.695937E-11  4.688105E-11  4.694199E-11  4.700536E-11  4.701656E-11  4.698419E-11  4.698705E-11  4.699421E-11  4.684940E-11  4.683692E-11  4.689693E-11
0.000000E+00  1.342136E-10  1.342046E-10  1.341331E-10  1.342236E-10  1.341832E-10  1.342357E-10  1.343455E-10  1.336700E-10  1.337465E-10  1.338935E-10  1.336628E-10  1.338202E-10  1.340179E-10  1.340594E-10  1.339575E-10  1.339650E-10  1.339808E-10  1.335856E-10  1.335334E-10  1.337165E-10
0.000000E+00  1.117880E-08  1.117806E-08  1.117281E-08  1.118037E-08  1.117663E-08  1.118039E-08  1.119053E-08  1.113425E-08  1.113998E-08  1.115264E-08  1.113263E-08  1.114672E-08  1.116301E-08  1.116648E-08  1.115730E-08  1.115850E-08  1.115968E-08  1.112715E-08  1.112186E-08  1.113819E-08
Gas           Ref
0.000000E+00  -1.129676E-13 -1.130141E-13 -1.128496E-13 -1.127816E-13 -1.130713E-13 -1.129140E-13 -1.129211E-13 -1.129640E-13 -1.130034E-13 -1.130892E-13 -1.132358E-13 -1.131750E-13 -1.131464E-13 -1.131786E-13 -1.131714E-13 -1.130463E-13 -1.129712E-13 -1.129140E-13 -1.130034E-13 -1.131142E-13
0.000000E+00  -8.304127E-15 -8.025177E-15 -8.018024E-15 -8.046635E-15 -8.275517E-15 -8.586653E-15 -8.436450E-15 -8.075245E-15 -8.275517E-15 -8.300550E-15 -8.128890E-15 -8.018024E-15 -8.243331E-15 -8.300550E-15 -8.296974E-15 -8.518704E-15 -8.339890E-15 -8.182533E-15 -8.332737E-15 -8.440026E-15
0.000000E+00  4.653387E-13  4.666726E-13  4.667656E-13  4.669695E-13  4.660933E-13  4.650705E-13  4.647128E-13  4.657678E-13  4.663400E-13  4.664259E-13  4.659788E-13  4.659860E-13  4.649131E-13  4.641657E-13  4.646091E-13  4.638223E-13  4.641085E-13  4.645697E-13  4.649274E-13  4.650669E-13
0.000000E+00  4.536203E-11  4.542050E-11  4.537136E-11  4.541363E-11  4.523754E-11  4.523421E-11  4.524415E-11  4.534883E-11  4.536382E-11  4.533732E-11  4.534675E-11  4.536464E-11  4.513010E-11  4.514287E-11  4.520385E-11  4.511551E-11  4.518561E-11  4.523707E-11  4.526117E-11  4.522144E-11
0.000000E+00  1.295623E-10  1.297311E-10  1.296120E-10  1.297057E-10  1.292293E-10  1.292093E-10  1.292397E-10  1.295315E-10  1.295726E-10  1.295043E-10  1.295272E-10  1.295855E-10  1.289125E-10  1.289436E-10  1.291327E-10  1.288610E-10  1.290698E-10  1.292154E-10  1.292844E-10  1.291621E-10
0.000000E+00  1.084767E-08  1.086215E-08  1.085171E-08  1.086002E-08  1.082029E-08  1.081738E-08  1.082083E-08  1.084458E-08  1.084858E-08  1.084334E-08  1.084515E-08  1.084989E-08  1.079331E-08  1.079535E-08  1.081121E-08  1.078878E-08  1.080642E-08  1.081906E-08  1.082480E-08  1.081452E-08
 Gas          
0.000000E+00  0.000000E+00  0.000000E+00  0.000000E+00  0.000000E+00  0.000000E+00  0.000000E+00  0.000000E+00  0.000000E+00  0.000000E+00  0.000000E+00  0.000000E+00  0.000000E+00  0.000000E+00  0.000000E+00  0.000000E+00  0.000000E+00  0.000000E+00  0.000000E+00  0.000000E+00  0.000000E+00
0.000000E+00  0.000000E+00  0.000000E+00  0.000000E+00  0.000000E+00  0.000000E+00  0.000000E+00  0.000000E+00  0.000000E+00  0.000000E+00  0.000000E+00  0.000000E+00  0.000000E+00  0.000000E+00  0.000000E+00  0.000000E+00  0.000000E+00  0.000000E+00  0.000000E+00  0.000000E+00  0.000000E+00
0.000000E+00  0.000000E+00  0.000000E+00  0.000000E+00  0.000000E+00  0.000000E+00  0.000000E+00  0.000000E+00  0.000000E+00  0.000000E+00  0.000000E+00  0.000000E+00  0.000000E+00  0.000000E+00  0.000000E+00  0.000000E+00  0.000000E+00  0.000000E+00  0.000000E+00  0.000000E+00  0.000000E+00
0.000000E+00  0.000000E+00  0.000000E+00  0.000000E+00  0.000000E+00  0.000000E+00  0.000000E+00  0.000000E+00  0.000000E+00  0.000000E+00  0.000000E+00  0.000000E+00  0.000000E+00  0.000000E+00  0.000000E+00  0.000000E+00  0.000000E+00  0.000000E+00  0.000000E+00  0.000000E+00  0.000000E+00
0.000000E+00  0.000000E+00  0.000000E+00  0.000000E+00  0.000000E+00  0.000000E+00  0.000000E+00  0.000000E+00  0.000000E+00  0.000000E+00  0.000000E+00  0.000000E+00  0.000000E+00  0.000000E+00  0.000000E+00  0.000000E+00  0.000000E+00  0.000000E+00  0.000000E+00  0.000000E+00  0.000000E+00
0.000000E+00  0.000000E+00  0.000000E+00  0.000000E+00  0.000000E+00  0.000000E+00  0.000000E+00  0.000000E+00  0.000000E+00  0.000000E+00  0.000000E+00  0.000000E+00  0.000000E+00  0.000000E+00  0.000000E+00  0.000000E+00  0.000000E+00  0.000000E+00  0.000000E+00  0.000000E+00  0.000000E+00
End of Analysis
"H3 factor",13.13339
"Linearity factor (0)",52.88039
"Linearity factor (1)",18.00761
"Linearity factor (2)",-.1321419
"Linearity factor (3)",9.804096E-04
"Linearity factor (4)",-7.965973E-02
"Linearity factor (5)",0
"Collector Gains :",500,5000,5000,5000,500,500,50,500,1,5
"Number of deflectors available : ",33
"Source HT",8000
"Extraction V",780
"H Defl",310
"Trap",850
"Trap Voltage",24
"Repeller",4
"Filament V",-110
"Delta HP",19
"Z Lens",110
"Delta Z",130
"Max Current",3.5
"Heater Current",1
"Quad 1",120
"Cubic 1",50
"Lin 1",0
"Deflect 1 I",5
"Deflect 1 O",5
"Offset 1",0
"Offset 2",0
"Quad 2",-620
"Cubic 2",0
"Lin 2",0
"Q1 I Cor",0
"Q1 O Cor",0
"Suppressor",-100
"Mop Plate",-15
"ESA H1",790
"ESA H1 delta",0
"ESA H2",800
"ESA H2 delta",0
"ESA H3",820
"ESA H3 delta",0
"ESA HD",0
"ESA HD delta",0
"Batch Started: ","13:02:19 15:29:56"
"Data File: ","C:\Nu Stable\Results\2019\201902013 standard PD4 BSS WNI ZE NTA\Data_9289 PD4 148 L GREY.txt"
"Sample Name: ","PD4 148 L GREY"
"Sample Weight: ",106
"Sample Type: ","Sam"
"Vial Number: ",12
"Sam Beam First CO: ","1.180290e-08"
"Sam Beam Last CO: ","1.115356e-08"
"Ref Beam First CO: ","1.177291e-08"
"Ref Beam Second CO: ","1.161858e-08"
"Ref BeamLast CO: ","1.082402e-08"
"Sam Depletion: ","6 %"
"Ref Depletion: ","8 %"
"Observed CP Temperature: ",70.341
"Std Dev: ","0.000e00"
"Min: ","70.341"
"Max: ","70.341"
"Ave Started: ","13:02:19 22:03:40"
"Ave Stopped: ","13:02:19 22:06:47"
"Num: ",7
"Current Mass: ",46.02939
"Method File Name","C:\Nu Stable\Analyses\DI\040216 12-12-20 6 collectors.rdf"
"Version 6"
"Analysis Type","DI"
"Analysis Calculation Routine ","Clumped CO2 Iterative"
"Gas ID ","CO2"
"Ref Gas Identifier ","AirLiquide01"
"Centring collector ",8
"Num of Ref/Sam cycles ",6
"Cycles length(secs) ",20
"C/O valve stabilisation time ",12
"Offset for zero measurement(amu) ",0
"Zero measurement time ",20
"Spare",0
"Spare",0
0
-1
-1
-1
-1
0
-1
0
-1
0
"Num Clumped Blocks","1"
"Do zero at start of block",#FALSE#
"Balance beams",#FALSE#
"Mag Hysteresis Offset",.001
"Apply Hysteresis Offset",#FALSE#
"Target Beam (A) ",.00000005
"Use CF with Bellows ",#FALSE#
"DI Auto Gas balancing: ","True"
"Pirani pressure",3.398285E-02
"Cold finger status","CF"
"Inlet transducer pressure",4.302875
"Sample operations:  InitialisePrepSampleRun; CheckIfCFRequired; UseCF; SampleTrapped; BalanceRefToSamValue; DepletingBalance; SampleReady;"
"Number of sample chops",0
"Number of sample double chops",0
"Run from bellows",#FALSE#
"Max sample pump-over pressure (mBar)","0.000000e00"
"Max sample pump-over pressure (raw)",0
"Pre-balance Sam Beam","1.223672e-08"
"Min ref beam","2.906659e-09"
"Max ref beam","1.722965e-08"
"Ref bellows position",2579
"Sam bellows position",8450
"Balance %",-.0962058
"Initial Sam Beam","1.274208e-08"
"Final Ref Beam","1.226665e-08"
"Final Sam Beam","1.225485e-08"
"Pre-depleted Ref Beam",1.228009E-08
"InletPiraniPressure",3.398285E-02
"Depletion Factor",.96
"Balance End","13/02/19 22:46:59"
"Water Trap Temperature Hot",-195.1766
"Water Trap Temperature Cold",-195.1766
"DP Version",25
"Num Gas Cycles ",1
"UseFrontHeightThreshold(1)",#TRUE#
"FrontHeightThreshold(1)",2
"UseBackHeightThreshold(1)",#TRUE#
"BackHeightThreshold(1)",2.7
"UsePeakWidthLimit(1)",#FALSE#
"PeakWidthLimit(1)",6
"RefGasFrontHeightThreshold(1)",40
"RefGasBackHeightThreshold(1)",10
"Measure_Elemental_Comp",#TRUE#
"Use_TCD_For_Elem_Calcs",#FALSE#
"Sample_Name","PD4 148 L GREY"
"Sample_Type","Sam"
"Sample_Weight",106
"Sample_Vial",12
"Standard_Type",""
"NoAnalysisCycles",1
"Gas1","CO2"
"Ref Gas1","AirLiquide01"
"Analysis_Routine1","Clumped CO2 Iterative"
"ZeroWidth1",10
"NoZeros1",1
"ZeroTime1",10
"Delta wrt Std 1",#FALSE#
"AllowLinearityCorrection",#FALSE#
"Num Collectors",6
"LinearityFactor(Cent)",52880.39
"LinearityFactor(Low2)",18007.61
"LinearityFactor(Low4)",-132.1419
"LinearityFactor()",.9804096
"LinearityFactor()",-79.65973
"LinearityFactor()",0
"UseH3Factor",#FALSE#
"H3Factor",0
"Axial Mass",46
"Anal Start",0
"Anal End",0
"Calc Linearity Correction from Ref Peaks",#FALSE#
"Temperature",25
"Std Temperature",25
"A_Factor",1.01025
"K_Factor",.04
"TemperatureCorrectionEnabled",#FALSE#
"GC ZeroMethod","Lowest Peak Limit"
"GC AllowZeroToCutPoints",#FALSE#
"GC UseIsotopicShift",#TRUE#
"GC InterpolatePeakHeight",#TRUE#
"GC NumZeroPoints",10
"GC Min Peak Height",.0000000001
"GC No UserPeaks",0
"SmoothingInterval",10
"DropFactor",1
"GradientRejectfactor",10
"SectionSize",100
"BackgroundStartTime",1
"CutOffTime",1000
"UseNewBackgroundCalcn",#FALSE#
"GC Label File","None.lab"
"GC No User Defined Background Points",0
"GC No Auto-detected Peaks to be Removed",0
"GC No Auto-calculated Background Points to Remove",0
"GC Std Peak In Sample",#FALSE#
"GC Std Peak Time",0
"Max Gap For Grouping EA Ref Pulses",20
"Group EA Ref Peaks",#FALSE#
"Use Defined Peak Limits (1)",#FALSE#
"Peak Start (1)",0
"Peak End (1)",0
"DP Version",25
"Num Gas Cycles ",1
"UseFrontHeightThreshold(1)",#TRUE#
"FrontHeightThreshold(1)",2
"UseBackHeightThreshold(1)",#TRUE#
"BackHeightThreshold(1)",2.7
"UsePeakWidthLimit(1)",#FALSE#
"PeakWidthLimit(1)",6
"RefGasFrontHeightThreshold(1)",40
"RefGasBackHeightThreshold(1)",10
"Measure_Elemental_Comp",#TRUE#
"Use_TCD_For_Elem_Calcs",#FALSE#
"Sample_Name","PD4 148 L GREY"
"Sample_Type","Sam"
"Sample_Weight",106
"Sample_Vial",12
"Standard_Type",""
"NoAnalysisCycles",1
"Gas1","CO2"
"Ref Gas1","AirLiquide01"
"Analysis_Routine1","Clumped CO2 Iterative"
"ZeroWidth1",10
"NoZeros1",1
"ZeroTime1",10
"Delta wrt Std 1",#FALSE#
"AllowLinearityCorrection",#FALSE#
"Num Collectors",6
"LinearityFactor(Cent)",52880.39
"LinearityFactor(Low2)",18007.61
"LinearityFactor(Low4)",-132.1419
"LinearityFactor()",.9804096
"LinearityFactor()",-79.65973
"LinearityFactor()",0
"UseH3Factor",#FALSE#
"H3Factor",0
"Axial Mass",46
"Anal Start",0
"Anal End",0
"Calc Linearity Correction from Ref Peaks",#FALSE#
"Temperature",25
"Std Temperature",25
"A_Factor",1.01025
"K_Factor",.04
"TemperatureCorrectionEnabled",#FALSE#
"GC ZeroMethod","Lowest Peak Limit"
"GC AllowZeroToCutPoints",#FALSE#
"GC UseIsotopicShift",#TRUE#
"GC InterpolatePeakHeight",#TRUE#
"GC NumZeroPoints",10
"GC Min Peak Height",.0000000001
"GC No UserPeaks",0
"SmoothingInterval",10
"DropFactor",1
"GradientRejectfactor",10
"SectionSize",100
"BackgroundStartTime",1
"CutOffTime",1000
"UseNewBackgroundCalcn",#FALSE#
"GC Label File","None.lab"
"GC No User Defined Background Points",0
"GC No Auto-detected Peaks to be Removed",0
"GC No Auto-calculated Background Points to Remove",0
"GC Std Peak In Sample",#FALSE#
"GC Std Peak Time",0
"Max Gap For Grouping EA Ref Pulses",20
"Group EA Ref Peaks",#FALSE#
"Use Defined Peak Limits (1)",#FALSE#
"Peak Start (1)",0
"Peak End (1)",0
"End of Data file"


