"Clumped CO2 Iterative Analysis,         Data File Version 10"
"Started analysis at 9:51:09 AM on the Thursday, February 14, 2019"
"UTC FileTimeLow",-1200804736," UTC FileTimeHigh",30721140
"Time Zone ","Eastern Daylight Time"
"CO Disabled",#FALSE#
"Persective Instrument","PS019"
"User logged in",#FALSE#
"Software Version","Stable 1.69.5"
"Axial Mass is :",46
"No_C_O_Cycles",6
"Num Blocks",1
0
-1
-1
-1
-1
0
-1
0
-1
0
"Sample Name is ","ETH-02"
Zero Data
-1.103912446209E-13, -5.731045859777E-14, -6.052911095250E-14, -3.235820052389E-14, 1.095772839057E-13, 3.796223470125E-12, Measured at start of run
Individual Data
No_C_O_Cycles                6 
Cycle_Length   20 
Zero_Measurement_Length      20 
Axial_Mass     46 
 Gas          Bla
0.000000E+00  -1.102139E-13 -1.102425E-13 -1.105035E-13 -1.105643E-13 -1.104249E-13 -1.103355E-13 -1.103712E-13 -1.104356E-13 -1.104034E-13 -1.102711E-13 -1.100493E-13 -1.101674E-13 -1.103963E-13 -1.103569E-13 -1.105143E-13 -1.105429E-13 -1.104749E-13 -1.106681E-13 -1.105035E-13 -1.103855E-13
0.000000E+00  -5.725628E-14 -5.732065E-14 -5.730635E-14 -5.734211E-14 -5.737429E-14 -5.719906E-14 -5.715614E-14 -5.714899E-14 -5.719906E-14 -5.729562E-14 -5.733496E-14 -5.728489E-14 -5.751019E-14 -5.741721E-14 -5.734211E-14 -5.728489E-14 -5.732781E-14 -5.732781E-14 -5.745297E-14 -5.732781E-14
0.000000E+00  -6.052857E-14 -6.045705E-14 -6.053572E-14 -6.049997E-14 -6.052500E-14 -6.052142E-14 -6.049281E-14 -6.047136E-14 -6.055361E-14 -6.047493E-14 -6.049997E-14 -6.037479E-14 -6.051427E-14 -6.060725E-14 -6.065017E-14 -6.059295E-14 -6.061441E-14 -6.053930E-14 -6.052500E-14 -6.060368E-14
0.000000E+00  -3.211501E-14 -3.215078E-14 -3.147129E-14 -3.204349E-14 -3.240112E-14 -3.161433E-14 -3.232959E-14 -3.204349E-14 -3.272298E-14 -3.200773E-14 -3.254417E-14 -3.197196E-14 -3.275875E-14 -3.247264E-14 -3.279451E-14 -3.318790E-14 -3.268722E-14 -3.236535E-14 -3.261569E-14 -3.286603E-14
0.000000E+00  1.112224E-13  1.140834E-13  1.119376E-13  1.101495E-13  1.087190E-13  1.097919E-13  1.119376E-13  1.101495E-13  1.097919E-13  1.094342E-13  1.097919E-13  1.101495E-13  1.076461E-13  1.072885E-13  1.083614E-13  1.076461E-13  1.076461E-13  1.090766E-13  1.087190E-13  1.080037E-13
0.000000E+00  3.987555E-12  3.969673E-12  3.880266E-12  3.987555E-12  3.933910E-12  3.790859E-12  3.862385E-12  3.844503E-12  3.916029E-12  3.790859E-12  3.790859E-12  3.755096E-12  3.719333E-12  3.612045E-12  3.683570E-12  3.755096E-12  3.737215E-12  3.665689E-12  3.612045E-12  3.629926E-12
Gas           Ref
0.000000E+00  -1.098312E-13 -1.097847E-13 -1.097776E-13 -1.098348E-13 -1.098097E-13 -1.099242E-13 -1.098062E-13 -1.098133E-13 -1.097454E-13 -1.097740E-13 -1.098097E-13 -1.097275E-13 -1.097382E-13 -1.096917E-13 -1.098205E-13 -1.099885E-13 -1.097275E-13 -1.096631E-13 -1.098276E-13 -1.099135E-13
0.000000E+00  -1.263143E-14 -1.274945E-14 -1.288534E-14 -1.277806E-14 -1.265289E-14 -1.270295E-14 -1.276375E-14 -1.282097E-14 -1.263500E-14 -1.272441E-14 -1.275302E-14 -1.274229E-14 -1.276375E-14 -1.283170E-14 -1.263500E-14 -1.265646E-14 -1.292111E-14 -1.290680E-14 -1.284601E-14 -1.271011E-14
0.000000E+00  4.116372E-13  4.110972E-13  4.099492E-13  4.101030E-13  4.103426E-13  4.108969E-13  4.105679E-13  4.104928E-13  4.105393E-13  4.108433E-13  4.102282E-13  4.102961E-13  4.104177E-13  4.100100E-13  4.096845E-13  4.100887E-13  4.085795E-13  4.085151E-13  4.085688E-13  4.097883E-13
0.000000E+00  4.049653E-11  4.038935E-11  4.037107E-11  4.039350E-11  4.046241E-11  4.047468E-11  4.033099E-11  4.042958E-11  4.044850E-11  4.042314E-11  4.037787E-11  4.040462E-11  4.039146E-11  4.037125E-11  4.038341E-11  4.037848E-11  4.022094E-11  4.026779E-11  4.029798E-11  4.038710E-11
0.000000E+00  1.156820E-10  1.154088E-10  1.153244E-10  1.153963E-10  1.155944E-10  1.156337E-10  1.152257E-10  1.155082E-10  1.155500E-10  1.154989E-10  1.153619E-10  1.154385E-10  1.153970E-10  1.153322E-10  1.153644E-10  1.153687E-10  1.149109E-10  1.150340E-10  1.150991E-10  1.154005E-10
0.000000E+00  9.685234E-09  9.662291E-09  9.655193E-09  9.660987E-09  9.677669E-09  9.682372E-09  9.646913E-09  9.669820E-09  9.674523E-09  9.669766E-09  9.657929E-09  9.665117E-09  9.661719E-09  9.655836E-09  9.658608E-09  9.659860E-09  9.620146E-09  9.629944E-09  9.636328E-09  9.661398E-09
Gas           Sam
0.000000E+00  -1.064266E-13 -1.064087E-13 -1.063121E-13 -1.062299E-13 -1.061584E-13 -1.061727E-13 -1.061298E-13 -1.058830E-13 -1.058579E-13 -1.059402E-13 -1.058258E-13 -1.056970E-13 -1.054860E-13 -1.054860E-13 -1.056112E-13 -1.056255E-13 -1.055182E-13 -1.053930E-13 -1.053179E-13 -1.053251E-13
0.000000E+00  -1.217724E-14 -1.237036E-14 -1.228811E-14 -1.215578E-14 -1.225234E-14 -1.210214E-14 -1.216294E-14 -1.218082E-14 -1.208426E-14 -1.199843E-14 -1.214863E-14 -1.228095E-14 -1.236678E-14 -1.210572E-14 -1.198054E-14 -1.214505E-14 -1.230241E-14 -1.235248E-14 -1.231314E-14 -1.232387E-14
0.000000E+00  4.138545E-13  4.134468E-13  4.140548E-13  4.150669E-13  4.155103E-13  4.153530E-13  4.153387E-13  4.157213E-13  4.159538E-13  4.158465E-13  4.160575E-13  4.160575E-13  4.152493E-13  4.153029E-13  4.156820E-13  4.152135E-13  4.144160E-13  4.144410E-13  4.145697E-13  4.160575E-13
0.000000E+00  4.047053E-11  4.040237E-11  4.046460E-11  4.050816E-11  4.051631E-11  4.052256E-11  4.052124E-11  4.051817E-11  4.051044E-11  4.050501E-11  4.051885E-11  4.042998E-11  4.040423E-11  4.042833E-11  4.045612E-11  4.028689E-11  4.028403E-11  4.030298E-11  4.035827E-11  4.045937E-11
0.000000E+00  1.153662E-10  1.151624E-10  1.153294E-10  1.154585E-10  1.154860E-10  1.155085E-10  1.154928E-10  1.154878E-10  1.154728E-10  1.154445E-10  1.155007E-10  1.152546E-10  1.151752E-10  1.152300E-10  1.153026E-10  1.148462E-10  1.148190E-10  1.148755E-10  1.150325E-10  1.153276E-10
0.000000E+00  9.725306E-09  9.707835E-09  9.722034E-09  9.733728E-09  9.735570E-09  9.737698E-09  9.736696E-09  9.735945E-09  9.734855E-09  9.733263E-09  9.737107E-09  9.716437E-09  9.709642E-09  9.714058E-09  9.719959E-09  9.681639E-09  9.679028E-09  9.684018E-09  9.697375E-09  9.723268E-09
Gas           Ref
0.000000E+00  -1.097525E-13 -1.096166E-13 -1.097704E-13 -1.096953E-13 -1.095022E-13 -1.096417E-13 -1.097740E-13 -1.097561E-13 -1.096202E-13 -1.097418E-13 -1.097883E-13 -1.099313E-13 -1.095773E-13 -1.096989E-13 -1.097704E-13 -1.100350E-13 -1.098419E-13 -1.097489E-13 -1.097168E-13 -1.097454E-13
0.000000E+00  -1.317502E-14 -1.336457E-14 -1.328231E-14 -1.311065E-14 -1.324297E-14 -1.319648E-14 -1.334668E-14 -1.316072E-14 -1.328946E-14 -1.337887E-14 -1.332880E-14 -1.319648E-14 -1.353623E-14 -1.328946E-14 -1.320721E-14 -1.314641E-14 -1.308919E-14 -1.317860E-14 -1.327516E-14 -1.317860E-14
0.000000E+00  4.049496E-13  4.042558E-13  4.045526E-13  4.048208E-13  4.049782E-13  4.046635E-13  4.046528E-13  4.048816E-13  4.045276E-13  4.030792E-13  4.032294E-13  4.034046E-13  4.028217E-13  4.032973E-13  4.040305E-13  4.042808E-13  4.039983E-13  4.041950E-13  4.041735E-13  4.042772E-13
0.000000E+00  3.999285E-11  3.986178E-11  3.993599E-11  3.996663E-11  3.995815E-11  3.992883E-11  3.994110E-11  3.996106E-11  3.980094E-11  3.978052E-11  3.981214E-11  3.983295E-11  3.977913E-11  3.985416E-11  3.988012E-11  3.988967E-11  3.989457E-11  3.990011E-11  3.989729E-11  3.987147E-11
0.000000E+00  1.142629E-10  1.138706E-10  1.140855E-10  1.141882E-10  1.141585E-10  1.140956E-10  1.141249E-10  1.141542E-10  1.137272E-10  1.136428E-10  1.137419E-10  1.138159E-10  1.136281E-10  1.138559E-10  1.139368E-10  1.139732E-10  1.139629E-10  1.139768E-10  1.139872E-10  1.139039E-10
0.000000E+00  9.567287E-09  9.533224E-09  9.551713E-09  9.559849E-09  9.557828E-09  9.551534E-09  9.554896E-09  9.556845E-09  9.521833E-09  9.514073E-09  9.522209E-09  9.528449E-09  9.513053E-09  9.532079E-09  9.538660E-09  9.541753E-09  9.541467E-09  9.543040E-09  9.543702E-09  9.537712E-09
Gas           Sam
0.000000E+00  -1.064087E-13 -1.063372E-13 -1.062299E-13 -1.061941E-13 -1.061834E-13 -1.062192E-13 -1.059938E-13 -1.059044E-13 -1.057864E-13 -1.058544E-13 -1.060082E-13 -1.058830E-13 -1.055790E-13 -1.054860E-13 -1.056326E-13 -1.055397E-13 -1.054324E-13 -1.055397E-13 -1.056470E-13 -1.054360E-13
0.000000E+00  -1.253844E-14 -1.253844E-14 -1.253844E-14 -1.263143E-14 -1.263858E-14 -1.272441E-14 -1.263858E-14 -1.256348E-14 -1.258494E-14 -1.248480E-14 -1.272084E-14 -1.273156E-14 -1.258136E-14 -1.267077E-14 -1.278163E-14 -1.276733E-14 -1.297833E-14 -1.286746E-14 -1.271726E-14 -1.276018E-14
0.000000E+00  4.091767E-13  4.096667E-13  4.099814E-13  4.103069E-13  4.095165E-13  4.087083E-13  4.091159E-13  4.098527E-13  4.097024E-13  4.101352E-13  4.102926E-13  4.108969E-13  4.111401E-13  4.109935E-13  4.094056E-13  4.093055E-13  4.097847E-13  4.093305E-13  4.093091E-13  4.099921E-13
0.000000E+00  4.009835E-11  4.009484E-11  4.011455E-11  4.007002E-11  3.996098E-11  3.993355E-11  3.999761E-11  4.003301E-11  4.002257E-11  4.003869E-11  4.004442E-11  4.006069E-11  4.005150E-11  4.003397E-11  3.982641E-11  3.986485E-11  3.995065E-11  3.984404E-11  3.990058E-11  3.995100E-11
0.000000E+00  1.142833E-10  1.142923E-10  1.143384E-10  1.142021E-10  1.139053E-10  1.138141E-10  1.139829E-10  1.141303E-10  1.140609E-10  1.141220E-10  1.141235E-10  1.141857E-10  1.141707E-10  1.141202E-10  1.135473E-10  1.136163E-10  1.138917E-10  1.135520E-10  1.137379E-10  1.138685E-10
0.000000E+00  9.634987E-09  9.634862E-09  9.638760E-09  9.628228E-09  9.602585E-09  9.594861E-09  9.609220E-09  9.621111E-09  9.615729E-09  9.620932E-09  9.621057E-09  9.625599E-09  9.624920E-09  9.620789E-09  9.571651E-09  9.578267E-09  9.601173E-09  9.572759E-09  9.587100E-09  9.599421E-09
Gas           Ref
0.000000E+00  -1.096166E-13 -1.098705E-13 -1.099456E-13 -1.098133E-13 -1.098062E-13 -1.096881E-13 -1.097990E-13 -1.099671E-13 -1.099063E-13 -1.098813E-13 -1.098312E-13 -1.098670E-13 -1.099385E-13 -1.098527E-13 -1.098026E-13 -1.098383E-13 -1.097847E-13 -1.098276E-13 -1.096810E-13 -1.097633E-13
0.000000E+00  -1.379372E-14 -1.371504E-14 -1.375796E-14 -1.372577E-14 -1.369358E-14 -1.381160E-14 -1.371504E-14 -1.374365E-14 -1.397611E-14 -1.399042E-14 -1.412631E-14 -1.401187E-14 -1.383306E-14 -1.385452E-14 -1.407267E-14 -1.405837E-14 -1.416208E-14 -1.398684E-14 -1.409055E-14 -1.405121E-14
0.000000E+00  3.984300E-13  3.986446E-13  3.986553E-13  3.989057E-13  3.989414E-13  3.991453E-13  3.989379E-13  3.986982E-13  3.974215E-13  3.969495E-13  3.968279E-13  3.975538E-13  3.983155E-13  3.977255E-13  3.967992E-13  3.968672E-13  3.975681E-13  3.974787E-13  3.961412E-13  3.963450E-13
0.000000E+00  3.944199E-11  3.940880E-11  3.943019E-11  3.944289E-11  3.943853E-11  3.944035E-11  3.945054E-11  3.936528E-11  3.922652E-11  3.925438E-11  3.928650E-11  3.935348E-11  3.938084E-11  3.920102E-11  3.921755E-11  3.926733E-11  3.935223E-11  3.922198E-11  3.918754E-11  3.922538E-11
0.000000E+00  1.126733E-10  1.126010E-10  1.126550E-10  1.126797E-10  1.126804E-10  1.126797E-10  1.127030E-10  1.124827E-10  1.120671E-10  1.121672E-10  1.122359E-10  1.124251E-10  1.125134E-10  1.120052E-10  1.120413E-10  1.121801E-10  1.124204E-10  1.120746E-10  1.119476E-10  1.120739E-10
0.000000E+00  9.433356E-09  9.427491E-09  9.431496E-09  9.433678E-09  9.433427E-09  9.433964E-09  9.435967E-09  9.417638E-09  9.382197E-09  9.389868E-09  9.396109E-09  9.412363E-09  9.419909E-09  9.376940E-09  9.379908E-09  9.391585E-09  9.412148E-09  9.383163E-09  9.371987E-09  9.382662E-09
Gas           Sam
0.000000E+00  -1.066304E-13 -1.063193E-13 -1.062513E-13 -1.061941E-13 -1.062120E-13 -1.063086E-13 -1.060940E-13 -1.059545E-13 -1.059831E-13 -1.058973E-13 -1.059188E-13 -1.059295E-13 -1.057793E-13 -1.057614E-13 -1.058579E-13 -1.058293E-13 -1.057185E-13 -1.056577E-13 -1.056148E-13 -1.056577E-13
0.000000E+00  -1.318933E-14 -1.309634E-14 -1.307489E-14 -1.294257E-14 -1.290323E-14 -1.288177E-14 -1.308562E-14 -1.292826E-14 -1.300694E-14 -1.320006E-14 -1.310707E-14 -1.305343E-14 -1.321436E-14 -1.327873E-14 -1.313568E-14 -1.307846E-14 -1.309277E-14 -1.311780E-14 -1.304628E-14 -1.331807E-14
0.000000E+00  4.035047E-13  4.032830E-13  4.034654E-13  4.045133E-13  4.050676E-13  4.054860E-13  4.060117E-13  4.059259E-13  4.058115E-13  4.048387E-13  4.047314E-13  4.048745E-13  4.042629E-13  4.040984E-13  4.040698E-13  4.047886E-13  4.051963E-13  4.054753E-13  4.052715E-13  4.039125E-13
0.000000E+00  3.955257E-11  3.956791E-11  3.962331E-11  3.964391E-11  3.964927E-11  3.964863E-11  3.964845E-11  3.963404E-11  3.963540E-11  3.951155E-11  3.954681E-11  3.957603E-11  3.942318E-11  3.944328E-11  3.946363E-11  3.954800E-11  3.956312E-11  3.957249E-11  3.955422E-11  3.936814E-11
0.000000E+00  1.127469E-10  1.127773E-10  1.129279E-10  1.129916E-10  1.130216E-10  1.130227E-10  1.130080E-10  1.129776E-10  1.129941E-10  1.126253E-10  1.127276E-10  1.128124E-10  1.123825E-10  1.124229E-10  1.124948E-10  1.127248E-10  1.127655E-10  1.128013E-10  1.127537E-10  1.122187E-10
0.000000E+00  9.504738E-09  9.506902E-09  9.519616E-09  9.525195E-09  9.528485E-09  9.527895E-09  9.526840E-09  9.524443E-09  9.525928E-09  9.494564E-09  9.502664E-09  9.510496E-09  9.474340E-09  9.477272E-09  9.482637E-09  9.502557E-09  9.507260E-09  9.509764E-09  9.505186E-09  9.459838E-09
Gas           Ref
0.000000E+00  -1.097561E-13 -1.097811E-13 -1.097633E-13 -1.099063E-13 -1.099778E-13 -1.097990E-13 -1.098527E-13 -1.098348E-13 -1.099313E-13 -1.099850E-13 -1.098276E-13 -1.098491E-13 -1.098527E-13 -1.096595E-13 -1.096953E-13 -1.097525E-13 -1.097811E-13 -1.098777E-13 -1.097454E-13 -1.100708E-13
0.000000E+00  -1.427652E-14 -1.434089E-14 -1.429798E-14 -1.419426E-14 -1.429798E-14 -1.431586E-14 -1.455189E-14 -1.454474E-14 -1.445176E-14 -1.444103E-14 -1.431586E-14 -1.434804E-14 -1.440169E-14 -1.452686E-14 -1.438381E-14 -1.428367E-14 -1.440526E-14 -1.448037E-14 -1.457693E-14 -1.460196E-14
0.000000E+00  3.920929E-13  3.924719E-13  3.928689E-13  3.931908E-13  3.932802E-13  3.928081E-13  3.913812E-13  3.911773E-13  3.920106E-13  3.910808E-13  3.910843E-13  3.915957E-13  3.916959E-13  3.914956E-13  3.920428E-13  3.924254E-13  3.922001E-13  3.922752E-13  3.917066E-13  3.907660E-13
0.000000E+00  3.883492E-11  3.889532E-11  3.892654E-11  3.893023E-11  3.890923E-11  3.890244E-11  3.871669E-11  3.876937E-11  3.883563E-11  3.872212E-11  3.878081E-11  3.883467E-11  3.884439E-11  3.880216E-11  3.885301E-11  3.886521E-11  3.886292E-11  3.886260E-11  3.874226E-11  3.871722E-11
0.000000E+00  1.109338E-10  1.111197E-10  1.112084E-10  1.112260E-10  1.111716E-10  1.111587E-10  1.106273E-10  1.107539E-10  1.109813E-10  1.106380E-10  1.107997E-10  1.109570E-10  1.109688E-10  1.108655E-10  1.110139E-10  1.110389E-10  1.110514E-10  1.110353E-10  1.107002E-10  1.106162E-10
0.000000E+00  9.287175E-09  9.302947E-09  9.310583E-09  9.312030E-09  9.307703E-09  9.306630E-09  9.261891E-09  9.272101E-09  9.291503E-09  9.261659E-09  9.276160E-09  9.289375E-09  9.290269E-09  9.281793E-09  9.294185E-09  9.296707E-09  9.297654E-09  9.297081E-09  9.268275E-09  9.260622E-09
Gas           Sam
0.000000E+00  -1.066590E-13 -1.066483E-13 -1.063872E-13 -1.062335E-13 -1.062764E-13 -1.062692E-13 -1.061512E-13 -1.061405E-13 -1.061548E-13 -1.059295E-13 -1.059795E-13 -1.060546E-13 -1.059938E-13 -1.060117E-13 -1.058579E-13 -1.057757E-13 -1.057936E-13 -1.057971E-13 -1.058579E-13 -1.057471E-13
0.000000E+00  -1.379730E-14 -1.377584E-14 -1.356126E-14 -1.351477E-14 -1.371862E-14 -1.372935E-14 -1.372577E-14 -1.387597E-14 -1.376869E-14 -1.375080E-14 -1.345755E-14 -1.345397E-14 -1.353980E-14 -1.361133E-14 -1.356841E-14 -1.359703E-14 -1.371147E-14 -1.375080E-14 -1.385809E-14 -1.373650E-14
0.000000E+00  3.992561E-13  3.994743E-13  3.997174E-13  3.998212E-13  3.988699E-13  3.983549E-13  3.988198E-13  3.985123E-13  3.987948E-13  3.992668E-13  3.994814E-13  3.996781E-13  3.999034E-13  4.006223E-13  4.001788E-13  3.987197E-13  3.985516E-13  3.994385E-13  3.986267E-13  3.987268E-13
0.000000E+00  3.922785E-11  3.923242E-11  3.924512E-11  3.916619E-11  3.903155E-11  3.906026E-11  3.912331E-11  3.902750E-11  3.911687E-11  3.915539E-11  3.915882E-11  3.917170E-11  3.917381E-11  3.917188E-11  3.905715E-11  3.896377E-11  3.899814E-11  3.901151E-11  3.897658E-11  3.905353E-11
0.000000E+00  1.118196E-10  1.118311E-10  1.118733E-10  1.116791E-10  1.112413E-10  1.113347E-10  1.115278E-10  1.112413E-10  1.114924E-10  1.116029E-10  1.116301E-10  1.116623E-10  1.116719E-10  1.116633E-10  1.113636E-10  1.110582E-10  1.111744E-10  1.112252E-10  1.110933E-10  1.113229E-10
0.000000E+00  9.426919E-09  9.427097E-09  9.431317E-09  9.414920E-09  9.377119E-09  9.385523E-09  9.401867E-09  9.377906E-09  9.399167E-09  9.408054E-09  9.410020E-09  9.413150E-09  9.414652E-09  9.413401E-09  9.387490E-09  9.361973E-09  9.371862E-09  9.376135E-09  9.364816E-09  9.384611E-09
Gas           Ref
0.000000E+00  -1.098527E-13 -1.097847E-13 -1.097847E-13 -1.097776E-13 -1.098169E-13 -1.098598E-13 -1.097811E-13 -1.097454E-13 -1.097025E-13 -1.097811E-13 -1.098705E-13 -1.098562E-13 -1.100100E-13 -1.099063E-13 -1.098097E-13 -1.098240E-13 -1.098741E-13 -1.097025E-13 -1.097203E-13 -1.096202E-13
0.000000E+00  -1.493455E-14 -1.514555E-14 -1.500966E-14 -1.499535E-14 -1.493813E-14 -1.490594E-14 -1.488806E-14 -1.496674E-14 -1.494528E-14 -1.494886E-14 -1.497032E-14 -1.498820E-14 -1.494886E-14 -1.490237E-14 -1.504184E-14 -1.503111E-14 -1.511337E-14 -1.510264E-14 -1.506330E-14 -1.506688E-14
0.000000E+00  3.860382E-13  3.853480E-13  3.859738E-13  3.853587E-13  3.856054E-13  3.860418E-13  3.863136E-13  3.862957E-13  3.850261E-13  3.847758E-13  3.851513E-13  3.857450E-13  3.860632E-13  3.856842E-13  3.858772E-13  3.859202E-13  3.859989E-13  3.845218E-13  3.836850E-13  3.840820E-13
0.000000E+00  3.823135E-11  3.827112E-11  3.834504E-11  3.823524E-11  3.829590E-11  3.834965E-11  3.832805E-11  3.826014E-11  3.819770E-11  3.823840E-11  3.830710E-11  3.832555E-11  3.833388E-11  3.831811E-11  3.832212E-11  3.832251E-11  3.831704E-11  3.809988E-11  3.813583E-11  3.823986E-11
0.000000E+00  1.092458E-10  1.093319E-10  1.095590E-10  1.092515E-10  1.094196E-10  1.095701E-10  1.095072E-10  1.093298E-10  1.091592E-10  1.092486E-10  1.094453E-10  1.095251E-10  1.095354E-10  1.094847E-10  1.095040E-10  1.095000E-10  1.094836E-10  1.088610E-10  1.089489E-10  1.092629E-10
0.000000E+00  9.146324E-09  9.153744E-09  9.172823E-09  9.146091E-09  9.160343E-09  9.172699E-09  9.168783E-09  9.153136E-09  9.137633E-09  9.145912E-09  9.163382E-09  9.168890E-09  9.170356E-09  9.166565E-09  9.167728E-09  9.167084E-09  9.166512E-09  9.113708E-09  9.120432E-09  9.147361E-09
Gas           Sam
0.000000E+00  -1.067270E-13 -1.066483E-13 -1.065589E-13 -1.063229E-13 -1.063050E-13 -1.061798E-13 -1.062227E-13 -1.061262E-13 -1.061476E-13 -1.061762E-13 -1.060403E-13 -1.059009E-13 -1.059116E-13 -1.059080E-13 -1.060332E-13 -1.060761E-13 -1.061440E-13 -1.057471E-13 -1.059044E-13 -1.058365E-13
0.000000E+00  -1.411201E-14 -1.412631E-14 -1.401545E-14 -1.398326E-14 -1.416565E-14 -1.395823E-14 -1.403333E-14 -1.409770E-14 -1.414777E-14 -1.418711E-14 -1.428725E-14 -1.432301E-14 -1.419069E-14 -1.413347E-14 -1.440884E-14 -1.427294E-14 -1.428009E-14 -1.406194E-14 -1.419784E-14 -1.419069E-14
0.000000E+00  3.933481E-13  3.942028E-13  3.942565E-13  3.944174E-13  3.949467E-13  3.947107E-13  3.938559E-13  3.942672E-13  3.936199E-13  3.934304E-13  3.936127E-13  3.943995E-13  3.946070E-13  3.945819E-13  3.938023E-13  3.937844E-13  3.948681E-13  3.943781E-13  3.934626E-13  3.937415E-13
0.000000E+00  3.873461E-11  3.877713E-11  3.876836E-11  3.878492E-11  3.878871E-11  3.873550E-11  3.866290E-11  3.871519E-11  3.856999E-11  3.860353E-11  3.863994E-11  3.871633E-11  3.870209E-11  3.861251E-11  3.855750E-11  3.860525E-11  3.870213E-11  3.852071E-11  3.854807E-11  3.862682E-11
0.000000E+00  1.104166E-10  1.105289E-10  1.105111E-10  1.105518E-10  1.105590E-10  1.104123E-10  1.102046E-10  1.103598E-10  1.099363E-10  1.100372E-10  1.101409E-10  1.103533E-10  1.103219E-10  1.100826E-10  1.098970E-10  1.100243E-10  1.103118E-10  1.098126E-10  1.098659E-10  1.100858E-10
0.000000E+00  9.307989E-09  9.317878E-09  9.316197E-09  9.320167E-09  9.320578E-09  9.308294E-09  9.290591E-09  9.303680E-09  9.267774E-09  9.275356E-09  9.284493E-09  9.302303E-09  9.300247E-09  9.280041E-09  9.264645E-09  9.274730E-09  9.299675E-09  9.257064E-09  9.261909E-09  9.280487E-09
Gas           Ref
0.000000E+00  -1.098598E-13 -1.097633E-13 -1.097597E-13 -1.097919E-13 -1.098419E-13 -1.098026E-13 -1.098527E-13 -1.097883E-13 -1.098491E-13 -1.098205E-13 -1.098634E-13 -1.099921E-13 -1.098991E-13 -1.100851E-13 -1.098956E-13 -1.099993E-13 -1.100780E-13 -1.100672E-13 -1.099921E-13 -1.099170E-13
0.000000E+00  -1.562835E-14 -1.557828E-14 -1.576425E-14 -1.566412E-14 -1.571061E-14 -1.559259E-14 -1.551034E-14 -1.569273E-14 -1.542451E-14 -1.543881E-14 -1.573564E-14 -1.585008E-14 -1.596810E-14 -1.589300E-14 -1.570703E-14 -1.565339E-14 -1.569988E-14 -1.553894E-14 -1.567127E-14 -1.568915E-14
0.000000E+00  3.809241E-13  3.802017E-13  3.792254E-13  3.803662E-13  3.800479E-13  3.799120E-13  3.801337E-13  3.802267E-13  3.801982E-13  3.804556E-13  3.796581E-13  3.785030E-13  3.787819E-13  3.785745E-13  3.782276E-13  3.785351E-13  3.790609E-13  3.795329E-13  3.796116E-13  3.797726E-13
0.000000E+00  3.789221E-11  3.773221E-11  3.774737E-11  3.789772E-11  3.780277E-11  3.783495E-11  3.784593E-11  3.785927E-11  3.786306E-11  3.786124E-11  3.769416E-11  3.765707E-11  3.779908E-11  3.763615E-11  3.766587E-11  3.773525E-11  3.776775E-11  3.777208E-11  3.778146E-11  3.777480E-11
0.000000E+00  1.082734E-10  1.078349E-10  1.078560E-10  1.082877E-10  1.080252E-10  1.080949E-10  1.081353E-10  1.081650E-10  1.081893E-10  1.081736E-10  1.077223E-10  1.076114E-10  1.079894E-10  1.075388E-10  1.076121E-10  1.078095E-10  1.079122E-10  1.079025E-10  1.079408E-10  1.079326E-10
0.000000E+00  9.064516E-09  9.027681E-09  9.029111E-09  9.066322E-09  9.043059E-09  9.049728E-09  9.052857E-09  9.056058E-09  9.057650E-09  9.056898E-09  9.018883E-09  9.008673E-09  9.040823E-09  9.003559E-09  9.008834E-09  9.025606E-09  9.034064E-09  9.033886E-09  9.037086E-09  9.035745E-09
Gas           Sam
0.000000E+00  -1.066734E-13 -1.066626E-13 -1.066411E-13 -1.065661E-13 -1.063336E-13 -1.062370E-13 -1.061691E-13 -1.063264E-13 -1.061798E-13 -1.062728E-13 -1.061262E-13 -1.060296E-13 -1.060618E-13 -1.060761E-13 -1.058186E-13 -1.059795E-13 -1.059903E-13 -1.059688E-13 -1.059581E-13 -1.058901E-13
0.000000E+00  -1.464130E-14 -1.473428E-14 -1.456262E-14 -1.461627E-14 -1.448394E-14 -1.454474E-14 -1.466276E-14 -1.470209E-14 -1.463772E-14 -1.479150E-14 -1.484157E-14 -1.465560E-14 -1.471282E-14 -1.459481E-14 -1.451255E-14 -1.445176E-14 -1.457335E-14 -1.454832E-14 -1.474143E-14 -1.471282E-14
0.000000E+00  3.873185E-13  3.878513E-13  3.887526E-13  3.894643E-13  3.898505E-13  3.892390E-13  3.881375E-13  3.879157E-13  3.887955E-13  3.883592E-13  3.884451E-13  3.894464E-13  3.897039E-13  3.896037E-13  3.895787E-13  3.897790E-13  3.899078E-13  3.907839E-13  3.899185E-13  3.894142E-13
0.000000E+00  3.823679E-11  3.829712E-11  3.834021E-11  3.834815E-11  3.833453E-11  3.823643E-11  3.816612E-11  3.818736E-11  3.831153E-11  3.814645E-11  3.821758E-11  3.826514E-11  3.827255E-11  3.826547E-11  3.824555E-11  3.827741E-11  3.828746E-11  3.828961E-11  3.814026E-11  3.818714E-11
0.000000E+00  1.090054E-10  1.091660E-10  1.092890E-10  1.093223E-10  1.092805E-10  1.090094E-10  1.087909E-10  1.088556E-10  1.092007E-10  1.087572E-10  1.089479E-10  1.090905E-10  1.091070E-10  1.090809E-10  1.090197E-10  1.091106E-10  1.091438E-10  1.091589E-10  1.087322E-10  1.088645E-10
0.000000E+00  9.188899E-09  9.202668E-09  9.213290E-09  9.215614E-09  9.213272E-09  9.189614E-09  9.170463E-09  9.176596E-09  9.205726E-09  9.168443E-09  9.183392E-09  9.196016E-09  9.197464E-09  9.195158E-09  9.190580E-09  9.198162E-09  9.201399E-09  9.202382E-09  9.166244E-09  9.177330E-09
Gas           Ref
0.000000E+00  -1.097275E-13 -1.098634E-13 -1.098920E-13 -1.098634E-13 -1.098598E-13 -1.098741E-13 -1.097382E-13 -1.097525E-13 -1.098848E-13 -1.099421E-13 -1.098991E-13 -1.100064E-13 -1.099206E-13 -1.098848E-13 -1.098705E-13 -1.099564E-13 -1.099385E-13 -1.098419E-13 -1.097275E-13 -1.097597E-13
0.000000E+00  -1.620056E-14 -1.618268E-14 -1.617552E-14 -1.620771E-14 -1.620413E-14 -1.617195E-14 -1.598240E-14 -1.592519E-14 -1.610757E-14 -1.628996E-14 -1.616479E-14 -1.619340E-14 -1.626851E-14 -1.603247E-14 -1.607181E-14 -1.608612E-14 -1.637222E-14 -1.625778E-14 -1.608612E-14 -1.617910E-14
0.000000E+00  3.745833E-13  3.739110E-13  3.733460E-13  3.739146E-13  3.748087E-13  3.750697E-13  3.748981E-13  3.750626E-13  3.746084E-13  3.730670E-13  3.731922E-13  3.727022E-13  3.730849E-13  3.736571E-13  3.739754E-13  3.738609E-13  3.725199E-13  3.726414E-13  3.731493E-13  3.723160E-13
0.000000E+00  3.736457E-11  3.721829E-11  3.724887E-11  3.730538E-11  3.734865E-11  3.736482E-11  3.738270E-11  3.737072E-11  3.723453E-11  3.716823E-11  3.725985E-11  3.714445E-11  3.720606E-11  3.727112E-11  3.727577E-11  3.722742E-11  3.710757E-11  3.721597E-11  3.715982E-11  3.711701E-11
0.000000E+00  1.067542E-10  1.063440E-10  1.064255E-10  1.065814E-10  1.067234E-10  1.067706E-10  1.068028E-10  1.067738E-10  1.064162E-10  1.061984E-10  1.064584E-10  1.061408E-10  1.063207E-10  1.064802E-10  1.065196E-10  1.063801E-10  1.060307E-10  1.063300E-10  1.062016E-10  1.060561E-10
0.000000E+00  8.937629E-09  8.902689E-09  8.909520E-09  8.922806E-09  8.934966E-09  8.938988E-09  8.942064E-09  8.939364E-09  8.909127E-09  8.890083E-09  8.913150E-09  8.885291E-09  8.900293E-09  8.914580E-09  8.917227E-09  8.906516E-09  8.875689E-09  8.901223E-09  8.891031E-09  8.878085E-09
 Gas          
0.000000E+00  0.000000E+00  0.000000E+00  0.000000E+00  0.000000E+00  0.000000E+00  0.000000E+00  0.000000E+00  0.000000E+00  0.000000E+00  0.000000E+00  0.000000E+00  0.000000E+00  0.000000E+00  0.000000E+00  0.000000E+00  0.000000E+00  0.000000E+00  0.000000E+00  0.000000E+00  0.000000E+00
0.000000E+00  0.000000E+00  0.000000E+00  0.000000E+00  0.000000E+00  0.000000E+00  0.000000E+00  0.000000E+00  0.000000E+00  0.000000E+00  0.000000E+00  0.000000E+00  0.000000E+00  0.000000E+00  0.000000E+00  0.000000E+00  0.000000E+00  0.000000E+00  0.000000E+00  0.000000E+00  0.000000E+00
0.000000E+00  0.000000E+00  0.000000E+00  0.000000E+00  0.000000E+00  0.000000E+00  0.000000E+00  0.000000E+00  0.000000E+00  0.000000E+00  0.000000E+00  0.000000E+00  0.000000E+00  0.000000E+00  0.000000E+00  0.000000E+00  0.000000E+00  0.000000E+00  0.000000E+00  0.000000E+00  0.000000E+00
0.000000E+00  0.000000E+00  0.000000E+00  0.000000E+00  0.000000E+00  0.000000E+00  0.000000E+00  0.000000E+00  0.000000E+00  0.000000E+00  0.000000E+00  0.000000E+00  0.000000E+00  0.000000E+00  0.000000E+00  0.000000E+00  0.000000E+00  0.000000E+00  0.000000E+00  0.000000E+00  0.000000E+00
0.000000E+00  0.000000E+00  0.000000E+00  0.000000E+00  0.000000E+00  0.000000E+00  0.000000E+00  0.000000E+00  0.000000E+00  0.000000E+00  0.000000E+00  0.000000E+00  0.000000E+00  0.000000E+00  0.000000E+00  0.000000E+00  0.000000E+00  0.000000E+00  0.000000E+00  0.000000E+00  0.000000E+00
0.000000E+00  0.000000E+00  0.000000E+00  0.000000E+00  0.000000E+00  0.000000E+00  0.000000E+00  0.000000E+00  0.000000E+00  0.000000E+00  0.000000E+00  0.000000E+00  0.000000E+00  0.000000E+00  0.000000E+00  0.000000E+00  0.000000E+00  0.000000E+00  0.000000E+00  0.000000E+00  0.000000E+00
End of Analysis
"H3 factor",13.13339
"Linearity factor (0)",52.88039
"Linearity factor (1)",18.00761
"Linearity factor (2)",-.1321419
"Linearity factor (3)",9.804096E-04
"Linearity factor (4)",-7.965973E-02
"Linearity factor (5)",0
"Collector Gains :",500,5000,5000,5000,500,500,50,500,1,5
"Number of deflectors available : ",33
"Source HT",8000
"Extraction V",780
"H Defl",310
"Trap",850
"Trap Voltage",24
"Repeller",4
"Filament V",-110
"Delta HP",19
"Z Lens",110
"Delta Z",130
"Max Current",3.5
"Heater Current",1
"Quad 1",120
"Cubic 1",50
"Lin 1",0
"Deflect 1 I",5
"Deflect 1 O",5
"Offset 1",0
"Offset 2",0
"Quad 2",-620
"Cubic 2",0
"Lin 2",0
"Q1 I Cor",0
"Q1 O Cor",0
"Suppressor",-100
"Mop Plate",-15
"ESA H1",790
"ESA H1 delta",0
"ESA H2",800
"ESA H2 delta",0
"ESA H3",820
"ESA H3 delta",0
"ESA HD",0
"ESA HD delta",0
"Batch Started: ","13:02:19 15:29:56"
"Data File: ","C:\Nu Stable\Results\2019\201902013 standard PD4 BSS WNI ZE NTA\Data_9305 ETH-02.txt"
"Sample Name: ","ETH-02"
"Sample Weight: ",80
"Sample Type: ","Sam"
"Vial Number: ",29
"Sam Beam First CO: ","9.714477e-09"
"Sam Beam Last CO: ","9.188839e-09"
"Ref Beam First CO: ","9.655786e-09"
"Ref Beam Second CO: ","9.536764e-09"
"Ref BeamLast CO: ","8.906720e-09"
"Sam Depletion: ","5 %"
"Ref Depletion: ","8 %"
"Observed CP Temperature: ",70.254
"Std Dev: ","0.000e00"
"Min: ","70.254"
"Max: ","70.254"
"Ave Started: ","14:02:19 09:09:05"
"Ave Stopped: ","14:02:19 09:10:40"
"Num: ",4
"Current Mass: ",46.02691
"Method File Name","C:\Nu Stable\Analyses\DI\040216 12-12-20 6 collectors.rdf"
"Version 6"
"Analysis Type","DI"
"Analysis Calculation Routine ","Clumped CO2 Iterative"
"Gas ID ","CO2"
"Ref Gas Identifier ","AirLiquide01"
"Centring collector ",8
"Num of Ref/Sam cycles ",6
"Cycles length(secs) ",20
"C/O valve stabilisation time ",12
"Offset for zero measurement(amu) ",0
"Zero measurement time ",20
"Spare",0
"Spare",0
0
-1
-1
-1
-1
0
-1
0
-1
0
"Num Clumped Blocks","1"
"Do zero at start of block",#FALSE#
"Balance beams",#FALSE#
"Mag Hysteresis Offset",.001
"Apply Hysteresis Offset",#FALSE#
"Target Beam (A) ",.00000005
"Use CF with Bellows ",#FALSE#
"DI Auto Gas balancing: ","True"
"Pirani pressure",3.176602E-02
"Cold finger status","CF"
"Inlet transducer pressure",3.082171
"Sample operations:  InitialisePrepSampleRun; CheckIfCFRequired; UseCF; SampleTrapped; BalanceRefToSamValue; DepletingBalance; SampleReady;"
"Number of sample chops",0
"Number of sample double chops",0
"Run from bellows",#FALSE#
"Max sample pump-over pressure (mBar)","0.000000e00"
"Max sample pump-over pressure (raw)",0
"Pre-balance Sam Beam","1.000502e-08"
"Min ref beam","3.482476e-09"
"Max ref beam","2.116436e-08"
"Ref bellows position",3588
"Sam bellows position",8446
"Balance %",.3791006
"Initial Sam Beam","1.040230e-08"
"Final Ref Beam","1.002789e-08"
"Final Sam Beam","1.006591e-08"
"Pre-depleted Ref Beam",1.00716E-08
"InletPiraniPressure",3.176602E-02
"Depletion Factor",.96
"Balance End","14/02/19 09:50:36"
"Water Trap Temperature Hot",-195.1766
"Water Trap Temperature Cold",-195.1766
"DP Version",25
"Num Gas Cycles ",1
"UseFrontHeightThreshold(1)",#TRUE#
"FrontHeightThreshold(1)",2
"UseBackHeightThreshold(1)",#TRUE#
"BackHeightThreshold(1)",2.7
"UsePeakWidthLimit(1)",#FALSE#
"PeakWidthLimit(1)",6
"RefGasFrontHeightThreshold(1)",40
"RefGasBackHeightThreshold(1)",10
"Measure_Elemental_Comp",#TRUE#
"Use_TCD_For_Elem_Calcs",#FALSE#
"Sample_Name","ETH-02"
"Sample_Type","Sam"
"Sample_Weight",80
"Sample_Vial",29
"Standard_Type",""
"NoAnalysisCycles",1
"Gas1","CO2"
"Ref Gas1","AirLiquide01"
"Analysis_Routine1","Clumped CO2 Iterative"
"ZeroWidth1",10
"NoZeros1",1
"ZeroTime1",10
"Delta wrt Std 1",#FALSE#
"AllowLinearityCorrection",#FALSE#
"Num Collectors",6
"LinearityFactor(Cent)",52880.39
"LinearityFactor(Low2)",18007.61
"LinearityFactor(Low4)",-132.1419
"LinearityFactor()",.9804096
"LinearityFactor()",-79.65973
"LinearityFactor()",0
"UseH3Factor",#FALSE#
"H3Factor",0
"Axial Mass",46
"Anal Start",0
"Anal End",0
"Calc Linearity Correction from Ref Peaks",#FALSE#
"Temperature",25
"Std Temperature",25
"A_Factor",1.01025
"K_Factor",.04
"TemperatureCorrectionEnabled",#FALSE#
"GC ZeroMethod","Lowest Peak Limit"
"GC AllowZeroToCutPoints",#FALSE#
"GC UseIsotopicShift",#TRUE#
"GC InterpolatePeakHeight",#TRUE#
"GC NumZeroPoints",10
"GC Min Peak Height",.0000000001
"GC No UserPeaks",0
"SmoothingInterval",10
"DropFactor",1
"GradientRejectfactor",10
"SectionSize",100
"BackgroundStartTime",1
"CutOffTime",1000
"UseNewBackgroundCalcn",#FALSE#
"GC Label File","None.lab"
"GC No User Defined Background Points",0
"GC No Auto-detected Peaks to be Removed",0
"GC No Auto-calculated Background Points to Remove",0
"GC Std Peak In Sample",#FALSE#
"GC Std Peak Time",0
"Max Gap For Grouping EA Ref Pulses",20
"Group EA Ref Peaks",#FALSE#
"Use Defined Peak Limits (1)",#FALSE#
"Peak Start (1)",0
"Peak End (1)",0
"DP Version",25
"Num Gas Cycles ",1
"UseFrontHeightThreshold(1)",#TRUE#
"FrontHeightThreshold(1)",2
"UseBackHeightThreshold(1)",#TRUE#
"BackHeightThreshold(1)",2.7
"UsePeakWidthLimit(1)",#FALSE#
"PeakWidthLimit(1)",6
"RefGasFrontHeightThreshold(1)",40
"RefGasBackHeightThreshold(1)",10
"Measure_Elemental_Comp",#TRUE#
"Use_TCD_For_Elem_Calcs",#FALSE#
"Sample_Name","ETH-02"
"Sample_Type","Sam"
"Sample_Weight",80
"Sample_Vial",29
"Standard_Type",""
"NoAnalysisCycles",1
"Gas1","CO2"
"Ref Gas1","AirLiquide01"
"Analysis_Routine1","Clumped CO2 Iterative"
"ZeroWidth1",10
"NoZeros1",1
"ZeroTime1",10
"Delta wrt Std 1",#FALSE#
"AllowLinearityCorrection",#FALSE#
"Num Collectors",6
"LinearityFactor(Cent)",52880.39
"LinearityFactor(Low2)",18007.61
"LinearityFactor(Low4)",-132.1419
"LinearityFactor()",.9804096
"LinearityFactor()",-79.65973
"LinearityFactor()",0
"UseH3Factor",#FALSE#
"H3Factor",0
"Axial Mass",46
"Anal Start",0
"Anal End",0
"Calc Linearity Correction from Ref Peaks",#FALSE#
"Temperature",25
"Std Temperature",25
"A_Factor",1.01025
"K_Factor",.04
"TemperatureCorrectionEnabled",#FALSE#
"GC ZeroMethod","Lowest Peak Limit"
"GC AllowZeroToCutPoints",#FALSE#
"GC UseIsotopicShift",#TRUE#
"GC InterpolatePeakHeight",#TRUE#
"GC NumZeroPoints",10
"GC Min Peak Height",.0000000001
"GC No UserPeaks",0
"SmoothingInterval",10
"DropFactor",1
"GradientRejectfactor",10
"SectionSize",100
"BackgroundStartTime",1
"CutOffTime",1000
"UseNewBackgroundCalcn",#FALSE#
"GC Label File","None.lab"
"GC No User Defined Background Points",0
"GC No Auto-detected Peaks to be Removed",0
"GC No Auto-calculated Background Points to Remove",0
"GC Std Peak In Sample",#FALSE#
"GC Std Peak Time",0
"Max Gap For Grouping EA Ref Pulses",20
"Group EA Ref Peaks",#FALSE#
"Use Defined Peak Limits (1)",#FALSE#
"Peak Start (1)",0
"Peak End (1)",0
"End of Data file"


