"Clumped CO2 Iterative Analysis,         Data File Version 10"
"Started analysis at 7:47:32 AM on the Thursday, February 14, 2019"
"UTC FileTimeLow",1938606592," UTC FileTimeHigh",30721123
"Time Zone ","Eastern Daylight Time"
"CO Disabled",#FALSE#
"Persective Instrument","PS019"
"User logged in",#FALSE#
"Software Version","Stable 1.69.5"
"Axial Mass is :",46
"No_C_O_Cycles",6
"Num Blocks",1
0
-1
-1
-1
-1
0
-1
0
-1
0
"Sample Name is ","WNI-6"
Zero Data
-1.107663972073E-13, -5.741184539224E-14, -6.070810358322E-14, -3.118696791836E-14, 1.133323795054E-13, 4.277233406867E-12, Measured at start of run
Individual Data
No_C_O_Cycles                6 
Cycle_Length   20 
Zero_Measurement_Length      20 
Axial_Mass     46 
 Gas          Bla
0.000000E+00  -1.108469E-13 -1.107718E-13 -1.106502E-13 -1.107896E-13 -1.107360E-13 -1.106287E-13 -1.106037E-13 -1.107324E-13 -1.107682E-13 -1.107789E-13 -1.107682E-13 -1.107646E-13 -1.109577E-13 -1.108791E-13 -1.107253E-13 -1.108326E-13 -1.108254E-13 -1.108361E-13 -1.106752E-13 -1.107575E-13
0.000000E+00  -5.731350E-14 -5.739933E-14 -5.738860E-14 -5.742078E-14 -5.742078E-14 -5.734211E-14 -5.739575E-14 -5.749231E-14 -5.733853E-14 -5.751735E-14 -5.752092E-14 -5.746013E-14 -5.754595E-14 -5.749947E-14 -5.732065E-14 -5.741721E-14 -5.725985E-14 -5.731707E-14 -5.747443E-14 -5.739217E-14
0.000000E+00  -6.084328E-14 -6.075746E-14 -6.075746E-14 -6.074315E-14 -6.075388E-14 -6.087547E-14 -6.082183E-14 -6.090051E-14 -6.076461E-14 -6.056791E-14 -6.050354E-14 -6.051785E-14 -6.050354E-14 -6.059652E-14 -6.069666E-14 -6.084686E-14 -6.081468E-14 -6.070023E-14 -6.056791E-14 -6.062871E-14
0.000000E+00  -3.054145E-14 -3.050568E-14 -3.050568E-14 -3.054145E-14 -3.075603E-14 -3.118518E-14 -3.097060E-14 -3.054145E-14 -3.147129E-14 -3.182891E-14 -3.093484E-14 -3.104213E-14 -3.118518E-14 -3.125670E-14 -3.172162E-14 -3.139976E-14 -3.147129E-14 -3.147129E-14 -3.204349E-14 -3.236535E-14
0.000000E+00  1.158715E-13  1.137258E-13  1.140834E-13  1.140834E-13  1.144410E-13  1.147987E-13  1.144410E-13  1.122953E-13  1.137258E-13  1.140834E-13  1.133681E-13  1.133681E-13  1.126529E-13  1.119376E-13  1.122953E-13  1.130105E-13  1.112224E-13  1.133681E-13  1.115800E-13  1.122953E-13
0.000000E+00  4.506116E-12  4.470352E-12  4.416708E-12  4.416708E-12  4.398827E-12  4.380946E-12  4.327302E-12  4.220013E-12  4.345183E-12  4.273657E-12  4.309420E-12  4.237894E-12  4.220013E-12  4.166369E-12  4.184250E-12  4.130606E-12  4.130606E-12  4.166369E-12  4.112724E-12  4.130606E-12
Gas           Ref
0.000000E+00  -1.100064E-13 -1.098491E-13 -1.098276E-13 -1.100243E-13 -1.102031E-13 -1.102460E-13 -1.101316E-13 -1.100315E-13 -1.099206E-13 -1.099885E-13 -1.101388E-13 -1.100780E-13 -1.101388E-13 -1.101137E-13 -1.101745E-13 -1.101566E-13 -1.100887E-13 -1.100637E-13 -1.100780E-13 -1.100994E-13
0.000000E+00  -1.181604E-14 -1.199843E-14 -1.197339E-14 -1.192332E-14 -1.187683E-14 -1.207710E-14 -1.218439E-14 -1.218439E-14 -1.232744E-14 -1.206638E-14 -1.217009E-14 -1.221658E-14 -1.210214E-14 -1.190187E-14 -1.198770E-14 -1.215936E-14 -1.229168E-14 -1.237394E-14 -1.231672E-14 -1.222373E-14
0.000000E+00  4.187469E-13  4.189793E-13  4.196267E-13  4.199914E-13  4.198054E-13  4.195623E-13  4.197232E-13  4.185681E-13  4.177455E-13  4.186217E-13  4.178814E-13  4.178457E-13  4.187219E-13  4.188398E-13  4.186360E-13  4.182248E-13  4.172627E-13  4.172270E-13  4.181782E-13  4.172305E-13
0.000000E+00  4.112950E-11  4.118107E-11  4.122881E-11  4.124884E-11  4.124963E-11  4.124315E-11  4.123567E-11  4.103880E-11  4.107253E-11  4.118707E-11  4.103819E-11  4.108816E-11  4.115228E-11  4.116555E-11  4.113515E-11  4.107153E-11  4.100089E-11  4.102807E-11  4.110325E-11  4.096860E-11
0.000000E+00  1.175095E-10  1.176275E-10  1.177638E-10  1.178253E-10  1.178578E-10  1.178285E-10  1.178102E-10  1.172312E-10  1.173228E-10  1.176557E-10  1.172316E-10  1.173815E-10  1.175563E-10  1.175896E-10  1.175156E-10  1.173460E-10  1.171207E-10  1.171969E-10  1.174369E-10  1.170242E-10
0.000000E+00  9.837636E-09  9.848509E-09  9.859487E-09  9.865067E-09  9.867266E-09  9.864262E-09  9.863869E-09  9.814820E-09  9.821704E-09  9.851352E-09  9.814587E-09  9.827016E-09  9.842625E-09  9.845147E-09  9.838764E-09  9.824655E-09  9.805629E-09  9.811834E-09  9.832129E-09  9.797636E-09
Gas           Sam
0.000000E+00  -1.060117E-13 -1.059044E-13 -1.060546E-13 -1.059438E-13 -1.057364E-13 -1.057221E-13 -1.056219E-13 -1.055826E-13 -1.055432E-13 -1.053358E-13 -1.053036E-13 -1.052643E-13 -1.051534E-13 -1.051391E-13 -1.052142E-13 -1.051248E-13 -1.051463E-13 -1.049639E-13 -1.049818E-13 -1.050318E-13
0.000000E+00  -9.942064E-15 -9.824047E-15 -9.766826E-15 -9.630928E-15 -9.791860E-15 -1.004578E-14 -9.881267E-15 -9.756098E-15 -9.945641E-15 -9.863386E-15 -9.816894E-15 -9.659537E-15 -9.945641E-15 -1.013161E-14 -1.005650E-14 -9.934912E-15 -9.820471E-15 -9.756098E-15 -9.799013E-15 -1.013161E-14
0.000000E+00  4.367427E-13  4.372506E-13  4.377405E-13  4.376976E-13  4.367141E-13  4.366247E-13  4.373221E-13  4.373829E-13  4.371790E-13  4.378729E-13  4.381124E-13  4.385487E-13  4.384200E-13  4.375617E-13  4.370253E-13  4.373614E-13  4.371790E-13  4.380588E-13  4.384844E-13  4.375009E-13
0.000000E+00  4.183735E-11  4.188595E-11  4.189600E-11  4.190033E-11  4.171722E-11  4.175295E-11  4.186546E-11  4.172820E-11  4.177409E-11  4.182276E-11  4.184368E-11  4.185287E-11  4.184343E-11  4.165332E-11  4.177287E-11  4.166354E-11  4.169487E-11  4.176093E-11  4.177609E-11  4.163926E-11
0.000000E+00  1.185888E-10  1.187261E-10  1.187522E-10  1.187766E-10  1.182591E-10  1.183449E-10  1.186464E-10  1.182920E-10  1.184186E-10  1.185659E-10  1.186135E-10  1.186360E-10  1.186188E-10  1.180663E-10  1.184032E-10  1.181053E-10  1.182004E-10  1.183846E-10  1.184236E-10  1.180141E-10
0.000000E+00  9.888510E-09  9.900222E-09  9.902546E-09  9.904638E-09  9.860811E-09  9.867910E-09  9.893444E-09  9.864727E-09  9.874097E-09  9.885863E-09  9.890548E-09  9.893052E-09  9.891639E-09  9.844808E-09  9.873077E-09  9.847651E-09  9.855285E-09  9.871844E-09  9.874937E-09  9.840641E-09
Gas           Ref
0.000000E+00  -1.099135E-13 -1.101888E-13 -1.101531E-13 -1.100923E-13 -1.101209E-13 -1.101602E-13 -1.101030E-13 -1.102460E-13 -1.101888E-13 -1.100207E-13 -1.100958E-13 -1.102496E-13 -1.101924E-13 -1.102460E-13 -1.103784E-13 -1.103176E-13 -1.102782E-13 -1.101924E-13 -1.101888E-13 -1.102460E-13
0.000000E+00  -1.255990E-14 -1.246692E-14 -1.254560E-14 -1.229168E-14 -1.243473E-14 -1.264573E-14 -1.256348E-14 -1.269223E-14 -1.269938E-14 -1.279594E-14 -1.268865E-14 -1.264931E-14 -1.248122E-14 -1.262428E-14 -1.260639E-14 -1.265289E-14 -1.287462E-14 -1.292111E-14 -1.280309E-14 -1.249553E-14
0.000000E+00  4.132072E-13  4.126172E-13  4.129283E-13  4.136757E-13  4.129783E-13  4.119770E-13  4.119663E-13  4.128460E-13  4.131035E-13  4.120091E-13  4.118661E-13  4.119913E-13  4.124061E-13  4.123453E-13  4.124133E-13  4.110507E-13  4.117231E-13  4.115156E-13  4.109541E-13  4.114226E-13
0.000000E+00  4.057335E-11  4.061197E-11  4.069391E-11  4.070478E-11  4.061294E-11  4.055404E-11  4.062867E-11  4.068114E-11  4.068915E-11  4.049310E-11  4.054889E-11  4.062142E-11  4.063200E-11  4.063032E-11  4.056791E-11  4.044367E-11  4.060056E-11  4.042640E-11  4.049120E-11  4.055404E-11
0.000000E+00  1.159255E-10  1.160082E-10  1.162431E-10  1.163003E-10  1.160339E-10  1.158440E-10  1.160586E-10  1.162102E-10  1.162413E-10  1.157092E-10  1.158347E-10  1.160328E-10  1.160951E-10  1.160800E-10  1.159180E-10  1.155393E-10  1.159799E-10  1.155039E-10  1.156584E-10  1.158583E-10
0.000000E+00  9.704796E-09  9.712395E-09  9.732655E-09  9.737072E-09  9.714845E-09  9.698680E-09  9.716454E-09  9.729490E-09  9.731832E-09  9.686986E-09  9.698341E-09  9.715417E-09  9.719405E-09  9.717867E-09  9.705171E-09  9.673236E-09  9.710428E-09  9.669874E-09  9.683338E-09  9.700058E-09
Gas           Sam
0.000000E+00  -1.060582E-13 -1.059974E-13 -1.059331E-13 -1.058579E-13 -1.058973E-13 -1.059223E-13 -1.056827E-13 -1.056398E-13 -1.055862E-13 -1.054789E-13 -1.051749E-13 -1.053501E-13 -1.053430E-13 -1.052679E-13 -1.053215E-13 -1.052893E-13 -1.051391E-13 -1.051677E-13 -1.052822E-13 -1.051606E-13
0.000000E+00  -1.066805E-14 -1.056434E-14 -1.053215E-14 -1.035691E-14 -1.025320E-14 -1.038195E-14 -1.056076E-14 -1.039268E-14 -1.031400E-14 -1.019956E-14 -1.018883E-14 -1.055003E-14 -1.051069E-14 -1.052500E-14 -1.062871E-14 -1.046063E-14 -1.043559E-14 -1.042486E-14 -1.043917E-14 -1.058937E-14
0.000000E+00  4.313318E-13  4.318432E-13  4.318790E-13  4.316144E-13  4.316107E-13  4.309885E-13  4.311208E-13  4.318575E-13  4.327444E-13  4.329555E-13  4.329877E-13  4.312066E-13  4.313104E-13  4.317681E-13  4.312853E-13  4.317931E-13  4.326336E-13  4.323368E-13  4.316358E-13  4.319898E-13
0.000000E+00  4.142497E-11  4.144950E-11  4.139858E-11  4.137833E-11  4.134461E-11  4.129293E-11  4.130978E-11  4.140526E-11  4.141857E-11  4.143015E-11  4.138524E-11  4.121357E-11  4.133775E-11  4.123554E-11  4.124505E-11  4.132369E-11  4.136954E-11  4.122452E-11  4.119516E-11  4.129544E-11
0.000000E+00  1.174301E-10  1.174930E-10  1.173460E-10  1.172892E-10  1.172001E-10  1.170392E-10  1.170932E-10  1.173578E-10  1.174068E-10  1.174369E-10  1.173328E-10  1.168225E-10  1.171508E-10  1.168893E-10  1.169194E-10  1.171218E-10  1.172624E-10  1.168618E-10  1.167667E-10  1.170421E-10
0.000000E+00  9.791520E-09  9.797189E-09  9.785441E-09  9.780434E-09  9.773460E-09  9.759727E-09  9.763715E-09  9.786085E-09  9.790502E-09  9.793416E-09  9.784404E-09  9.741148E-09  9.768794E-09  9.746871E-09  9.748694E-09  9.766648E-09  9.778897E-09  9.745601E-09  9.736500E-09  9.759602E-09
Gas           Ref
0.000000E+00  -1.100315E-13 -1.101602E-13 -1.102604E-13 -1.102604E-13 -1.102246E-13 -1.101423E-13 -1.102568E-13 -1.103176E-13 -1.102925E-13 -1.102425E-13 -1.102031E-13 -1.100350E-13 -1.101459E-13 -1.101602E-13 -1.101745E-13 -1.102604E-13 -1.101495E-13 -1.100958E-13 -1.101102E-13 -1.102210E-13
0.000000E+00  -1.322867E-14 -1.330735E-14 -1.318218E-14 -1.312853E-14 -1.333238E-14 -1.328231E-14 -1.336099E-14 -1.306416E-14 -1.338602E-14 -1.335741E-14 -1.315357E-14 -1.316429E-14 -1.326443E-14 -1.338960E-14 -1.340748E-14 -1.320363E-14 -1.316787E-14 -1.314999E-14 -1.324297E-14 -1.336099E-14
0.000000E+00  4.063443E-13  4.056970E-13  4.062621E-13  4.072277E-13  4.070381E-13  4.057364E-13  4.056827E-13  4.065446E-13  4.058007E-13  4.058937E-13  4.063658E-13  4.065160E-13  4.063872E-13  4.054002E-13  4.051570E-13  4.055540E-13  4.050747E-13  4.059366E-13  4.057757E-13  4.049889E-13
0.000000E+00  4.002689E-11  4.007550E-11  4.014906E-11  4.014910E-11  4.014087E-11  3.997836E-11  4.008304E-11  4.008555E-11  3.996874E-11  4.004292E-11  4.009023E-11  4.008780E-11  4.007467E-11  3.993283E-11  4.000579E-11  4.003036E-11  4.001538E-11  4.004095E-11  4.004706E-11  3.988098E-11
0.000000E+00  1.143441E-10  1.144782E-10  1.146924E-10  1.147110E-10  1.146796E-10  1.142036E-10  1.144950E-10  1.145497E-10  1.141717E-10  1.143963E-10  1.145397E-10  1.145193E-10  1.144779E-10  1.141041E-10  1.142640E-10  1.143938E-10  1.143123E-10  1.143834E-10  1.144135E-10  1.139632E-10
0.000000E+00  9.572777E-09  9.583775E-09  9.602228E-09  9.604070E-09  9.601549E-09  9.561244E-09  9.585598E-09  9.590248E-09  9.559098E-09  9.577302E-09  9.589622E-09  9.588406E-09  9.584901E-09  9.553108E-09  9.566161E-09  9.577176E-09  9.570381E-09  9.577498E-09  9.579179E-09  9.541377E-09
Gas           Sam
0.000000E+00  -1.061119E-13 -1.060546E-13 -1.059509E-13 -1.059009E-13 -1.058901E-13 -1.058866E-13 -1.056934E-13 -1.057542E-13 -1.055826E-13 -1.056005E-13 -1.053752E-13 -1.053644E-13 -1.053215E-13 -1.053716E-13 -1.054002E-13 -1.053036E-13 -1.051498E-13 -1.051642E-13 -1.051177E-13 -1.051177E-13
0.000000E+00  -1.081468E-14 -1.112581E-14 -1.111151E-14 -1.102568E-14 -1.092197E-14 -1.086475E-14 -1.099349E-14 -1.070024E-14 -1.063586E-14 -1.074315E-14 -1.091481E-14 -1.076461E-14 -1.078964E-14 -1.104356E-14 -1.109005E-14 -1.119019E-14 -1.095773E-14 -1.077534E-14 -1.081468E-14 -1.076819E-14
0.000000E+00  4.259352E-13  4.251269E-13  4.259138E-13  4.262606E-13  4.254274E-13  4.255776E-13  4.265003E-13  4.267971E-13  4.266290E-13  4.268114E-13  4.262893E-13  4.264824E-13  4.271941E-13  4.262964E-13  4.258637E-13  4.269509E-13  4.270224E-13  4.276912E-13  4.282705E-13  4.280130E-13
0.000000E+00  4.087218E-11  4.086650E-11  4.094907E-11  4.092705E-11  4.083320E-11  4.089851E-11  4.096635E-11  4.092665E-11  4.086954E-11  4.091234E-11  4.080105E-11  4.088166E-11  4.096127E-11  4.075663E-11  4.079987E-11  4.091145E-11  4.090097E-11  4.090545E-11  4.090694E-11  4.090380E-11
0.000000E+00  1.158801E-10  1.158383E-10  1.160918E-10  1.160321E-10  1.157414E-10  1.159284E-10  1.161187E-10  1.159928E-10  1.158372E-10  1.159663E-10  1.156495E-10  1.158790E-10  1.160918E-10  1.155511E-10  1.156452E-10  1.159753E-10  1.159094E-10  1.159402E-10  1.159552E-10  1.159534E-10
0.000000E+00  9.662846E-09  9.658590E-09  9.679726E-09  9.675703E-09  9.650829E-09  9.665993E-09  9.682658E-09  9.673360E-09  9.659663E-09  9.670893E-09  9.642962E-09  9.662131E-09  9.681317E-09  9.635095E-09  9.643052E-09  9.670875E-09  9.665635E-09  9.669319E-09  9.670428E-09  9.669516E-09
Gas           Ref
0.000000E+00  -1.100493E-13 -1.100851E-13 -1.099957E-13 -1.099528E-13 -1.099671E-13 -1.101352E-13 -1.101316E-13 -1.102210E-13 -1.103462E-13 -1.103355E-13 -1.103748E-13 -1.102711E-13 -1.101638E-13 -1.101531E-13 -1.101209E-13 -1.100958E-13 -1.101924E-13 -1.100136E-13 -1.101209E-13 -1.102210E-13
0.000000E+00  -1.372935E-14 -1.375080E-14 -1.368643E-14 -1.378657E-14 -1.393319E-14 -1.373650E-14 -1.387597E-14 -1.392604E-14 -1.392247E-14 -1.373650E-14 -1.380803E-14 -1.369358E-14 -1.376869E-14 -1.383306E-14 -1.384379E-14 -1.390101E-14 -1.392247E-14 -1.384379E-14 -1.382948E-14 -1.415850E-14
0.000000E+00  3.997282E-13  4.002074E-13  4.004113E-13  4.009477E-13  4.002253E-13  3.991560E-13  3.996460E-13  3.990880E-13  3.987304E-13  3.990952E-13  4.001323E-13  4.001073E-13  3.988771E-13  3.991381E-13  3.986911E-13  3.981725E-13  3.987519E-13  3.992454E-13  3.986482E-13  3.978793E-13
0.000000E+00  3.949689E-11  3.958558E-11  3.961476E-11  3.966086E-11  3.942987E-11  3.946745E-11  3.956123E-11  3.941070E-11  3.947178E-11  3.954617E-11  3.956809E-11  3.945047E-11  3.940923E-11  3.955829E-11  3.936328E-11  3.941385E-11  3.947782E-11  3.950662E-11  3.937222E-11  3.935845E-11
0.000000E+00  1.128460E-10  1.130799E-10  1.131782E-10  1.132877E-10  1.126783E-10  1.127609E-10  1.130345E-10  1.126075E-10  1.127426E-10  1.129758E-10  1.130423E-10  1.127105E-10  1.125767E-10  1.130227E-10  1.124698E-10  1.125957E-10  1.127827E-10  1.128782E-10  1.125013E-10  1.124405E-10
0.000000E+00  9.447089E-09  9.466812E-09  9.475270E-09  9.485480E-09  9.432981E-09  9.440061E-09  9.463325E-09  9.427009E-09  9.438882E-09  9.457978E-09  9.464291E-09  9.436396E-09  9.424988E-09  9.462431E-09  9.416101E-09  9.426704E-09  9.441993E-09  9.450111E-09  9.419087E-09  9.413275E-09
Gas           Sam
0.000000E+00  -1.060511E-13 -1.059009E-13 -1.057757E-13 -1.060153E-13 -1.058222E-13 -1.057864E-13 -1.057614E-13 -1.060368E-13 -1.059545E-13 -1.056899E-13 -1.055468E-13 -1.053859E-13 -1.054109E-13 -1.055504E-13 -1.056398E-13 -1.054324E-13 -1.053108E-13 -1.052214E-13 -1.053358E-13 -1.052035E-13
0.000000E+00  -1.163365E-14 -1.164080E-14 -1.155854E-14 -1.141549E-14 -1.164795E-14 -1.161219E-14 -1.166226E-14 -1.165868E-14 -1.151920E-14 -1.126529E-14 -1.130820E-14 -1.136900E-14 -1.141192E-14 -1.140476E-14 -1.143695E-14 -1.152278E-14 -1.141907E-14 -1.131178E-14 -1.110793E-14 -1.132251E-14
0.000000E+00  4.196373E-13  4.210607E-13  4.210965E-13  4.210500E-13  4.213719E-13  4.213146E-13  4.200844E-13  4.212109E-13  4.206816E-13  4.210536E-13  4.217867E-13  4.214041E-13  4.204170E-13  4.212431E-13  4.217402E-13  4.211036E-13  4.211287E-13  4.220263E-13  4.223446E-13  4.215829E-13
0.000000E+00  4.041814E-11  4.061140E-11  4.045000E-11  4.049371E-11  4.050930E-11  4.047264E-11  4.034346E-11  4.047228E-11  4.035563E-11  4.042661E-11  4.051266E-11  4.033614E-11  4.034708E-11  4.045937E-11  4.044106E-11  4.028814E-11  4.036750E-11  4.042050E-11  4.043695E-11  4.031714E-11
0.000000E+00  1.145894E-10  1.151109E-10  1.146932E-10  1.147776E-10  1.148305E-10  1.147314E-10  1.143516E-10  1.147311E-10  1.143913E-10  1.145851E-10  1.148444E-10  1.143577E-10  1.143463E-10  1.147024E-10  1.146556E-10  1.142164E-10  1.144246E-10  1.145887E-10  1.146291E-10  1.142890E-10
0.000000E+00  9.554413E-09  9.599170E-09  9.563497E-09  9.571115E-09  9.574655E-09  9.567931E-09  9.535083E-09  9.567699E-09  9.538231E-09  9.554324E-09  9.576175E-09  9.536335E-09  9.535370E-09  9.564141E-09  9.560403E-09  9.523442E-09  9.541163E-09  9.554610E-09  9.558830E-09  9.530631E-09
Gas           Ref
0.000000E+00  -1.100064E-13 -1.101316E-13 -1.101960E-13 -1.101423E-13 -1.101602E-13 -1.100458E-13 -1.100744E-13 -1.099921E-13 -1.100851E-13 -1.099885E-13 -1.101209E-13 -1.101280E-13 -1.101352E-13 -1.100994E-13 -1.101209E-13 -1.102210E-13 -1.101245E-13 -1.101423E-13 -1.101102E-13 -1.100529E-13
0.000000E+00  -1.439454E-14 -1.438738E-14 -1.448037E-14 -1.415850E-14 -1.422645E-14 -1.428725E-14 -1.438738E-14 -1.415850E-14 -1.429440E-14 -1.438381E-14 -1.450898E-14 -1.450898E-14 -1.444460E-14 -1.439811E-14 -1.446964E-14 -1.431228E-14 -1.458050E-14 -1.448752E-14 -1.432659E-14 -1.436950E-14
0.000000E+00  3.946785E-13  3.943709E-13  3.933231E-13  3.936271E-13  3.946070E-13  3.933553E-13  3.933159E-13  3.944711E-13  3.940348E-13  3.924219E-13  3.927795E-13  3.935377E-13  3.936485E-13  3.934232E-13  3.920964E-13  3.929011E-13  3.929440E-13  3.932301E-13  3.935448E-13  3.922609E-13
0.000000E+00  3.910218E-11  3.902868E-11  3.896145E-11  3.904259E-11  3.904731E-11  3.892161E-11  3.902618E-11  3.903784E-11  3.899091E-11  3.889861E-11  3.897968E-11  3.900086E-11  3.901895E-11  3.891009E-11  3.885477E-11  3.898244E-11  3.892869E-11  3.897454E-11  3.896674E-11  3.879804E-11
0.000000E+00  1.117266E-10  1.115199E-10  1.113021E-10  1.115382E-10  1.115671E-10  1.111938E-10  1.114770E-10  1.115349E-10  1.114058E-10  1.111144E-10  1.113565E-10  1.114237E-10  1.114781E-10  1.111941E-10  1.109871E-10  1.113722E-10  1.111995E-10  1.113372E-10  1.113375E-10  1.108483E-10
0.000000E+00  9.354177E-09  9.336850E-09  9.318074E-09  9.337565E-09  9.340712E-09  9.308758E-09  9.332451E-09  9.338692E-09  9.327480E-09  9.302679E-09  9.323081E-09  9.328714E-09  9.333041E-09  9.309420E-09  9.291503E-09  9.324459E-09  9.309813E-09  9.321508E-09  9.322205E-09  9.280595E-09
Gas           Sam
0.000000E+00  -1.061870E-13 -1.061870E-13 -1.060761E-13 -1.060582E-13 -1.058651E-13 -1.058901E-13 -1.057614E-13 -1.058544E-13 -1.056756E-13 -1.057042E-13 -1.057042E-13 -1.055862E-13 -1.055647E-13 -1.055826E-13 -1.056005E-13 -1.055218E-13 -1.053608E-13 -1.053895E-13 -1.052750E-13 -1.052643E-13
0.000000E+00  -1.205922E-14 -1.220585E-14 -1.218439E-14 -1.199127E-14 -1.191617E-14 -1.195194E-14 -1.200558E-14 -1.181246E-14 -1.185180E-14 -1.205207E-14 -1.177670E-14 -1.199127E-14 -1.215936E-14 -1.190902E-14 -1.180531E-14 -1.201988E-14 -1.215221E-14 -1.213433E-14 -1.184822E-14 -1.204134E-14
0.000000E+00  4.141871E-13  4.152814E-13  4.154066E-13  4.148237E-13  4.157106E-13  4.161684E-13  4.154531E-13  4.149024E-13  4.154603E-13  4.163078E-13  4.165367E-13  4.168800E-13  4.162363E-13  4.162220E-13  4.151813E-13  4.152064E-13  4.156427E-13  4.165868E-13  4.161254E-13  4.152743E-13
0.000000E+00  4.000375E-11  4.010979E-11  3.995032E-11  3.997078E-11  4.009874E-11  4.005346E-11  3.990827E-11  3.997296E-11  4.002607E-11  4.003719E-11  4.006383E-11  4.001709E-11  3.993241E-11  3.996792E-11  3.983270E-11  3.987533E-11  3.996574E-11  4.000608E-11  3.982923E-11  3.984386E-11
0.000000E+00  1.134057E-10  1.136911E-10  1.132709E-10  1.132913E-10  1.136650E-10  1.135527E-10  1.131350E-10  1.133059E-10  1.134515E-10  1.134894E-10  1.135756E-10  1.134493E-10  1.131904E-10  1.133245E-10  1.129118E-10  1.130277E-10  1.132641E-10  1.134035E-10  1.129072E-10  1.129551E-10
0.000000E+00  9.455421E-09  9.480420E-09  9.445301E-09  9.446821E-09  9.478364E-09  9.468547E-09  9.433124E-09  9.447893E-09  9.460249E-09  9.463450E-09  9.470407E-09  9.460249E-09  9.438095E-09  9.449324E-09  9.414920E-09  9.424612E-09  9.445015E-09  9.456476E-09  9.415510E-09  9.417871E-09
Gas           Ref
0.000000E+00  -1.102353E-13 -1.100744E-13 -1.100887E-13 -1.100207E-13 -1.100172E-13 -1.100279E-13 -1.099993E-13 -1.100493E-13 -1.100493E-13 -1.101137E-13 -1.100565E-13 -1.099743E-13 -1.101280E-13 -1.100958E-13 -1.101137E-13 -1.100744E-13 -1.101102E-13 -1.102639E-13 -1.102103E-13 -1.102496E-13
0.000000E+00  -1.474859E-14 -1.484872E-14 -1.473071E-14 -1.491667E-14 -1.487733E-14 -1.477720E-14 -1.505972E-14 -1.508118E-14 -1.499178E-14 -1.490594E-14 -1.505257E-14 -1.491667E-14 -1.494528E-14 -1.513125E-14 -1.518847E-14 -1.522781E-14 -1.507045E-14 -1.499535E-14 -1.487018E-14 -1.483084E-14
0.000000E+00  3.884629E-13  3.878192E-13  3.873793E-13  3.879408E-13  3.880946E-13  3.878085E-13  3.869680E-13  3.873578E-13  3.876475E-13  3.878872E-13  3.878657E-13  3.882090E-13  3.874616E-13  3.862814E-13  3.867177E-13  3.860954E-13  3.864245E-13  3.867678E-13  3.857450E-13  3.859559E-13
0.000000E+00  3.858880E-11  3.842358E-11  3.844174E-11  3.854574E-11  3.851026E-11  3.845222E-11  3.840119E-11  3.848587E-11  3.851069E-11  3.852496E-11  3.853497E-11  3.853351E-11  3.836718E-11  3.836317E-11  3.833503E-11  3.833646E-11  3.842858E-11  3.834575E-11  3.829726E-11  3.836897E-11
0.000000E+00  1.102421E-10  1.097897E-10  1.098208E-10  1.101384E-10  1.100290E-10  1.098713E-10  1.097110E-10  1.099424E-10  1.100376E-10  1.100658E-10  1.100930E-10  1.101051E-10  1.096481E-10  1.095755E-10  1.095376E-10  1.095122E-10  1.097904E-10  1.095801E-10  1.094260E-10  1.096138E-10
0.000000E+00  9.230223E-09  9.191402E-09  9.194282E-09  9.220442E-09  9.211769E-09  9.198823E-09  9.184286E-09  9.204814E-09  9.212074E-09  9.215221E-09  9.217635E-09  9.217975E-09  9.180388E-09  9.173807E-09  9.170767E-09  9.167817E-09  9.191259E-09  9.174236E-09  9.160754E-09  9.176704E-09
Gas           Sam
0.000000E+00  -1.064981E-13 -1.063372E-13 -1.062192E-13 -1.060654E-13 -1.061691E-13 -1.061333E-13 -1.060403E-13 -1.059366E-13 -1.058436E-13 -1.058186E-13 -1.058115E-13 -1.057256E-13 -1.056791E-13 -1.056791E-13 -1.057328E-13 -1.054431E-13 -1.053144E-13 -1.054896E-13 -1.053608E-13 -1.053144E-13
0.000000E+00  -1.253129E-14 -1.248480E-14 -1.220943E-14 -1.248122E-14 -1.248122E-14 -1.253487E-14 -1.255275E-14 -1.245619E-14 -1.247050E-14 -1.229883E-14 -1.238109E-14 -1.257421E-14 -1.259567E-14 -1.255275E-14 -1.252772E-14 -1.238467E-14 -1.241327E-14 -1.240970E-14 -1.233460E-14 -1.261712E-14
0.000000E+00  4.091338E-13  4.093412E-13  4.099814E-13  4.091159E-13  4.092375E-13  4.102783E-13  4.109935E-13  4.100887E-13  4.098491E-13  4.102532E-13  4.104463E-13  4.105644E-13  4.112367E-13  4.101674E-13  4.100422E-13  4.111294E-13  4.110615E-13  4.096738E-13  4.099599E-13  4.109899E-13
0.000000E+00  3.953851E-11  3.962199E-11  3.961595E-11  3.948848E-11  3.955933E-11  3.962503E-11  3.963712E-11  3.944847E-11  3.950143E-11  3.957471E-11  3.956548E-11  3.955861E-11  3.951688E-11  3.942068E-11  3.952282E-11  3.953855E-11  3.948587E-11  3.940856E-11  3.948795E-11  3.952432E-11
0.000000E+00  1.120771E-10  1.123049E-10  1.123217E-10  1.119230E-10  1.121175E-10  1.123392E-10  1.123800E-10  1.118275E-10  1.119737E-10  1.121719E-10  1.121776E-10  1.121383E-10  1.120506E-10  1.117338E-10  1.120374E-10  1.120871E-10  1.119501E-10  1.117134E-10  1.119405E-10  1.120410E-10
0.000000E+00  9.344914E-09  9.364691E-09  9.366247E-09  9.332630E-09  9.348706E-09  9.367660E-09  9.371075E-09  9.325013E-09  9.336850E-09  9.353390E-09  9.352997E-09  9.350637E-09  9.343680E-09  9.317520E-09  9.341803E-09  9.346792E-09  9.335312E-09  9.314570E-09  9.333632E-09  9.342590E-09
Gas           Ref
0.000000E+00  -1.101745E-13 -1.101316E-13 -1.100350E-13 -1.101459E-13 -1.101531E-13 -1.100994E-13 -1.101280E-13 -1.102389E-13 -1.101853E-13 -1.100601E-13 -1.102389E-13 -1.103462E-13 -1.103068E-13 -1.103963E-13 -1.100708E-13 -1.100958E-13 -1.101423E-13 -1.101495E-13 -1.102317E-13 -1.103247E-13
0.000000E+00  -1.550676E-14 -1.546742E-14 -1.544954E-14 -1.551034E-14 -1.533867E-14 -1.541735E-14 -1.551034E-14 -1.568915E-14 -1.558544E-14 -1.553179E-14 -1.567127E-14 -1.568915E-14 -1.605035E-14 -1.563550E-14 -1.545311E-14 -1.571776E-14 -1.562835E-14 -1.545311E-14 -1.568915E-14 -1.549603E-14
0.000000E+00  3.821472E-13  3.813819E-13  3.817180E-13  3.823725E-13  3.812782E-13  3.814641E-13  3.810135E-13  3.810493E-13  3.814927E-13  3.814677E-13  3.813175E-13  3.813389E-13  3.803912E-13  3.811888E-13  3.810350E-13  3.799657E-13  3.798727E-13  3.808490E-13  3.810672E-13  3.812496E-13
0.000000E+00  3.799700E-11  3.793294E-11  3.801699E-11  3.797153E-11  3.789186E-11  3.801262E-11  3.790834E-11  3.790595E-11  3.796281E-11  3.794543E-11  3.785609E-11  3.795226E-11  3.782501E-11  3.795609E-11  3.795329E-11  3.778954E-11  3.786732E-11  3.790344E-11  3.792272E-11  3.795029E-11
0.000000E+00  1.085888E-10  1.083696E-10  1.086088E-10  1.085076E-10  1.082573E-10  1.085934E-10  1.083320E-10  1.082980E-10  1.084744E-10  1.084207E-10  1.081589E-10  1.084336E-10  1.080717E-10  1.084436E-10  1.084311E-10  1.079780E-10  1.081865E-10  1.082991E-10  1.083674E-10  1.084254E-10
0.000000E+00  9.090391E-09  9.072205E-09  9.092751E-09  9.084830E-09  9.063175E-09  9.091409E-09  9.070131E-09  9.066501E-09  9.081057E-09  9.077409E-09  9.055218E-09  9.078643E-09  9.047064E-09  9.079179E-09  9.078124E-09  9.039447E-09  9.056988E-09  9.066913E-09  9.072348E-09  9.077409E-09
 Gas          
0.000000E+00  0.000000E+00  0.000000E+00  0.000000E+00  0.000000E+00  0.000000E+00  0.000000E+00  0.000000E+00  0.000000E+00  0.000000E+00  0.000000E+00  0.000000E+00  0.000000E+00  0.000000E+00  0.000000E+00  0.000000E+00  0.000000E+00  0.000000E+00  0.000000E+00  0.000000E+00  0.000000E+00
0.000000E+00  0.000000E+00  0.000000E+00  0.000000E+00  0.000000E+00  0.000000E+00  0.000000E+00  0.000000E+00  0.000000E+00  0.000000E+00  0.000000E+00  0.000000E+00  0.000000E+00  0.000000E+00  0.000000E+00  0.000000E+00  0.000000E+00  0.000000E+00  0.000000E+00  0.000000E+00  0.000000E+00
0.000000E+00  0.000000E+00  0.000000E+00  0.000000E+00  0.000000E+00  0.000000E+00  0.000000E+00  0.000000E+00  0.000000E+00  0.000000E+00  0.000000E+00  0.000000E+00  0.000000E+00  0.000000E+00  0.000000E+00  0.000000E+00  0.000000E+00  0.000000E+00  0.000000E+00  0.000000E+00  0.000000E+00
0.000000E+00  0.000000E+00  0.000000E+00  0.000000E+00  0.000000E+00  0.000000E+00  0.000000E+00  0.000000E+00  0.000000E+00  0.000000E+00  0.000000E+00  0.000000E+00  0.000000E+00  0.000000E+00  0.000000E+00  0.000000E+00  0.000000E+00  0.000000E+00  0.000000E+00  0.000000E+00  0.000000E+00
0.000000E+00  0.000000E+00  0.000000E+00  0.000000E+00  0.000000E+00  0.000000E+00  0.000000E+00  0.000000E+00  0.000000E+00  0.000000E+00  0.000000E+00  0.000000E+00  0.000000E+00  0.000000E+00  0.000000E+00  0.000000E+00  0.000000E+00  0.000000E+00  0.000000E+00  0.000000E+00  0.000000E+00
0.000000E+00  0.000000E+00  0.000000E+00  0.000000E+00  0.000000E+00  0.000000E+00  0.000000E+00  0.000000E+00  0.000000E+00  0.000000E+00  0.000000E+00  0.000000E+00  0.000000E+00  0.000000E+00  0.000000E+00  0.000000E+00  0.000000E+00  0.000000E+00  0.000000E+00  0.000000E+00  0.000000E+00
End of Analysis
"H3 factor",13.13339
"Linearity factor (0)",52.88039
"Linearity factor (1)",18.00761
"Linearity factor (2)",-.1321419
"Linearity factor (3)",9.804096E-04
"Linearity factor (4)",-7.965973E-02
"Linearity factor (5)",0
"Collector Gains :",500,5000,5000,5000,500,500,50,500,1,5
"Number of deflectors available : ",33
"Source HT",8000
"Extraction V",780
"H Defl",310
"Trap",850
"Trap Voltage",24
"Repeller",4
"Filament V",-110
"Delta HP",19
"Z Lens",110
"Delta Z",130
"Max Current",3.5
"Heater Current",1
"Quad 1",120
"Cubic 1",50
"Lin 1",0
"Deflect 1 I",5
"Deflect 1 O",5
"Offset 1",0
"Offset 2",0
"Quad 2",-620
"Cubic 2",0
"Lin 2",0
"Q1 I Cor",0
"Q1 O Cor",0
"Suppressor",-100
"Mop Plate",-15
"ESA H1",790
"ESA H1 delta",0
"ESA H2",800
"ESA H2 delta",0
"ESA H3",820
"ESA H3 delta",0
"ESA HD",0
"ESA HD delta",0
"Batch Started: ","13:02:19 15:29:56"
"Data File: ","C:\Nu Stable\Results\2019\201902013 standard PD4 BSS WNI ZE NTA\Data_9302 WNI-6.txt"
"Sample Name: ","WNI-6"
"Sample Weight: ",107
"Sample Type: ","Sam"
"Vial Number: ",25
"Sam Beam First CO: ","9.872036e-09"
"Sam Beam Last CO: ","9.340258e-09"
"Ref Beam First CO: ","9.832423e-09"
"Ref Beam Second CO: ","9.703640e-09"
"Ref BeamLast CO: ","9.067782e-09"
"Sam Depletion: ","5 %"
"Ref Depletion: ","8 %"
"Observed CP Temperature: ",70.254
"Std Dev: ","3.601e-07"
"Min: ","70.254"
"Max: ","70.254"
"Ave Started: ","14:02:19 07:05:18"
"Ave Stopped: ","14:02:19 07:08:41"
"Num: ",7
"Current Mass: ",46.03193
"Method File Name","C:\Nu Stable\Analyses\DI\040216 12-12-20 6 collectors.rdf"
"Version 6"
"Analysis Type","DI"
"Analysis Calculation Routine ","Clumped CO2 Iterative"
"Gas ID ","CO2"
"Ref Gas Identifier ","AirLiquide01"
"Centring collector ",8
"Num of Ref/Sam cycles ",6
"Cycles length(secs) ",20
"C/O valve stabilisation time ",12
"Offset for zero measurement(amu) ",0
"Zero measurement time ",20
"Spare",0
"Spare",0
0
-1
-1
-1
-1
0
-1
0
-1
0
"Num Clumped Blocks","1"
"Do zero at start of block",#FALSE#
"Balance beams",#FALSE#
"Mag Hysteresis Offset",.001
"Apply Hysteresis Offset",#FALSE#
"Target Beam (A) ",.00000005
"Use CF with Bellows ",#FALSE#
"DI Auto Gas balancing: ","True"
"Pirani pressure",3.322723E-02
"Cold finger status","CF"
"Inlet transducer pressure",3.387347
"Sample operations:  InitialisePrepSampleRun; CheckIfCFRequired; UseCF; SampleTrapped; BalanceRefToSamValue; DepletingBalance; SampleReady;"
"Number of sample chops",0
"Number of sample double chops",0
"Run from bellows",#FALSE#
"Max sample pump-over pressure (mBar)","0.000000e00"
"Max sample pump-over pressure (raw)",0
"Pre-balance Sam Beam","1.016865e-08"
"Min ref beam","3.573528e-09"
"Max ref beam","2.179695e-08"
"Ref bellows position",3601
"Sam bellows position",8446
"Balance %",.5668869
"Initial Sam Beam","1.056484e-08"
"Final Ref Beam","1.018225e-08"
"Final Sam Beam","1.023997e-08"
"Pre-depleted Ref Beam",1.023235E-08
"InletPiraniPressure",3.322723E-02
"Depletion Factor",.96
"Balance End","14/02/19 07:46:58"
"Water Trap Temperature Hot",-195.1766
"Water Trap Temperature Cold",-195.1766
"DP Version",25
"Num Gas Cycles ",1
"UseFrontHeightThreshold(1)",#TRUE#
"FrontHeightThreshold(1)",2
"UseBackHeightThreshold(1)",#TRUE#
"BackHeightThreshold(1)",2.7
"UsePeakWidthLimit(1)",#FALSE#
"PeakWidthLimit(1)",6
"RefGasFrontHeightThreshold(1)",40
"RefGasBackHeightThreshold(1)",10
"Measure_Elemental_Comp",#TRUE#
"Use_TCD_For_Elem_Calcs",#FALSE#
"Sample_Name","WNI-6"
"Sample_Type","Sam"
"Sample_Weight",107
"Sample_Vial",25
"Standard_Type",""
"NoAnalysisCycles",1
"Gas1","CO2"
"Ref Gas1","AirLiquide01"
"Analysis_Routine1","Clumped CO2 Iterative"
"ZeroWidth1",10
"NoZeros1",1
"ZeroTime1",10
"Delta wrt Std 1",#FALSE#
"AllowLinearityCorrection",#FALSE#
"Num Collectors",6
"LinearityFactor(Cent)",52880.39
"LinearityFactor(Low2)",18007.61
"LinearityFactor(Low4)",-132.1419
"LinearityFactor()",.9804096
"LinearityFactor()",-79.65973
"LinearityFactor()",0
"UseH3Factor",#FALSE#
"H3Factor",0
"Axial Mass",46
"Anal Start",0
"Anal End",0
"Calc Linearity Correction from Ref Peaks",#FALSE#
"Temperature",25
"Std Temperature",25
"A_Factor",1.01025
"K_Factor",.04
"TemperatureCorrectionEnabled",#FALSE#
"GC ZeroMethod","Lowest Peak Limit"
"GC AllowZeroToCutPoints",#FALSE#
"GC UseIsotopicShift",#TRUE#
"GC InterpolatePeakHeight",#TRUE#
"GC NumZeroPoints",10
"GC Min Peak Height",.0000000001
"GC No UserPeaks",0
"SmoothingInterval",10
"DropFactor",1
"GradientRejectfactor",10
"SectionSize",100
"BackgroundStartTime",1
"CutOffTime",1000
"UseNewBackgroundCalcn",#FALSE#
"GC Label File","None.lab"
"GC No User Defined Background Points",0
"GC No Auto-detected Peaks to be Removed",0
"GC No Auto-calculated Background Points to Remove",0
"GC Std Peak In Sample",#FALSE#
"GC Std Peak Time",0
"Max Gap For Grouping EA Ref Pulses",20
"Group EA Ref Peaks",#FALSE#
"Use Defined Peak Limits (1)",#FALSE#
"Peak Start (1)",0
"Peak End (1)",0
"DP Version",25
"Num Gas Cycles ",1
"UseFrontHeightThreshold(1)",#TRUE#
"FrontHeightThreshold(1)",2
"UseBackHeightThreshold(1)",#TRUE#
"BackHeightThreshold(1)",2.7
"UsePeakWidthLimit(1)",#FALSE#
"PeakWidthLimit(1)",6
"RefGasFrontHeightThreshold(1)",40
"RefGasBackHeightThreshold(1)",10
"Measure_Elemental_Comp",#TRUE#
"Use_TCD_For_Elem_Calcs",#FALSE#
"Sample_Name","WNI-6"
"Sample_Type","Sam"
"Sample_Weight",107
"Sample_Vial",25
"Standard_Type",""
"NoAnalysisCycles",1
"Gas1","CO2"
"Ref Gas1","AirLiquide01"
"Analysis_Routine1","Clumped CO2 Iterative"
"ZeroWidth1",10
"NoZeros1",1
"ZeroTime1",10
"Delta wrt Std 1",#FALSE#
"AllowLinearityCorrection",#FALSE#
"Num Collectors",6
"LinearityFactor(Cent)",52880.39
"LinearityFactor(Low2)",18007.61
"LinearityFactor(Low4)",-132.1419
"LinearityFactor()",.9804096
"LinearityFactor()",-79.65973
"LinearityFactor()",0
"UseH3Factor",#FALSE#
"H3Factor",0
"Axial Mass",46
"Anal Start",0
"Anal End",0
"Calc Linearity Correction from Ref Peaks",#FALSE#
"Temperature",25
"Std Temperature",25
"A_Factor",1.01025
"K_Factor",.04
"TemperatureCorrectionEnabled",#FALSE#
"GC ZeroMethod","Lowest Peak Limit"
"GC AllowZeroToCutPoints",#FALSE#
"GC UseIsotopicShift",#TRUE#
"GC InterpolatePeakHeight",#TRUE#
"GC NumZeroPoints",10
"GC Min Peak Height",.0000000001
"GC No UserPeaks",0
"SmoothingInterval",10
"DropFactor",1
"GradientRejectfactor",10
"SectionSize",100
"BackgroundStartTime",1
"CutOffTime",1000
"UseNewBackgroundCalcn",#FALSE#
"GC Label File","None.lab"
"GC No User Defined Background Points",0
"GC No Auto-detected Peaks to be Removed",0
"GC No Auto-calculated Background Points to Remove",0
"GC Std Peak In Sample",#FALSE#
"GC Std Peak Time",0
"Max Gap For Grouping EA Ref Pulses",20
"Group EA Ref Peaks",#FALSE#
"Use Defined Peak Limits (1)",#FALSE#
"Peak Start (1)",0
"Peak End (1)",0
"End of Data file"


