"Clumped CO2 Iterative Analysis,         Data File Version 10"
"Started analysis at 6:07:25 PM on the Wednesday, February 13, 2019"
"UTC FileTimeLow",-505121664," UTC FileTimeHigh",30721008
"Time Zone ","Eastern Daylight Time"
"CO Disabled",#FALSE#
"Persective Instrument","PS019"
"User logged in",#FALSE#
"Software Version","Stable 1.69.5"
"Axial Mass is :",46
"No_C_O_Cycles",6
"Num Blocks",1
0
-1
-1
-1
-1
0
-1
0
-1
0
"Sample Name is ","PD4 127.9"
Zero Data
-1.171361144474E-13, -5.919408504486E-14, -6.377852144524E-14, -3.820899810604E-14, 1.067699012834E-13, 4.056397969257E-12, Measured at start of run
Individual Data
No_C_O_Cycles                6 
Cycle_Length   20 
Zero_Measurement_Length      20 
Axial_Mass     46 
 Gas          Bla
0.000000E+00  -1.170267E-13 -1.171340E-13 -1.171054E-13 -1.171876E-13 -1.171733E-13 -1.172699E-13 -1.170982E-13 -1.171662E-13 -1.171590E-13 -1.170767E-13 -1.171983E-13 -1.171054E-13 -1.171197E-13 -1.171089E-13 -1.172806E-13 -1.172556E-13 -1.172162E-13 -1.171054E-13 -1.170124E-13 -1.169230E-13
0.000000E+00  -5.920177E-14 -5.910879E-14 -5.909091E-14 -5.916244E-14 -5.923753E-14 -5.924469E-14 -5.922323E-14 -5.919105E-14 -5.927688E-14 -5.924827E-14 -5.920177E-14 -5.912310E-14 -5.908734E-14 -5.901223E-14 -5.907660E-14 -5.916959E-14 -5.927688E-14 -5.942351E-14 -5.919462E-14 -5.933052E-14
0.000000E+00  -6.382233E-14 -6.385809E-14 -6.365783E-14 -6.398684E-14 -6.391890E-14 -6.379730E-14 -6.386882E-14 -6.395108E-14 -6.379730E-14 -6.370789E-14 -6.380087E-14 -6.370074E-14 -6.376154E-14 -6.375080E-14 -6.369001E-14 -6.375080E-14 -6.353980E-14 -6.370074E-14 -6.374008E-14 -6.376869E-14
0.000000E+00  -3.662113E-14 -3.726486E-14 -3.747944E-14 -3.798012E-14 -3.780130E-14 -3.858808E-14 -3.837351E-14 -3.801588E-14 -3.837351E-14 -3.798012E-14 -3.823046E-14 -3.798012E-14 -3.851656E-14 -3.837351E-14 -3.858808E-14 -3.876690E-14 -3.873114E-14 -3.833774E-14 -3.937487E-14 -3.880266E-14
0.000000E+00  1.090766E-13  1.090766E-13  1.101495E-13  1.069308E-13  1.080037E-13  1.065732E-13  1.087190E-13  1.062156E-13  1.072885E-13  1.058579E-13  1.065732E-13  1.065732E-13  1.058579E-13  1.065732E-13  1.065732E-13  1.040698E-13  1.051427E-13  1.058579E-13  1.051427E-13  1.051427E-13
0.000000E+00  4.237894E-12  4.166369E-12  4.184250E-12  4.220013E-12  4.130606E-12  4.184250E-12  4.076961E-12  4.094843E-12  4.094843E-12  4.023317E-12  4.005436E-12  4.076961E-12  3.933910E-12  3.987555E-12  4.041199E-12  4.023317E-12  3.898147E-12  3.933910E-12  3.898147E-12  3.916029E-12
Gas           Ref
0.000000E+00  -1.166476E-13 -1.166333E-13 -1.166011E-13 -1.168121E-13 -1.169015E-13 -1.168514E-13 -1.167835E-13 -1.169158E-13 -1.167978E-13 -1.168336E-13 -1.168085E-13 -1.168300E-13 -1.168622E-13 -1.168228E-13 -1.165904E-13 -1.163758E-13 -1.165189E-13 -1.164151E-13 -1.165332E-13 -1.165189E-13
0.000000E+00  -3.938202E-14 -3.950361E-14 -3.983621E-14 -3.974680E-14 -3.961805E-14 -3.949288E-14 -3.958229E-14 -3.980760E-14 -3.958587E-14 -3.965739E-14 -3.971461E-14 -3.980402E-14 -3.972892E-14 -3.975038E-14 -3.973607E-14 -3.975038E-14 -3.984693E-14 -3.978256E-14 -3.964309E-14 -3.985051E-14
0.000000E+00  1.429976E-13  1.430012E-13  1.430978E-13  1.428653E-13  1.427258E-13  1.429762E-13  1.429440E-13  1.425649E-13  1.424505E-13  1.427544E-13  1.428796E-13  1.428152E-13  1.426937E-13  1.427759E-13  1.424004E-13  1.423146E-13  1.426186E-13  1.426186E-13  1.419319E-13  1.411988E-13
0.000000E+00  1.772545E-11  1.772105E-11  1.772252E-11  1.771801E-11  1.770911E-11  1.771708E-11  1.770149E-11  1.770560E-11  1.769737E-11  1.769988E-11  1.769137E-11  1.769130E-11  1.768933E-11  1.768378E-11  1.768643E-11  1.767917E-11  1.767914E-11  1.767427E-11  1.757521E-11  1.754056E-11
0.000000E+00  5.077927E-11  5.076711E-11  5.076855E-11  5.076211E-11  5.073135E-11  5.075031E-11  5.071239E-11  5.072813E-11  5.069487E-11  5.071383E-11  5.068128E-11  5.068307E-11  5.067914E-11  5.066125E-11  5.066626E-11  5.064266E-11  5.064623E-11  5.063264E-11  5.035155E-11  5.024641E-11
0.000000E+00  4.249642E-09  4.248784E-09  4.248963E-09  4.248212E-09  4.245690E-09  4.247443E-09  4.243777E-09  4.245333E-09  4.242812E-09  4.244206E-09  4.241560E-09  4.241256E-09  4.240719E-09  4.239718E-09  4.240201E-09  4.238234E-09  4.238466E-09  4.237411E-09  4.213701E-09  4.204760E-09
Gas           Sam
0.000000E+00  -1.118232E-13 -1.119126E-13 -1.116730E-13 -1.113046E-13 -1.112724E-13 -1.112081E-13 -1.111365E-13 -1.112832E-13 -1.111508E-13 -1.111044E-13 -1.109685E-13 -1.109470E-13 -1.109077E-13 -1.109542E-13 -1.108719E-13 -1.107610E-13 -1.107360E-13 -1.107396E-13 -1.106609E-13 -1.108576E-13
0.000000E+00  -3.804449E-14 -3.798012E-14 -3.794793E-14 -3.803376E-14 -3.815178E-14 -3.825549E-14 -3.832344E-14 -3.820900E-14 -3.825549E-14 -3.814105E-14 -3.824476E-14 -3.812317E-14 -3.805522E-14 -3.819827E-14 -3.819112E-14 -3.821973E-14 -3.821615E-14 -3.808741E-14 -3.801230E-14 -3.782634E-14
0.000000E+00  1.526786E-13  1.531543E-13  1.529504E-13  1.530255E-13  1.531722E-13  1.532365E-13  1.529218E-13  1.522030E-13  1.519133E-13  1.523568E-13  1.537408E-13  1.538552E-13  1.538731E-13  1.527323E-13  1.522888E-13  1.527609E-13  1.538159E-13  1.543237E-13  1.544489E-13  1.542558E-13
0.000000E+00  1.790115E-11  1.789808E-11  1.789826E-11  1.789200E-11  1.788595E-11  1.789085E-11  1.781940E-11  1.775413E-11  1.776647E-11  1.786013E-11  1.788413E-11  1.787801E-11  1.780906E-11  1.773922E-11  1.775874E-11  1.783442E-11  1.786918E-11  1.786217E-11  1.786070E-11  1.785834E-11
0.000000E+00  5.077999E-11  5.077033E-11  5.077319E-11  5.075781E-11  5.074494E-11  5.074458E-11  5.055540E-11  5.035870E-11  5.039089E-11  5.065696E-11  5.073564E-11  5.071096E-11  5.053501E-11  5.031793E-11  5.037301E-11  5.058150E-11  5.068987E-11  5.066519E-11  5.065231E-11  5.064123E-11
0.000000E+00  4.241524E-09  4.241006E-09  4.241488E-09  4.240094E-09  4.238663E-09  4.238574E-09  4.223178E-09  4.206208E-09  4.208980E-09  4.230724E-09  4.237894E-09  4.236410E-09  4.221050E-09  4.202739E-09  4.207335E-09  4.224787E-09  4.233996E-09  4.232422E-09  4.231582E-09  4.230795E-09
Gas           Ref
0.000000E+00  -1.165367E-13 -1.165475E-13 -1.164187E-13 -1.164473E-13 -1.166369E-13 -1.165725E-13 -1.165725E-13 -1.165117E-13 -1.165332E-13 -1.165296E-13 -1.164902E-13 -1.164294E-13 -1.165689E-13 -1.165260E-13 -1.166726E-13 -1.166118E-13 -1.167728E-13 -1.167155E-13 -1.167871E-13 -1.166404E-13
0.000000E+00  -3.980045E-14 -3.967527E-14 -3.980045E-14 -3.984336E-14 -3.987197E-14 -3.992204E-14 -3.983263E-14 -3.980045E-14 -3.985051E-14 -3.993992E-14 -3.991846E-14 -3.978256E-14 -3.993634E-14 -4.001502E-14 -3.996853E-14 -3.979687E-14 -3.972534E-14 -3.981475E-14 -3.980045E-14 -3.974680E-14
0.000000E+00  1.396932E-13  1.402475E-13  1.406838E-13  1.406301E-13  1.406409E-13  1.406051E-13  1.405443E-13  1.404048E-13  1.404120E-13  1.402403E-13  1.403798E-13  1.403190E-13  1.401330E-13  1.401295E-13  1.403834E-13  1.404835E-13  1.404942E-13  1.404406E-13  1.402618E-13  1.401831E-13
0.000000E+00  1.747128E-11  1.751295E-11  1.752314E-11  1.751770E-11  1.751127E-11  1.750937E-11  1.750536E-11  1.750050E-11  1.749721E-11  1.748859E-11  1.749210E-11  1.749009E-11  1.748638E-11  1.748180E-11  1.747643E-11  1.748029E-11  1.747561E-11  1.747007E-11  1.746377E-11  1.745941E-11
0.000000E+00  5.005365E-11  5.016487E-11  5.019276E-11  5.018776E-11  5.017273E-11  5.016415E-11  5.015414E-11  5.014055E-11  5.012874E-11  5.010729E-11  5.011659E-11  5.010121E-11  5.009084E-11  5.009120E-11  5.007009E-11  5.007081E-11  5.005150E-11  5.004184E-11  5.002861E-11  5.002968E-11
0.000000E+00  4.188416E-09  4.198180E-09  4.200969E-09  4.200325E-09  4.198859E-09  4.198019E-09  4.197250E-09  4.196320E-09  4.195569E-09  4.193084E-09  4.194085E-09  4.193173E-09  4.191868E-09  4.192029E-09  4.190598E-09  4.190723E-09  4.189311E-09  4.187987E-09  4.187379E-09  4.186897E-09
Gas           Sam
0.000000E+00  -1.119198E-13 -1.116944E-13 -1.115693E-13 -1.114763E-13 -1.114834E-13 -1.112331E-13 -1.114620E-13 -1.114513E-13 -1.112081E-13 -1.111652E-13 -1.111508E-13 -1.109863E-13 -1.109470E-13 -1.108254E-13 -1.107825E-13 -1.108254E-13 -1.108254E-13 -1.107825E-13 -1.107324E-13 -1.106466E-13
0.000000E+00  -3.834847E-14 -3.820900E-14 -3.837708E-14 -3.833417E-14 -3.835205E-14 -3.830198E-14 -3.839496E-14 -3.834847E-14 -3.847364E-14 -3.851656E-14 -3.827695E-14 -3.821615E-14 -3.824119E-14 -3.826622E-14 -3.817323E-14 -3.808025E-14 -3.810171E-14 -3.820184E-14 -3.812317E-14 -3.813747E-14
0.000000E+00  1.505078E-13  1.503791E-13  1.500644E-13  1.502718E-13  1.502468E-13  1.504613E-13  1.504685E-13  1.507296E-13  1.507546E-13  1.509263E-13  1.504041E-13  1.500715E-13  1.512588E-13  1.517202E-13  1.517488E-13  1.512553E-13  1.506366E-13  1.508547E-13  1.515521E-13  1.519562E-13
0.000000E+00  1.773443E-11  1.770850E-11  1.765882E-11  1.766673E-11  1.767696E-11  1.768361E-11  1.768690E-11  1.768747E-11  1.768657E-11  1.765539E-11  1.757578E-11  1.759599E-11  1.770664E-11  1.770231E-11  1.770027E-11  1.759273E-11  1.756648E-11  1.762467E-11  1.768833E-11  1.768046E-11
0.000000E+00  5.030828E-11  5.025141E-11  5.008690E-11  5.011623E-11  5.014698E-11  5.016594E-11  5.017238E-11  5.018168E-11  5.018096E-11  5.009871E-11  4.984765E-11  4.991631E-11  5.023103E-11  5.021386E-11  5.020814E-11  4.990987E-11  4.982512E-11  4.997997E-11  5.017631E-11  5.015592E-11
0.000000E+00  4.202489E-09  4.197160E-09  4.183410E-09  4.185877E-09  4.188399E-09  4.190026E-09  4.190705E-09  4.191886E-09  4.191421E-09  4.184197E-09  4.163311E-09  4.168836E-09  4.195944E-09  4.194782E-09  4.194085E-09  4.169122E-09  4.161970E-09  4.174880E-09  4.191492E-09  4.189900E-09
Gas           Ref
0.000000E+00  -1.167334E-13 -1.167120E-13 -1.167906E-13 -1.167477E-13 -1.166619E-13 -1.166941E-13 -1.165582E-13 -1.166655E-13 -1.167263E-13 -1.167656E-13 -1.165653E-13 -1.164473E-13 -1.166547E-13 -1.166297E-13 -1.167191E-13 -1.167120E-13 -1.167620E-13 -1.166047E-13 -1.166011E-13 -1.166655E-13
0.000000E+00  -3.998999E-14 -4.006867E-14 -4.024033E-14 -4.025821E-14 -4.028682E-14 -4.019741E-14 -3.988270E-14 -3.987197E-14 -3.991846E-14 -4.014376E-14 -4.003648E-14 -3.994350E-14 -4.007582E-14 -4.023675E-14 -4.023675E-14 -4.018668E-14 -4.013661E-14 -4.022602E-14 -4.014734E-14 -4.012946E-14
0.000000E+00  1.387097E-13  1.384272E-13  1.377047E-13  1.372792E-13  1.371504E-13  1.380516E-13  1.382483E-13  1.382555E-13  1.383163E-13  1.380981E-13  1.381661E-13  1.378979E-13  1.368393E-13  1.368143E-13  1.373614E-13  1.377226E-13  1.379157E-13  1.381446E-13  1.375867E-13  1.366426E-13
0.000000E+00  1.732390E-11  1.732108E-11  1.720331E-11  1.719569E-11  1.724372E-11  1.731468E-11  1.730223E-11  1.729762E-11  1.729536E-11  1.729179E-11  1.728764E-11  1.721833E-11  1.716000E-11  1.717520E-11  1.728439E-11  1.727544E-11  1.726976E-11  1.726582E-11  1.716826E-11  1.713661E-11
0.000000E+00  4.962413E-11  4.962413E-11  4.929655E-11  4.925828E-11  4.940169E-11  4.960375E-11  4.957192E-11  4.955726E-11  4.954724E-11  4.953294E-11  4.953222E-11  4.933767E-11  4.915921E-11  4.920356E-11  4.951756E-11  4.949717E-11  4.948287E-11  4.947214E-11  4.918568E-11  4.909735E-11
0.000000E+00  4.153262E-09  4.152332E-09  4.125259E-09  4.121933E-09  4.133824E-09  4.151044E-09  4.148648E-09  4.147540E-09  4.146806E-09  4.145555E-09  4.145161E-09  4.128978E-09  4.113332E-09  4.117231E-09  4.143552E-09  4.141871E-09  4.141013E-09  4.140101E-09  4.116194E-09  4.108683E-09
Gas           Sam
0.000000E+00  -1.119484E-13 -1.117624E-13 -1.117874E-13 -1.116479E-13 -1.114799E-13 -1.114262E-13 -1.115228E-13 -1.112939E-13 -1.112796E-13 -1.111866E-13 -1.110901E-13 -1.110865E-13 -1.109685E-13 -1.109398E-13 -1.107503E-13 -1.109899E-13 -1.108576E-13 -1.108183E-13 -1.107145E-13 -1.106466E-13
0.000000E+00  -3.862742E-14 -3.864530E-14 -3.858451E-14 -3.847006E-14 -3.845934E-14 -3.855590E-14 -3.842358E-14 -3.850941E-14 -3.836993E-14 -3.831629E-14 -3.835562E-14 -3.840212E-14 -3.846649E-14 -3.854517E-14 -3.851298E-14 -3.849510E-14 -3.850941E-14 -3.853086E-14 -3.841642E-14 -3.844503E-14
0.000000E+00  1.480295E-13  1.480044E-13  1.483692E-13  1.485909E-13  1.483871E-13  1.485802E-13  1.489235E-13  1.489557E-13  1.492490E-13  1.490988E-13  1.491059E-13  1.491667E-13  1.492883E-13  1.493134E-13  1.494242E-13  1.497675E-13  1.492883E-13  1.494421E-13  1.496030E-13  1.498069E-13
0.000000E+00  1.754656E-11  1.754045E-11  1.754202E-11  1.754109E-11  1.753687E-11  1.753365E-11  1.753365E-11  1.752825E-11  1.752965E-11  1.752339E-11  1.752096E-11  1.751738E-11  1.751784E-11  1.751584E-11  1.751094E-11  1.750715E-11  1.750966E-11  1.751230E-11  1.750000E-11  1.750046E-11
0.000000E+00  4.978506E-11  4.977612E-11  4.976397E-11  4.976039E-11  4.975216E-11  4.973321E-11  4.974322E-11  4.971712E-11  4.973035E-11  4.970638E-11  4.970818E-11  4.968529E-11  4.968886E-11  4.969316E-11  4.967849E-11  4.967241E-11  4.967027E-11  4.967384E-11  4.963880E-11  4.963880E-11
0.000000E+00  4.158840E-09  4.157678E-09  4.156909E-09  4.156784E-09  4.155908E-09  4.154459E-09  4.154960E-09  4.152958E-09  4.154013E-09  4.152278E-09  4.152403E-09  4.150454E-09  4.151294E-09  4.150901E-09  4.149989E-09  4.148666E-09  4.149310E-09  4.149202E-09  4.146592E-09  4.146127E-09
Gas           Ref
0.000000E+00  -1.167012E-13 -1.166834E-13 -1.166226E-13 -1.166369E-13 -1.166583E-13 -1.166834E-13 -1.168121E-13 -1.167799E-13 -1.165689E-13 -1.167692E-13 -1.167120E-13 -1.166190E-13 -1.165797E-13 -1.165403E-13 -1.164795E-13 -1.165510E-13 -1.166798E-13 -1.165975E-13 -1.165904E-13 -1.165439E-13
0.000000E+00  -4.025821E-14 -4.020099E-14 -4.027967E-14 -4.034761E-14 -4.033689E-14 -4.039768E-14 -4.028682E-14 -4.021171E-14 -4.016165E-14 -4.008297E-14 -4.014376E-14 -4.017238E-14 -4.051213E-14 -4.046563E-14 -4.050497E-14 -4.060511E-14 -4.058007E-14 -4.021171E-14 -4.023317E-14 -4.047993E-14
0.000000E+00  1.360310E-13  1.357807E-13  1.349188E-13  1.350011E-13  1.349975E-13  1.355661E-13  1.357414E-13  1.359273E-13  1.359667E-13  1.359810E-13  1.359667E-13  1.359452E-13  1.353587E-13  1.346792E-13  1.347507E-13  1.351262E-13  1.353158E-13  1.354624E-13  1.351763E-13  1.348008E-13
0.000000E+00  1.711884E-11  1.708959E-11  1.697994E-11  1.699936E-11  1.707861E-11  1.711351E-11  1.710657E-11  1.710010E-11  1.709395E-11  1.709169E-11  1.708490E-11  1.708358E-11  1.698126E-11  1.695812E-11  1.698380E-11  1.708322E-11  1.707374E-11  1.706984E-11  1.703508E-11  1.698816E-11
0.000000E+00  4.905229E-11  4.897289E-11  4.864817E-11  4.871039E-11  4.892104E-11  4.901795E-11  4.900222E-11  4.899042E-11  4.898112E-11  4.896610E-11  4.895358E-11  4.894714E-11  4.867069E-11  4.858451E-11  4.865496E-11  4.894178E-11  4.891960E-11  4.889886E-11  4.880624E-11  4.866247E-11
0.000000E+00  4.105161E-09  4.098580E-09  4.071168E-09  4.075710E-09  4.094056E-09  4.102442E-09  4.100744E-09  4.099975E-09  4.099170E-09  4.097847E-09  4.096560E-09  4.095845E-09  4.072938E-09  4.065786E-09  4.071472E-09  4.095791E-09  4.094092E-09  4.092572E-09  4.084615E-09  4.072223E-09
Gas           Sam
0.000000E+00  -1.120878E-13 -1.119054E-13 -1.117660E-13 -1.116408E-13 -1.115013E-13 -1.113726E-13 -1.113297E-13 -1.114191E-13 -1.113404E-13 -1.111687E-13 -1.111437E-13 -1.111973E-13 -1.112617E-13 -1.110507E-13 -1.108576E-13 -1.109792E-13 -1.110006E-13 -1.111401E-13 -1.109434E-13 -1.107610E-13
0.000000E+00  -3.873113E-14 -3.875617E-14 -3.867034E-14 -3.882769E-14 -3.867034E-14 -3.869180E-14 -3.881339E-14 -3.875617E-14 -3.880981E-14 -3.878120E-14 -3.869180E-14 -3.858451E-14 -3.870252E-14 -3.855947E-14 -3.858093E-14 -3.879551E-14 -3.874902E-14 -3.865603E-14 -3.875617E-14 -3.869180E-14
0.000000E+00  1.454832E-13  1.449717E-13  1.451005E-13  1.456798E-13  1.464273E-13  1.466955E-13  1.468922E-13  1.466669E-13  1.457871E-13  1.456512E-13  1.470460E-13  1.474215E-13  1.471855E-13  1.473714E-13  1.472641E-13  1.473500E-13  1.464917E-13  1.462771E-13  1.468350E-13  1.475109E-13
0.000000E+00  1.735273E-11  1.724276E-11  1.725710E-11  1.734619E-11  1.737136E-11  1.736732E-11  1.735902E-11  1.728582E-11  1.723514E-11  1.728861E-11  1.736074E-11  1.735226E-11  1.734204E-11  1.733985E-11  1.734214E-11  1.732369E-11  1.720506E-11  1.722191E-11  1.731779E-11  1.733034E-11
0.000000E+00  4.924505E-11  4.892604E-11  4.896180E-11  4.919748E-11  4.928796E-11  4.927687E-11  4.925721E-11  4.904978E-11  4.889886E-11  4.903297E-11  4.924755E-11  4.922180E-11  4.920464E-11  4.918997E-11  4.919212E-11  4.914742E-11  4.881518E-11  4.885523E-11  4.912345E-11  4.916959E-11
0.000000E+00  4.112760E-09  4.086260E-09  4.089372E-09  4.109452E-09  4.117052E-09  4.115943E-09  4.114245E-09  4.097185E-09  4.083882E-09  4.095505E-09  4.113780E-09  4.111508E-09  4.110329E-09  4.108916E-09  4.109184E-09  4.105518E-09  4.076944E-09  4.080448E-09  4.102926E-09  4.107163E-09
Gas           Ref
0.000000E+00  -1.167799E-13 -1.166440E-13 -1.166869E-13 -1.165332E-13 -1.166083E-13 -1.166261E-13 -1.168622E-13 -1.167906E-13 -1.166869E-13 -1.166261E-13 -1.167799E-13 -1.165189E-13 -1.165868E-13 -1.167334E-13 -1.166905E-13 -1.167299E-13 -1.168157E-13 -1.168586E-13 -1.168800E-13 -1.167120E-13
0.000000E+00  -4.046563E-14 -4.060511E-14 -4.065160E-14 -4.068021E-14 -4.052643E-14 -4.059796E-14 -4.046206E-14 -4.060153E-14 -4.044417E-14 -4.054073E-14 -4.055504E-14 -4.061584E-14 -4.062657E-14 -4.057292E-14 -4.029397E-14 -4.025463E-14 -4.045133E-14 -4.058365E-14 -4.054431E-14 -4.045848E-14
0.000000E+00  1.336349E-13  1.336814E-13  1.337637E-13  1.334025E-13  1.334561E-13  1.333810E-13  1.332737E-13  1.335169E-13  1.333453E-13  1.335563E-13  1.333238E-13  1.333774E-13  1.332737E-13  1.332237E-13  1.332487E-13  1.332523E-13  1.329805E-13  1.331128E-13  1.332415E-13  1.330878E-13
0.000000E+00  1.691835E-11  1.690970E-11  1.690720E-11  1.690083E-11  1.689833E-11  1.690473E-11  1.689504E-11  1.689661E-11  1.688617E-11  1.688195E-11  1.688434E-11  1.687494E-11  1.687504E-11  1.687258E-11  1.686542E-11  1.686492E-11  1.686160E-11  1.685945E-11  1.685652E-11  1.685344E-11
0.000000E+00  4.847472E-11  4.843967E-11  4.843860E-11  4.842644E-11  4.841678E-11  4.842572E-11  4.840390E-11  4.840784E-11  4.837351E-11  4.837029E-11  4.837780E-11  4.835383E-11  4.834919E-11  4.834847E-11  4.833917E-11  4.831915E-11  4.832451E-11  4.831593E-11  4.830234E-11  4.828768E-11
0.000000E+00  4.056774E-09  4.053787E-09  4.053734E-09  4.052607E-09  4.051981E-09  4.052500E-09  4.050926E-09  4.051337E-09  4.048405E-09  4.048226E-09  4.048601E-09  4.046492E-09  4.046116E-09  4.046080E-09  4.044775E-09  4.043398E-09  4.043881E-09  4.043058E-09  4.042272E-09  4.041467E-09
Gas           Sam
0.000000E+00  -1.121021E-13 -1.119627E-13 -1.120092E-13 -1.118518E-13 -1.117910E-13 -1.118089E-13 -1.116193E-13 -1.114227E-13 -1.112295E-13 -1.111866E-13 -1.113368E-13 -1.110972E-13 -1.111508E-13 -1.110114E-13 -1.110543E-13 -1.110650E-13 -1.109863E-13 -1.110221E-13 -1.108969E-13 -1.108755E-13
0.000000E+00  -3.882054E-14 -3.903512E-14 -3.903154E-14 -3.889564E-14 -3.888134E-14 -3.898147E-14 -3.898505E-14 -3.888849E-14 -3.874544E-14 -3.877405E-14 -3.870252E-14 -3.884915E-14 -3.871325E-14 -3.879193E-14 -3.891352E-14 -3.897790E-14 -3.892783E-14 -3.871325E-14 -3.879551E-14 -3.879908E-14
0.000000E+00  1.440133E-13  1.439060E-13  1.441420E-13  1.440848E-13  1.444317E-13  1.447250E-13  1.447786E-13  1.445748E-13  1.448251E-13  1.448931E-13  1.451041E-13  1.448430E-13  1.450540E-13  1.450504E-13  1.452400E-13  1.451577E-13  1.452257E-13  1.452972E-13  1.454331E-13  1.453437E-13
0.000000E+00  1.719959E-11  1.719809E-11  1.719476E-11  1.718872E-11  1.719097E-11  1.718504E-11  1.718429E-11  1.718235E-11  1.718307E-11  1.717649E-11  1.717509E-11  1.716823E-11  1.717342E-11  1.716215E-11  1.716172E-11  1.716061E-11  1.715657E-11  1.715378E-11  1.715339E-11  1.714641E-11
0.000000E+00  4.880516E-11  4.879300E-11  4.878978E-11  4.876404E-11  4.876761E-11  4.876261E-11  4.875760E-11  4.875259E-11  4.874794E-11  4.873686E-11  4.873328E-11  4.870861E-11  4.871862E-11  4.869180E-11  4.869501E-11  4.869609E-11  4.867964E-11  4.866605E-11  4.866605E-11  4.864959E-11
0.000000E+00  4.076550E-09  4.075585E-09  4.075120E-09  4.073600E-09  4.073528E-09  4.073385E-09  4.072545E-09  4.072187E-09  4.071847E-09  4.070918E-09  4.070757E-09  4.068486E-09  4.069523E-09  4.067180E-09  4.067502E-09  4.067127E-09  4.065821E-09  4.064820E-09  4.064731E-09  4.063604E-09
Gas           Ref
0.000000E+00  -1.165117E-13 -1.166547E-13 -1.168014E-13 -1.166333E-13 -1.167763E-13 -1.168049E-13 -1.167692E-13 -1.167191E-13 -1.168872E-13 -1.166691E-13 -1.167012E-13 -1.166369E-13 -1.164759E-13 -1.166798E-13 -1.165224E-13 -1.164795E-13 -1.166011E-13 -1.166512E-13 -1.167263E-13 -1.167549E-13
0.000000E+00  -4.071239E-14 -4.074100E-14 -4.069809E-14 -4.067663E-14 -4.052643E-14 -4.058365E-14 -4.058723E-14 -4.076604E-14 -4.080896E-14 -4.081968E-14 -4.088048E-14 -4.084472E-14 -4.090194E-14 -4.084114E-14 -4.067663E-14 -4.073028E-14 -4.075173E-14 -4.074816E-14 -4.086975E-14 -4.079107E-14
0.000000E+00  1.312317E-13  1.313354E-13  1.313926E-13  1.312889E-13  1.311673E-13  1.310779E-13  1.305271E-13  1.296724E-13  1.296796E-13  1.307417E-13  1.306416E-13  1.299514E-13  1.300157E-13  1.304663E-13  1.308097E-13  1.309134E-13  1.308168E-13  1.305736E-13  1.296653E-13  1.295544E-13
0.000000E+00  1.671268E-11  1.671107E-11  1.670717E-11  1.669945E-11  1.670281E-11  1.669205E-11  1.657045E-11  1.657471E-11  1.662227E-11  1.669348E-11  1.660300E-11  1.656434E-11  1.657689E-11  1.666755E-11  1.667248E-11  1.666873E-11  1.666437E-11  1.660782E-11  1.653519E-11  1.655425E-11
0.000000E+00  4.787927E-11  4.787962E-11  4.787605E-11  4.785280E-11  4.785530E-11  4.783349E-11  4.748087E-11  4.749517E-11  4.761390E-11  4.784207E-11  4.758744E-11  4.746370E-11  4.750519E-11  4.775231E-11  4.777949E-11  4.776053E-11  4.774980E-11  4.759781E-11  4.738395E-11  4.743008E-11
0.000000E+00  4.007099E-09  4.007152E-09  4.006133E-09  4.004435E-09  4.005060E-09  4.003487E-09  3.973267E-09  3.974322E-09  3.984050E-09  4.003415E-09  3.982441E-09  3.971122E-09  3.974948E-09  3.996102E-09  3.998337E-09  3.997085E-09  3.995709E-09  3.983638E-09  3.965042E-09  3.969047E-09
Gas           Sam
0.000000E+00  -1.120771E-13 -1.120413E-13 -1.118911E-13 -1.118911E-13 -1.115800E-13 -1.115907E-13 -1.114870E-13 -1.115764E-13 -1.116193E-13 -1.114763E-13 -1.113583E-13 -1.112188E-13 -1.109220E-13 -1.109792E-13 -1.110865E-13 -1.111652E-13 -1.111187E-13 -1.107861E-13 -1.107861E-13 -1.110328E-13
0.000000E+00  -3.935341E-14 -3.945712E-14 -3.925685E-14 -3.921393E-14 -3.904585E-14 -3.903869E-14 -3.899220E-14 -3.914598E-14 -3.928188E-14 -3.917101E-14 -3.914598E-14 -3.909592E-14 -3.886704E-14 -3.889922E-14 -3.888134E-14 -3.914241E-14 -3.911022E-14 -3.913168E-14 -3.899936E-14 -3.918532E-14
0.000000E+00  1.415886E-13  1.409377E-13  1.407482E-13  1.416995E-13  1.423789E-13  1.425184E-13  1.425828E-13  1.425899E-13  1.420070E-13  1.412989E-13  1.418497E-13  1.427974E-13  1.427616E-13  1.429082E-13  1.425613E-13  1.431729E-13  1.431443E-13  1.434161E-13  1.431657E-13  1.427759E-13
0.000000E+00  1.697418E-11  1.689979E-11  1.692354E-11  1.702757E-11  1.702021E-11  1.701466E-11  1.701491E-11  1.701012E-11  1.690187E-11  1.688899E-11  1.695247E-11  1.700604E-11  1.700211E-11  1.699735E-11  1.699102E-11  1.699067E-11  1.698591E-11  1.698559E-11  1.698366E-11  1.686725E-11
0.000000E+00  4.816430E-11  4.795222E-11  4.801302E-11  4.829912E-11  4.829483E-11  4.828160E-11  4.826979E-11  4.827087E-11  4.795044E-11  4.791825E-11  4.808812E-11  4.824798E-11  4.823797E-11  4.821973E-11  4.821758E-11  4.821222E-11  4.819112E-11  4.819076E-11  4.817967E-11  4.786532E-11
0.000000E+00  4.023139E-09  4.005043E-09  4.009942E-09  4.034368E-09  4.034118E-09  4.033188E-09  4.032652E-09  4.031704E-09  4.005293E-09  4.002235E-09  4.016594E-09  4.030112E-09  4.029039E-09  4.027841E-09  4.027358E-09  4.027072E-09  4.025731E-09  4.025517E-09  4.024855E-09  3.997962E-09
Gas           Ref
0.000000E+00  -1.166869E-13 -1.166190E-13 -1.166011E-13 -1.166404E-13 -1.164795E-13 -1.166404E-13 -1.168014E-13 -1.165725E-13 -1.167906E-13 -1.167155E-13 -1.167871E-13 -1.168693E-13 -1.168586E-13 -1.166583E-13 -1.165296E-13 -1.164831E-13 -1.166691E-13 -1.166691E-13 -1.166369E-13 -1.166154E-13
0.000000E+00  -4.092339E-14 -4.074458E-14 -4.077677E-14 -4.095916E-14 -4.100923E-14 -4.081968E-14 -4.077677E-14 -4.094128E-14 -4.084472E-14 -4.110578E-14 -4.133109E-14 -4.108433E-14 -4.083041E-14 -4.071239E-14 -4.075173E-14 -4.079823E-14 -4.107717E-14 -4.100923E-14 -4.097346E-14 -4.091267E-14
0.000000E+00  1.288570E-13  1.289250E-13  1.289286E-13  1.288678E-13  1.289428E-13  1.290644E-13  1.288534E-13  1.287140E-13  1.288821E-13  1.288427E-13  1.288785E-13  1.288678E-13  1.287068E-13  1.285352E-13  1.286281E-13  1.285745E-13  1.284136E-13  1.287211E-13  1.287712E-13  1.284386E-13
0.000000E+00  1.651402E-11  1.651159E-11  1.650923E-11  1.650819E-11  1.650254E-11  1.649986E-11  1.649671E-11  1.649363E-11  1.648723E-11  1.648054E-11  1.648112E-11  1.647500E-11  1.647776E-11  1.647650E-11  1.646824E-11  1.646463E-11  1.646252E-11  1.646513E-11  1.645748E-11  1.645873E-11
0.000000E+00  4.732459E-11  4.731063E-11  4.730706E-11  4.730170E-11  4.729240E-11  4.727702E-11  4.727273E-11  4.726092E-11  4.725163E-11  4.723947E-11  4.722302E-11  4.721122E-11  4.721694E-11  4.720835E-11  4.718761E-11  4.718475E-11  4.717474E-11  4.717831E-11  4.715829E-11  4.716151E-11
0.000000E+00  3.960071E-09  3.959499E-09  3.958908E-09  3.958479E-09  3.957299E-09  3.956781E-09  3.956262E-09  3.955100E-09  3.953938E-09  3.952847E-09  3.951953E-09  3.950558E-09  3.951559E-09  3.950737E-09  3.949127E-09  3.948609E-09  3.947983E-09  3.947786E-09  3.946409E-09  3.946713E-09
 Gas          
0.000000E+00  0.000000E+00  0.000000E+00  0.000000E+00  0.000000E+00  0.000000E+00  0.000000E+00  0.000000E+00  0.000000E+00  0.000000E+00  0.000000E+00  0.000000E+00  0.000000E+00  0.000000E+00  0.000000E+00  0.000000E+00  0.000000E+00  0.000000E+00  0.000000E+00  0.000000E+00  0.000000E+00
0.000000E+00  0.000000E+00  0.000000E+00  0.000000E+00  0.000000E+00  0.000000E+00  0.000000E+00  0.000000E+00  0.000000E+00  0.000000E+00  0.000000E+00  0.000000E+00  0.000000E+00  0.000000E+00  0.000000E+00  0.000000E+00  0.000000E+00  0.000000E+00  0.000000E+00  0.000000E+00  0.000000E+00
0.000000E+00  0.000000E+00  0.000000E+00  0.000000E+00  0.000000E+00  0.000000E+00  0.000000E+00  0.000000E+00  0.000000E+00  0.000000E+00  0.000000E+00  0.000000E+00  0.000000E+00  0.000000E+00  0.000000E+00  0.000000E+00  0.000000E+00  0.000000E+00  0.000000E+00  0.000000E+00  0.000000E+00
0.000000E+00  0.000000E+00  0.000000E+00  0.000000E+00  0.000000E+00  0.000000E+00  0.000000E+00  0.000000E+00  0.000000E+00  0.000000E+00  0.000000E+00  0.000000E+00  0.000000E+00  0.000000E+00  0.000000E+00  0.000000E+00  0.000000E+00  0.000000E+00  0.000000E+00  0.000000E+00  0.000000E+00
0.000000E+00  0.000000E+00  0.000000E+00  0.000000E+00  0.000000E+00  0.000000E+00  0.000000E+00  0.000000E+00  0.000000E+00  0.000000E+00  0.000000E+00  0.000000E+00  0.000000E+00  0.000000E+00  0.000000E+00  0.000000E+00  0.000000E+00  0.000000E+00  0.000000E+00  0.000000E+00  0.000000E+00
0.000000E+00  0.000000E+00  0.000000E+00  0.000000E+00  0.000000E+00  0.000000E+00  0.000000E+00  0.000000E+00  0.000000E+00  0.000000E+00  0.000000E+00  0.000000E+00  0.000000E+00  0.000000E+00  0.000000E+00  0.000000E+00  0.000000E+00  0.000000E+00  0.000000E+00  0.000000E+00  0.000000E+00
End of Analysis
"H3 factor",13.13339
"Linearity factor (0)",52.88039
"Linearity factor (1)",18.00761
"Linearity factor (2)",-.1321419
"Linearity factor (3)",9.804096E-04
"Linearity factor (4)",-7.965973E-02
"Linearity factor (5)",0
"Collector Gains :",500,5000,5000,5000,500,500,50,500,1,5
"Number of deflectors available : ",33
"Source HT",8000
"Extraction V",780
"H Defl",310
"Trap",850
"Trap Voltage",24
"Repeller",4
"Filament V",-110
"Delta HP",19
"Z Lens",110
"Delta Z",130
"Max Current",3.5
"Heater Current",1
"Quad 1",120
"Cubic 1",50
"Lin 1",0
"Deflect 1 I",5
"Deflect 1 O",5
"Offset 1",0
"Offset 2",0
"Quad 2",-620
"Cubic 2",0
"Lin 2",0
"Q1 I Cor",0
"Q1 O Cor",0
"Suppressor",-100
"Mop Plate",-15
"ESA H1",790
"ESA H1 delta",0
"ESA H2",800
"ESA H2 delta",0
"ESA H3",820
"ESA H3 delta",0
"ESA HD",0
"ESA HD delta",0
"Batch Started: ","13:02:19 15:29:56"
"Data File: ","C:\Nu Stable\Results\2019\201902013 standard PD4 BSS WNI ZE NTA\Data_9282 PD4 127.9.txt"
"Sample Name: ","PD4 127.9"
"Sample Weight: ",62
"Sample Type: ","Sam"
"Vial Number: ",5
"Sam Beam First CO: ","4.224416e-09"
"Sam Beam Last CO: ","4.018132e-09"
"Ref Beam First CO: ","4.235988e-09"
"Ref Beam Second CO: ","4.189495e-09"
"Ref BeamLast CO: ","3.948974e-09"
"Sam Depletion: ","5 %"
"Ref Depletion: ","7 %"
"Observed CP Temperature: ",70.256
"Std Dev: ","0.000e00"
"Min: ","70.256"
"Max: ","70.256"
"Ave Started: ","13:02:19 17:24:22"
"Ave Stopped: ","13:02:19 17:27:30"
"Num: ",6
"Current Mass: ",46.03441
"Method File Name","C:\Nu Stable\Analyses\DI\040216 12-12-20 6 collectors.rdf"
"Version 6"
"Analysis Type","DI"
"Analysis Calculation Routine ","Clumped CO2 Iterative"
"Gas ID ","CO2"
"Ref Gas Identifier ","AirLiquide01"
"Centring collector ",8
"Num of Ref/Sam cycles ",6
"Cycles length(secs) ",20
"C/O valve stabilisation time ",12
"Offset for zero measurement(amu) ",0
"Zero measurement time ",20
"Spare",0
"Spare",0
0
-1
-1
-1
-1
0
-1
0
-1
0
"Num Clumped Blocks","1"
"Do zero at start of block",#FALSE#
"Balance beams",#FALSE#
"Mag Hysteresis Offset",.001
"Apply Hysteresis Offset",#FALSE#
"Target Beam (A) ",.00000005
"Use CF with Bellows ",#FALSE#
"DI Auto Gas balancing: ","True"
"Pirani pressure",3.398285E-02
"Cold finger status","CF"
"Inlet transducer pressure",-1.041889E-04
"Sample operations:  InitialisePrepSampleRun; CheckIfCFRequired; UseCF; SampleTrapped; BalanceRefToSamValue; DepletingBalance; SampleReady;"
"Number of sample chops",0
"Number of sample double chops",0
"Run from bellows",#FALSE#
"Max sample pump-over pressure (mBar)","0.000000e00"
"Max sample pump-over pressure (raw)",0
"Pre-balance Sam Beam","4.321717e-09"
"Min ref beam","3.024462e-09"
"Max ref beam","1.796463e-08"
"Ref bellows position",6213
"Sam bellows position",8449
"Balance %",.1219664
"Initial Sam Beam","4.495601e-09"
"Final Ref Beam","4.368929e-09"
"Final Sam Beam","4.374258e-09"
"Pre-depleted Ref Beam",4.375259E-09
"InletPiraniPressure",3.398285E-02
"Depletion Factor",.96
"Balance End","13/02/19 18:06:52"
"Water Trap Temperature Hot",-195.1766
"Water Trap Temperature Cold",-195.1766
"DP Version",25
"Num Gas Cycles ",1
"UseFrontHeightThreshold(1)",#TRUE#
"FrontHeightThreshold(1)",2
"UseBackHeightThreshold(1)",#TRUE#
"BackHeightThreshold(1)",2.7
"UsePeakWidthLimit(1)",#FALSE#
"PeakWidthLimit(1)",6
"RefGasFrontHeightThreshold(1)",40
"RefGasBackHeightThreshold(1)",10
"Measure_Elemental_Comp",#TRUE#
"Use_TCD_For_Elem_Calcs",#FALSE#
"Sample_Name","PD4 127.9"
"Sample_Type","Sam"
"Sample_Weight",62
"Sample_Vial",5
"Standard_Type",""
"NoAnalysisCycles",1
"Gas1","CO2"
"Ref Gas1","AirLiquide01"
"Analysis_Routine1","Clumped CO2 Iterative"
"ZeroWidth1",10
"NoZeros1",1
"ZeroTime1",10
"Delta wrt Std 1",#FALSE#
"AllowLinearityCorrection",#FALSE#
"Num Collectors",6
"LinearityFactor(Cent)",52880.39
"LinearityFactor(Low2)",18007.61
"LinearityFactor(Low4)",-132.1419
"LinearityFactor()",.9804096
"LinearityFactor()",-79.65973
"LinearityFactor()",0
"UseH3Factor",#FALSE#
"H3Factor",0
"Axial Mass",46
"Anal Start",0
"Anal End",0
"Calc Linearity Correction from Ref Peaks",#FALSE#
"Temperature",25
"Std Temperature",25
"A_Factor",1.01025
"K_Factor",.04
"TemperatureCorrectionEnabled",#FALSE#
"GC ZeroMethod","Lowest Peak Limit"
"GC AllowZeroToCutPoints",#FALSE#
"GC UseIsotopicShift",#TRUE#
"GC InterpolatePeakHeight",#TRUE#
"GC NumZeroPoints",10
"GC Min Peak Height",.0000000001
"GC No UserPeaks",0
"SmoothingInterval",10
"DropFactor",1
"GradientRejectfactor",10
"SectionSize",100
"BackgroundStartTime",1
"CutOffTime",1000
"UseNewBackgroundCalcn",#FALSE#
"GC Label File","None.lab"
"GC No User Defined Background Points",0
"GC No Auto-detected Peaks to be Removed",0
"GC No Auto-calculated Background Points to Remove",0
"GC Std Peak In Sample",#FALSE#
"GC Std Peak Time",0
"Max Gap For Grouping EA Ref Pulses",20
"Group EA Ref Peaks",#FALSE#
"Use Defined Peak Limits (1)",#FALSE#
"Peak Start (1)",0
"Peak End (1)",0
"DP Version",25
"Num Gas Cycles ",1
"UseFrontHeightThreshold(1)",#TRUE#
"FrontHeightThreshold(1)",2
"UseBackHeightThreshold(1)",#TRUE#
"BackHeightThreshold(1)",2.7
"UsePeakWidthLimit(1)",#FALSE#
"PeakWidthLimit(1)",6
"RefGasFrontHeightThreshold(1)",40
"RefGasBackHeightThreshold(1)",10
"Measure_Elemental_Comp",#TRUE#
"Use_TCD_For_Elem_Calcs",#FALSE#
"Sample_Name","PD4 127.9"
"Sample_Type","Sam"
"Sample_Weight",62
"Sample_Vial",5
"Standard_Type",""
"NoAnalysisCycles",1
"Gas1","CO2"
"Ref Gas1","AirLiquide01"
"Analysis_Routine1","Clumped CO2 Iterative"
"ZeroWidth1",10
"NoZeros1",1
"ZeroTime1",10
"Delta wrt Std 1",#FALSE#
"AllowLinearityCorrection",#FALSE#
"Num Collectors",6
"LinearityFactor(Cent)",52880.39
"LinearityFactor(Low2)",18007.61
"LinearityFactor(Low4)",-132.1419
"LinearityFactor()",.9804096
"LinearityFactor()",-79.65973
"LinearityFactor()",0
"UseH3Factor",#FALSE#
"H3Factor",0
"Axial Mass",46
"Anal Start",0
"Anal End",0
"Calc Linearity Correction from Ref Peaks",#FALSE#
"Temperature",25
"Std Temperature",25
"A_Factor",1.01025
"K_Factor",.04
"TemperatureCorrectionEnabled",#FALSE#
"GC ZeroMethod","Lowest Peak Limit"
"GC AllowZeroToCutPoints",#FALSE#
"GC UseIsotopicShift",#TRUE#
"GC InterpolatePeakHeight",#TRUE#
"GC NumZeroPoints",10
"GC Min Peak Height",.0000000001
"GC No UserPeaks",0
"SmoothingInterval",10
"DropFactor",1
"GradientRejectfactor",10
"SectionSize",100
"BackgroundStartTime",1
"CutOffTime",1000
"UseNewBackgroundCalcn",#FALSE#
"GC Label File","None.lab"
"GC No User Defined Background Points",0
"GC No Auto-detected Peaks to be Removed",0
"GC No Auto-calculated Background Points to Remove",0
"GC Std Peak In Sample",#FALSE#
"GC Std Peak Time",0
"Max Gap For Grouping EA Ref Pulses",20
"Group EA Ref Peaks",#FALSE#
"Use Defined Peak Limits (1)",#FALSE#
"Peak Start (1)",0
"Peak End (1)",0
"End of Data file"


