"Clumped CO2 Iterative Analysis,         Data File Version 10"
"Started analysis at 10:06:55 PM on the Wednesday, February 13, 2019"
"UTC FileTimeLow",1460957568," UTC FileTimeHigh",30721042
"Time Zone ","Eastern Daylight Time"
"CO Disabled",#FALSE#
"Persective Instrument","PS019"
"User logged in",#FALSE#
"Software Version","Stable 1.69.5"
"Axial Mass is :",46
"No_C_O_Cycles",6
"Num Blocks",1
0
-1
-1
-1
-1
0
-1
0
-1
0
"Sample Name is ","PD4 125 L GREY"
Zero Data
-1.140088342472E-13, -5.838888502200E-14, -6.232815946575E-14, -3.573778693632E-14, 1.082719410818E-13, 3.956262054072E-12, Measured at start of run
Individual Data
No_C_O_Cycles                6 
Cycle_Length   20 
Zero_Measurement_Length      20 
Axial_Mass     46 
 Gas          Bla
0.000000E+00  -1.139189E-13 -1.138474E-13 -1.139868E-13 -1.139547E-13 -1.140226E-13 -1.141227E-13 -1.140369E-13 -1.140870E-13 -1.140691E-13 -1.141120E-13 -1.140834E-13 -1.140691E-13 -1.140155E-13 -1.140941E-13 -1.138831E-13 -1.138509E-13 -1.139690E-13 -1.139976E-13 -1.140441E-13 -1.140119E-13
0.000000E+00  -5.837565E-14 -5.835777E-14 -5.828625E-14 -5.813247E-14 -5.830413E-14 -5.848651E-14 -5.860096E-14 -5.845433E-14 -5.836493E-14 -5.838280E-14 -5.843287E-14 -5.836135E-14 -5.836493E-14 -5.837208E-14 -5.850082E-14 -5.834347E-14 -5.845790E-14 -5.841499E-14 -5.841499E-14 -5.836850E-14
0.000000E+00  -6.249196E-14 -6.252056E-14 -6.237751E-14 -6.231672E-14 -6.237393E-14 -6.231672E-14 -6.236321E-14 -6.228095E-14 -6.238109E-14 -6.239539E-14 -6.240254E-14 -6.228811E-14 -6.232029E-14 -6.218797E-14 -6.217367E-14 -6.234532E-14 -6.225234E-14 -6.214147E-14 -6.226665E-14 -6.236679E-14
0.000000E+00  -3.536943E-14 -3.504757E-14 -3.511909E-14 -3.501180E-14 -3.479722E-14 -3.501180E-14 -3.572706E-14 -3.569130E-14 -3.601316E-14 -3.569130E-14 -3.536943E-14 -3.612045E-14 -3.619198E-14 -3.597740E-14 -3.637079E-14 -3.622773E-14 -3.651384E-14 -3.594163E-14 -3.629926E-14 -3.626350E-14
0.000000E+00  1.112224E-13  1.101495E-13  1.090766E-13  1.101495E-13  1.105071E-13  1.090766E-13  1.087190E-13  1.083614E-13  1.080037E-13  1.076461E-13  1.062156E-13  1.072885E-13  1.087190E-13  1.076461E-13  1.065732E-13  1.076461E-13  1.069308E-13  1.087190E-13  1.058579E-13  1.069308E-13
0.000000E+00  4.094843E-12  4.112724E-12  4.112724E-12  4.094843E-12  4.005436E-12  4.005436E-12  3.951792E-12  3.969673E-12  3.987555E-12  3.898147E-12  3.916029E-12  3.951792E-12  3.880266E-12  3.933910E-12  3.933910E-12  3.880266E-12  3.844503E-12  3.844503E-12  3.808741E-12  3.898147E-12
Gas           Ref
0.000000E+00  -1.137687E-13 -1.135219E-13 -1.136256E-13 -1.135112E-13 -1.135112E-13 -1.137007E-13 -1.137615E-13 -1.137329E-13 -1.138009E-13 -1.138009E-13 -1.137866E-13 -1.136721E-13 -1.136078E-13 -1.136435E-13 -1.136292E-13 -1.136972E-13 -1.135470E-13 -1.136399E-13 -1.136721E-13 -1.136542E-13
0.000000E+00  -4.059796E-14 -4.083399E-14 -4.078392E-14 -4.071239E-14 -4.079465E-14 -4.089121E-14 -4.091267E-14 -4.082326E-14 -4.089836E-14 -4.077677E-14 -4.085545E-14 -4.076246E-14 -4.078392E-14 -4.084472E-14 -4.085902E-14 -4.091267E-14 -4.067663E-14 -4.069809E-14 -4.078392E-14 -4.086618E-14
0.000000E+00  1.245190E-13  1.240219E-13  1.239825E-13  1.247872E-13  1.249124E-13  1.249231E-13  1.238860E-13  1.236428E-13  1.234819E-13  1.244761E-13  1.250697E-13  1.248695E-13  1.248552E-13  1.246692E-13  1.245905E-13  1.248552E-13  1.248444E-13  1.246835E-13  1.244904E-13  1.244439E-13
0.000000E+00  1.595494E-11  1.594500E-11  1.595698E-11  1.605937E-11  1.605951E-11  1.602818E-11  1.592551E-11  1.594471E-11  1.598151E-11  1.604513E-11  1.603719E-11  1.603172E-11  1.603097E-11  1.603151E-11  1.602486E-11  1.602242E-11  1.601985E-11  1.601706E-11  1.601312E-11  1.600898E-11
0.000000E+00  4.572098E-11  4.568772E-11  4.572420E-11  4.602174E-11  4.601674E-11  4.593091E-11  4.563586E-11  4.568593E-11  4.578571E-11  4.598348E-11  4.596452E-11  4.594271E-11  4.594307E-11  4.593377E-11  4.592626E-11  4.591016E-11  4.590515E-11  4.590337E-11  4.588513E-11  4.588084E-11
0.000000E+00  3.825799E-09  3.823117E-09  3.825853E-09  3.851012E-09  3.850637E-09  3.843520E-09  3.818790E-09  3.822473E-09  3.831396E-09  3.848062E-09  3.846238E-09  3.844700E-09  3.844718E-09  3.843895E-09  3.843037E-09  3.841821E-09  3.841553E-09  3.841124E-09  3.839729E-09  3.839336E-09
Gas           Sam
0.000000E+00  -1.100851E-13 -1.099957E-13 -1.099135E-13 -1.096846E-13 -1.095379E-13 -1.094843E-13 -1.096417E-13 -1.095379E-13 -1.094700E-13 -1.092662E-13 -1.092161E-13 -1.094378E-13 -1.094199E-13 -1.093949E-13 -1.092197E-13 -1.090587E-13 -1.090623E-13 -1.089264E-13 -1.087583E-13 -1.091016E-13
0.000000E+00  -3.951076E-14 -3.949646E-14 -3.958587E-14 -3.947500E-14 -3.948931E-14 -3.955726E-14 -3.950361E-14 -3.948215E-14 -3.950719E-14 -3.938917E-14 -3.941778E-14 -3.944281E-14 -3.965739E-14 -3.950361E-14 -3.958229E-14 -3.943208E-14 -3.974322E-14 -3.934626E-14 -3.940705E-14 -3.939990E-14
0.000000E+00  1.333417E-13  1.334704E-13  1.333667E-13  1.336850E-13  1.336457E-13  1.339926E-13  1.332415E-13  1.329662E-13  1.334668E-13  1.342965E-13  1.336492E-13  1.335026E-13  1.338567E-13  1.343109E-13  1.346184E-13  1.350368E-13  1.347937E-13  1.350261E-13  1.350511E-13  1.349903E-13
0.000000E+00  1.621053E-11  1.620463E-11  1.620442E-11  1.620481E-11  1.619906E-11  1.615546E-11  1.607664E-11  1.609155E-11  1.614977E-11  1.614899E-11  1.607628E-11  1.608669E-11  1.612757E-11  1.617406E-11  1.618289E-11  1.617846E-11  1.617653E-11  1.617778E-11  1.617477E-11  1.616737E-11
0.000000E+00  4.602961E-11  4.601710E-11  4.601173E-11  4.601459E-11  4.600100E-11  4.588978E-11  4.564909E-11  4.568379E-11  4.585545E-11  4.586474E-11  4.564516E-11  4.567663E-11  4.578857E-11  4.592876E-11  4.595415E-11  4.594056E-11  4.593484E-11  4.592840E-11  4.592268E-11  4.591338E-11
0.000000E+00  3.845433E-09  3.844557E-09  3.844450E-09  3.844503E-09  3.843609E-09  3.833542E-09  3.813890E-09  3.816894E-09  3.830466E-09  3.832112E-09  3.812961E-09  3.815821E-09  3.825084E-09  3.837029E-09  3.839443E-09  3.838316E-09  3.837780E-09  3.837386E-09  3.836778E-09  3.835706E-09
Gas           Ref
0.000000E+00  -1.135505E-13 -1.136006E-13 -1.134790E-13 -1.134039E-13 -1.135040E-13 -1.137150E-13 -1.136328E-13 -1.134576E-13 -1.136185E-13 -1.136149E-13 -1.136149E-13 -1.136256E-13 -1.135398E-13 -1.136399E-13 -1.135970E-13 -1.134897E-13 -1.135756E-13 -1.136078E-13 -1.136113E-13 -1.135684E-13
0.000000E+00  -4.097704E-14 -4.100565E-14 -4.118446E-14 -4.100923E-14 -4.087691E-14 -4.101638E-14 -4.083041E-14 -4.069094E-14 -4.077677E-14 -4.090551E-14 -4.102353E-14 -4.108075E-14 -4.103784E-14 -4.094485E-14 -4.102711E-14 -4.102711E-14 -4.091982E-14 -4.079465E-14 -4.084829E-14 -4.079465E-14
0.000000E+00  1.232029E-13  1.230241E-13  1.228882E-13  1.227988E-13  1.227487E-13  1.228954E-13  1.231385E-13  1.230992E-13  1.228131E-13  1.231421E-13  1.230885E-13  1.227130E-13  1.227809E-13  1.227487E-13  1.227702E-13  1.227452E-13  1.223732E-13  1.223839E-13  1.224984E-13  1.223518E-13
0.000000E+00  1.588806E-11  1.588295E-11  1.587490E-11  1.587744E-11  1.587075E-11  1.586918E-11  1.586635E-11  1.586460E-11  1.585842E-11  1.585277E-11  1.585473E-11  1.584622E-11  1.584590E-11  1.584586E-11  1.583910E-11  1.583474E-11  1.583338E-11  1.583127E-11  1.583252E-11  1.583124E-11
0.000000E+00  4.552750E-11  4.551320E-11  4.548745E-11  4.550068E-11  4.548423E-11  4.547886E-11  4.546778E-11  4.546849E-11  4.544668E-11  4.544274E-11  4.543523E-11  4.542128E-11  4.541699E-11  4.540806E-11  4.539053E-11  4.538803E-11  4.537837E-11  4.536728E-11  4.537587E-11  4.536478E-11
0.000000E+00  3.809813E-09  3.808615E-09  3.806380E-09  3.807239E-09  3.806112E-09  3.806004E-09  3.804896E-09  3.804914E-09  3.803001E-09  3.802589E-09  3.802482E-09  3.800604E-09  3.800318E-09  3.800015E-09  3.798262E-09  3.798047E-09  3.797457E-09  3.796331E-09  3.796974E-09  3.796349E-09
Gas           Sam
0.000000E+00  -1.101459E-13 -1.100493E-13 -1.098491E-13 -1.098920E-13 -1.097668E-13 -1.097025E-13 -1.095666E-13 -1.095236E-13 -1.095487E-13 -1.095236E-13 -1.096166E-13 -1.095379E-13 -1.095558E-13 -1.093341E-13 -1.093162E-13 -1.093985E-13 -1.092197E-13 -1.090730E-13 -1.091124E-13 -1.090695E-13
0.000000E+00  -3.974680E-14 -3.970746E-14 -3.982548E-14 -3.982190E-14 -3.989343E-14 -3.989700E-14 -3.974680E-14 -3.958944E-14 -3.966812E-14 -3.955726E-14 -3.945712E-14 -3.953938E-14 -3.969673E-14 -3.972177E-14 -3.962878E-14 -3.968958E-14 -3.977541E-14 -3.973965E-14 -3.974322E-14 -3.975395E-14
0.000000E+00  1.314176E-13  1.316894E-13  1.320292E-13  1.317896E-13  1.317467E-13  1.319505E-13  1.322008E-13  1.312674E-13  1.309813E-13  1.313425E-13  1.320971E-13  1.325907E-13  1.327051E-13  1.328875E-13  1.329912E-13  1.328482E-13  1.330484E-13  1.330878E-13  1.328553E-13  1.331235E-13
0.000000E+00  1.606416E-11  1.605937E-11  1.605697E-11  1.605389E-11  1.604950E-11  1.604334E-11  1.604345E-11  1.593413E-11  1.592830E-11  1.596724E-11  1.604431E-11  1.603626E-11  1.603154E-11  1.602797E-11  1.602679E-11  1.602278E-11  1.602296E-11  1.601917E-11  1.601366E-11  1.601652E-11
0.000000E+00  4.560618E-11  4.560439E-11  4.559974E-11  4.559617E-11  4.557793E-11  4.555468E-11  4.555933E-11  4.525392E-11  4.523818E-11  4.533724E-11  4.555504E-11  4.553895E-11  4.552750E-11  4.551069E-11  4.550819E-11  4.550032E-11  4.549746E-11  4.549031E-11  4.547600E-11  4.547994E-11
0.000000E+00  3.810690E-09  3.810404E-09  3.809742E-09  3.809062E-09  3.808079E-09  3.806004E-09  3.806523E-09  3.780988E-09  3.779093E-09  3.787444E-09  3.806183E-09  3.804216E-09  3.803340E-09  3.802500E-09  3.801999E-09  3.801194E-09  3.801123E-09  3.800658E-09  3.799388E-09  3.799693E-09
Gas           Ref
0.000000E+00  -1.138259E-13 -1.136399E-13 -1.137007E-13 -1.136113E-13 -1.136221E-13 -1.135648E-13 -1.137222E-13 -1.136578E-13 -1.137007E-13 -1.136328E-13 -1.136686E-13 -1.135076E-13 -1.134790E-13 -1.136864E-13 -1.137723E-13 -1.137007E-13 -1.137651E-13 -1.137329E-13 -1.137758E-13 -1.137186E-13
0.000000E+00  -4.123811E-14 -4.122023E-14 -4.130606E-14 -4.124526E-14 -4.114870E-14 -4.115943E-14 -4.104857E-14 -4.109863E-14 -4.101638E-14 -4.091267E-14 -4.083399E-14 -4.106645E-14 -4.108075E-14 -4.127387E-14 -4.129176E-14 -4.112009E-14 -4.123453E-14 -4.113797E-14 -4.107360E-14 -4.104857E-14
0.000000E+00  1.210750E-13  1.209356E-13  1.210714E-13  1.208426E-13  1.208032E-13  1.206173E-13  1.207353E-13  1.207711E-13  1.209820E-13  1.208640E-13  1.205636E-13  1.207174E-13  1.208640E-13  1.206602E-13  1.205815E-13  1.207317E-13  1.205314E-13  1.206244E-13  1.205601E-13  1.203455E-13
0.000000E+00  1.569541E-11  1.569952E-11  1.569337E-11  1.569287E-11  1.569222E-11  1.568987E-11  1.568336E-11  1.567974E-11  1.567670E-11  1.567974E-11  1.567509E-11  1.566988E-11  1.566623E-11  1.566279E-11  1.566158E-11  1.565922E-11  1.565446E-11  1.565349E-11  1.564058E-11  1.563994E-11
0.000000E+00  4.499177E-11  4.498605E-11  4.497533E-11  4.497211E-11  4.496817E-11  4.496352E-11  4.494564E-11  4.493455E-11  4.492776E-11  4.493026E-11  4.491775E-11  4.491381E-11  4.489915E-11  4.489807E-11  4.488842E-11  4.488771E-11  4.486053E-11  4.485552E-11  4.483728E-11  4.482405E-11
0.000000E+00  3.764949E-09  3.764663E-09  3.763787E-09  3.763196E-09  3.762624E-09  3.762320E-09  3.761051E-09  3.760246E-09  3.759638E-09  3.759763E-09  3.758869E-09  3.758261E-09  3.757188E-09  3.756652E-09  3.756062E-09  3.755793E-09  3.754041E-09  3.753326E-09  3.751788E-09  3.751234E-09
Gas           Sam
0.000000E+00  -1.101924E-13 -1.102246E-13 -1.101996E-13 -1.100172E-13 -1.098240E-13 -1.098991E-13 -1.098634E-13 -1.096953E-13 -1.097704E-13 -1.094843E-13 -1.094914E-13 -1.095093E-13 -1.096274E-13 -1.094950E-13 -1.092518E-13 -1.091696E-13 -1.092268E-13 -1.092340E-13 -1.092304E-13 -1.089943E-13
0.000000E+00  -3.974680E-14 -3.986482E-14 -3.997568E-14 -3.996137E-14 -4.013661E-14 -3.999357E-14 -3.978614E-14 -3.967527E-14 -3.992919E-14 -3.988985E-14 -3.980760E-14 -3.984336E-14 -3.995780E-14 -3.984693E-14 -3.976111E-14 -3.987197E-14 -4.001144E-14 -3.992204E-14 -4.005078E-14 -3.998999E-14
0.000000E+00  1.293970E-13  1.296831E-13  1.294650E-13  1.287176E-13  1.286210E-13  1.291896E-13  1.298655E-13  1.302625E-13  1.302446E-13  1.305057E-13  1.307525E-13  1.307525E-13  1.307560E-13  1.309491E-13  1.309921E-13  1.310922E-13  1.309599E-13  1.308240E-13  1.308776E-13  1.314033E-13
0.000000E+00  1.590011E-11  1.589361E-11  1.582462E-11  1.577841E-11  1.580120E-11  1.588581E-11  1.589121E-11  1.588663E-11  1.588148E-11  1.588223E-11  1.588041E-11  1.587605E-11  1.586939E-11  1.587075E-11  1.586185E-11  1.586267E-11  1.586020E-11  1.585477E-11  1.585130E-11  1.585166E-11
0.000000E+00  4.515807E-11  4.513697E-11  4.494600E-11  4.480688E-11  4.486732E-11  4.511623E-11  4.512195E-11  4.511337E-11  4.510622E-11  4.509728E-11  4.509084E-11  4.507546E-11  4.506544E-11  4.506366E-11  4.504792E-11  4.504542E-11  4.503183E-11  4.502503E-11  4.500858E-11  4.501860E-11
0.000000E+00  3.772709E-09  3.771315E-09  3.755078E-09  3.743295E-09  3.748140E-09  3.768722E-09  3.770063E-09  3.769258E-09  3.768543E-09  3.768060E-09  3.767720E-09  3.766344E-09  3.765271E-09  3.764985E-09  3.763661E-09  3.763358E-09  3.762517E-09  3.761462E-09  3.760801E-09  3.761140E-09
Gas           Ref
0.000000E+00  -1.136042E-13 -1.136435E-13 -1.136578E-13 -1.136578E-13 -1.136721E-13 -1.137150E-13 -1.135362E-13 -1.136185E-13 -1.136900E-13 -1.138545E-13 -1.137544E-13 -1.138653E-13 -1.136113E-13 -1.136221E-13 -1.135720E-13 -1.135648E-13 -1.135541E-13 -1.137973E-13 -1.136972E-13 -1.137580E-13
0.000000E+00  -4.138116E-14 -4.144553E-14 -4.129533E-14 -4.134897E-14 -4.119519E-14 -4.122738E-14 -4.129533E-14 -4.137401E-14 -4.139904E-14 -4.115585E-14 -4.111651E-14 -4.124526E-14 -4.109506E-14 -4.118089E-14 -4.129891E-14 -4.128818E-14 -4.130606E-14 -4.114155E-14 -4.123096E-14 -4.133467E-14
0.000000E+00  1.191689E-13  1.190830E-13  1.187111E-13  1.188613E-13  1.187397E-13  1.187326E-13  1.188792E-13  1.187290E-13  1.186432E-13  1.187791E-13  1.187075E-13  1.186396E-13  1.185251E-13  1.184643E-13  1.186825E-13  1.184429E-13  1.183284E-13  1.185716E-13  1.185037E-13  1.185859E-13
0.000000E+00  1.551827E-11  1.551477E-11  1.551195E-11  1.551137E-11  1.550751E-11  1.550225E-11  1.549864E-11  1.549596E-11  1.549160E-11  1.549056E-11  1.548623E-11  1.548859E-11  1.548569E-11  1.548087E-11  1.547554E-11  1.547228E-11  1.547218E-11  1.546656E-11  1.546338E-11  1.546227E-11
0.000000E+00  4.447357E-11  4.445998E-11  4.446320E-11  4.444603E-11  4.444246E-11  4.443674E-11  4.442672E-11  4.441456E-11  4.440705E-11  4.440348E-11  4.439346E-11  4.439024E-11  4.437558E-11  4.436700E-11  4.435913E-11  4.434411E-11  4.434232E-11  4.432551E-11  4.432229E-11  4.430835E-11
0.000000E+00  3.721855E-09  3.720299E-09  3.720353E-09  3.719351E-09  3.718815E-09  3.718171E-09  3.717259E-09  3.716580E-09  3.715525E-09  3.715400E-09  3.714541E-09  3.714309E-09  3.713432E-09  3.712646E-09  3.711787E-09  3.711072E-09  3.710571E-09  3.709570E-09  3.709052E-09  3.708122E-09
Gas           Sam
0.000000E+00  -1.101531E-13 -1.102282E-13 -1.101745E-13 -1.100279E-13 -1.099635E-13 -1.099170E-13 -1.098455E-13 -1.096810E-13 -1.096667E-13 -1.096953E-13 -1.097168E-13 -1.095666E-13 -1.094450E-13 -1.094164E-13 -1.094199E-13 -1.094199E-13 -1.093591E-13 -1.092125E-13 -1.092304E-13 -1.089693E-13
0.000000E+00  -4.011873E-14 -4.010443E-14 -4.005794E-14 -4.014376E-14 -4.026178E-14 -3.999714E-14 -4.014376E-14 -4.006867E-14 -4.016522E-14 -4.032616E-14 -4.015807E-14 -4.011516E-14 -4.012231E-14 -4.004005E-14 -4.008655E-14 -4.010800E-14 -3.998999E-14 -3.987197E-14 -3.994350E-14 -4.004363E-14
0.000000E+00  1.275696E-13  1.276518E-13  1.279129E-13  1.279451E-13  1.278306E-13  1.277913E-13  1.282133E-13  1.283099E-13  1.281418E-13  1.284672E-13  1.286854E-13  1.287426E-13  1.286889E-13  1.286067E-13  1.286138E-13  1.278306E-13  1.274909E-13  1.280774E-13  1.290358E-13  1.291002E-13
0.000000E+00  1.573965E-11  1.573214E-11  1.573400E-11  1.573217E-11  1.573049E-11  1.572652E-11  1.572327E-11  1.572552E-11  1.571915E-11  1.571840E-11  1.571501E-11  1.571172E-11  1.571086E-11  1.570996E-11  1.570235E-11  1.558787E-11  1.559137E-11  1.565714E-11  1.570285E-11  1.569380E-11
0.000000E+00  4.470031E-11  4.469137E-11  4.468565E-11  4.467849E-11  4.467062E-11  4.465918E-11  4.465525E-11  4.465632E-11  4.463486E-11  4.463629E-11  4.463021E-11  4.461913E-11  4.461519E-11  4.461090E-11  4.458980E-11  4.427402E-11  4.427687E-11  4.445640E-11  4.458516E-11  4.457406E-11
0.000000E+00  3.734640E-09  3.733674E-09  3.733442E-09  3.732709E-09  3.732083E-09  3.731260E-09  3.730831E-09  3.730777E-09  3.729329E-09  3.729383E-09  3.728649E-09  3.727863E-09  3.727505E-09  3.727201E-09  3.725503E-09  3.698805E-09  3.698555E-09  3.714416E-09  3.725377E-09  3.723911E-09
Gas           Ref
0.000000E+00  -1.135255E-13 -1.135899E-13 -1.135613E-13 -1.134933E-13 -1.135005E-13 -1.135219E-13 -1.135470E-13 -1.134576E-13 -1.134397E-13 -1.135040E-13 -1.134826E-13 -1.137186E-13 -1.137186E-13 -1.136113E-13 -1.136614E-13 -1.135362E-13 -1.136006E-13 -1.136399E-13 -1.136650E-13 -1.135362E-13
0.000000E+00  -4.136328E-14 -4.157428E-14 -4.183535E-14 -4.169945E-14 -4.161720E-14 -4.169230E-14 -4.154209E-14 -4.162792E-14 -4.164580E-14 -4.163865E-14 -4.164938E-14 -4.165296E-14 -4.144911E-14 -4.150633E-14 -4.164223E-14 -4.152779E-14 -4.149918E-14 -4.158143E-14 -4.159931E-14 -4.156355E-14
0.000000E+00  1.167835E-13  1.169373E-13  1.168693E-13  1.167406E-13  1.165367E-13  1.165045E-13  1.166798E-13  1.166261E-13  1.166512E-13  1.166476E-13  1.166154E-13  1.163579E-13  1.164402E-13  1.161219E-13  1.161541E-13  1.162435E-13  1.161934E-13  1.163579E-13  1.160790E-13  1.159896E-13
0.000000E+00  1.533975E-11  1.533274E-11  1.533224E-11  1.532430E-11  1.532491E-11  1.532262E-11  1.531815E-11  1.531636E-11  1.531203E-11  1.530913E-11  1.530885E-11  1.530223E-11  1.530509E-11  1.529562E-11  1.529644E-11  1.529229E-11  1.529340E-11  1.528864E-11  1.528803E-11  1.528410E-11
0.000000E+00  4.395644E-11  4.395322E-11  4.394178E-11  4.392318E-11  4.392354E-11  4.391638E-11  4.390566E-11  4.389529E-11  4.388384E-11  4.388313E-11  4.387597E-11  4.386418E-11  4.385917E-11  4.384450E-11  4.383842E-11  4.383163E-11  4.383056E-11  4.381339E-11  4.381625E-11  4.380731E-11
0.000000E+00  3.678474E-09  3.677956E-09  3.677258E-09  3.675488E-09  3.675685E-09  3.674719E-09  3.673861E-09  3.673217E-09  3.672359E-09  3.671697E-09  3.671590E-09  3.670499E-09  3.670267E-09  3.669051E-09  3.668514E-09  3.667710E-09  3.667799E-09  3.666583E-09  3.666494E-09  3.665546E-09
Gas           Sam
0.000000E+00  -1.102818E-13 -1.101745E-13 -1.099599E-13 -1.099814E-13 -1.098741E-13 -1.097776E-13 -1.097704E-13 -1.098276E-13 -1.097060E-13 -1.097847E-13 -1.097883E-13 -1.097561E-13 -1.096417E-13 -1.096023E-13 -1.094235E-13 -1.093484E-13 -1.093448E-13 -1.092483E-13 -1.093162E-13 -1.093162E-13
0.000000E+00  -4.018668E-14 -4.016522E-14 -4.009012E-14 -4.011873E-14 -4.027609E-14 -4.040126E-14 -4.037980E-14 -4.025463E-14 -4.021887E-14 -4.041556E-14 -4.018668E-14 -4.014734E-14 -4.019741E-14 -4.024748E-14 -4.021171E-14 -4.010800E-14 -4.017238E-14 -4.026536E-14 -4.020099E-14 -4.013304E-14
0.000000E+00  1.256098E-13  1.256098E-13  1.258065E-13  1.256706E-13  1.249839E-13  1.250232E-13  1.254274E-13  1.261104E-13  1.256956E-13  1.254381E-13  1.257171E-13  1.264001E-13  1.266791E-13  1.267613E-13  1.270546E-13  1.272763E-13  1.270725E-13  1.267685E-13  1.269115E-13  1.271762E-13
0.000000E+00  1.557549E-11  1.557736E-11  1.557178E-11  1.555422E-11  1.545551E-11  1.546949E-11  1.553687E-11  1.557628E-11  1.545390E-11  1.546452E-11  1.550418E-11  1.556774E-11  1.556062E-11  1.555654E-11  1.555840E-11  1.555078E-11  1.555021E-11  1.554513E-11  1.554088E-11  1.553566E-11
0.000000E+00  4.424397E-11  4.424648E-11  4.423074E-11  4.417245E-11  4.389243E-11  4.392390E-11  4.411916E-11  4.423110E-11  4.389564E-11  4.391388E-11  4.402475E-11  4.421357E-11  4.419319E-11  4.418103E-11  4.418389E-11  4.416780E-11  4.416494E-11  4.414921E-11  4.413383E-11  4.412810E-11
0.000000E+00  3.696248E-09  3.696338E-09  3.695175E-09  3.690151E-09  3.666726E-09  3.669498E-09  3.685645E-09  3.695569E-09  3.667048E-09  3.668550E-09  3.677401E-09  3.693817E-09  3.692726E-09  3.691385E-09  3.691367E-09  3.689758E-09  3.689382E-09  3.688398E-09  3.687505E-09  3.686700E-09
Gas           Ref
0.000000E+00  -1.137401E-13 -1.137830E-13 -1.137508E-13 -1.139332E-13 -1.137866E-13 -1.137186E-13 -1.136793E-13 -1.137758E-13 -1.136936E-13 -1.136149E-13 -1.135827E-13 -1.136650E-13 -1.137937E-13 -1.137115E-13 -1.136686E-13 -1.136292E-13 -1.137150E-13 -1.135470E-13 -1.135684E-13 -1.134862E-13
0.000000E+00  -4.143481E-14 -4.157786E-14 -4.167441E-14 -4.165653E-14 -4.181389E-14 -4.168157E-14 -4.181031E-14 -4.187469E-14 -4.174237E-14 -4.173164E-14 -4.187826E-14 -4.194264E-14 -4.174594E-14 -4.157070E-14 -4.171018E-14 -4.186753E-14 -4.179959E-14 -4.172806E-14 -4.175309E-14 -4.179601E-14
0.000000E+00  1.149703E-13  1.148916E-13  1.146628E-13  1.145733E-13  1.144231E-13  1.144732E-13  1.144839E-13  1.146377E-13  1.144982E-13  1.145376E-13  1.138116E-13  1.133646E-13  1.134075E-13  1.138903E-13  1.137973E-13  1.134039E-13  1.131071E-13  1.136686E-13  1.139475E-13  1.142765E-13
0.000000E+00  1.516222E-11  1.516025E-11  1.515239E-11  1.515242E-11  1.514520E-11  1.514627E-11  1.513787E-11  1.513626E-11  1.514012E-11  1.513225E-11  1.501967E-11  1.502375E-11  1.507321E-11  1.513189E-11  1.503637E-11  1.501645E-11  1.504957E-11  1.512106E-11  1.511137E-11  1.511137E-11
0.000000E+00  4.345719E-11  4.345290E-11  4.343573E-11  4.343645E-11  4.341464E-11  4.341785E-11  4.339854E-11  4.338567E-11  4.339604E-11  4.337673E-11  4.306165E-11  4.305629E-11  4.319898E-11  4.337780E-11  4.310600E-11  4.305021E-11  4.313139E-11  4.333310E-11  4.333059E-11  4.331879E-11
0.000000E+00  3.636238E-09  3.635881E-09  3.634611E-09  3.634951E-09  3.633073E-09  3.633217E-09  3.631071E-09  3.630427E-09  3.631178E-09  3.629712E-09  3.603122E-09  3.602836E-09  3.615013E-09  3.629515E-09  3.606627E-09  3.601799E-09  3.608576E-09  3.625778E-09  3.625295E-09  3.624741E-09
Gas           Sam
0.000000E+00  -1.101960E-13 -1.102067E-13 -1.101960E-13 -1.101173E-13 -1.100386E-13 -1.099885E-13 -1.097668E-13 -1.097561E-13 -1.095558E-13 -1.097311E-13 -1.097060E-13 -1.096309E-13 -1.096202E-13 -1.095737E-13 -1.095201E-13 -1.094485E-13 -1.093198E-13 -1.092876E-13 -1.094378E-13 -1.094557E-13
0.000000E+00  -4.055146E-14 -4.063729E-14 -4.050855E-14 -4.045848E-14 -4.031543E-14 -4.040483E-14 -4.044775E-14 -4.043702E-14 -4.039411E-14 -4.036907E-14 -4.036550E-14 -4.032258E-14 -4.025463E-14 -4.041914E-14 -4.054073E-14 -4.035119E-14 -4.036192E-14 -4.026894E-14 -4.028324E-14 -4.030112E-14
0.000000E+00  1.235212E-13  1.237501E-13  1.238574E-13  1.238824E-13  1.241792E-13  1.241614E-13  1.242365E-13  1.243867E-13  1.244010E-13  1.242472E-13  1.241971E-13  1.244439E-13  1.245905E-13  1.250054E-13  1.248444E-13  1.248874E-13  1.248158E-13  1.248480E-13  1.249267E-13  1.250376E-13
0.000000E+00  1.542508E-11  1.542096E-11  1.541606E-11  1.541757E-11  1.541546E-11  1.541488E-11  1.541149E-11  1.541331E-11  1.540713E-11  1.540473E-11  1.540362E-11  1.539504E-11  1.539536E-11  1.539629E-11  1.538652E-11  1.538828E-11  1.538517E-11  1.538037E-11  1.538248E-11  1.538302E-11
0.000000E+00  4.380695E-11  4.379765E-11  4.378978E-11  4.379157E-11  4.378585E-11  4.378335E-11  4.377297E-11  4.377083E-11  4.375903E-11  4.374723E-11  4.374937E-11  4.372685E-11  4.373471E-11  4.372935E-11  4.370145E-11  4.369859E-11  4.370074E-11  4.368500E-11  4.369144E-11  4.367678E-11
0.000000E+00  3.660307E-09  3.659306E-09  3.658751E-09  3.658805E-09  3.657911E-09  3.657535E-09  3.657017E-09  3.656891E-09  3.655944E-09  3.655068E-09  3.655068E-09  3.653029E-09  3.653494E-09  3.653226E-09  3.651295E-09  3.651134E-09  3.650687E-09  3.649810E-09  3.649846E-09  3.649542E-09
Gas           Ref
0.000000E+00  -1.135613E-13 -1.137544E-13 -1.137436E-13 -1.136972E-13 -1.137329E-13 -1.136507E-13 -1.135470E-13 -1.136471E-13 -1.136900E-13 -1.136757E-13 -1.137544E-13 -1.137329E-13 -1.137794E-13 -1.136471E-13 -1.136507E-13 -1.137472E-13 -1.137294E-13 -1.138080E-13 -1.136793E-13 -1.136650E-13
0.000000E+00  -4.188541E-14 -4.191403E-14 -4.192118E-14 -4.187826E-14 -4.202847E-14 -4.197840E-14 -4.191760E-14 -4.197840E-14 -4.176025E-14 -4.200344E-14 -4.197124E-14 -4.189257E-14 -4.183535E-14 -4.187826E-14 -4.204277E-14 -4.208211E-14 -4.198913E-14 -4.197840E-14 -4.186038E-14 -4.193906E-14
0.000000E+00  1.125313E-13  1.126457E-13  1.126350E-13  1.127423E-13  1.126350E-13  1.123847E-13  1.123489E-13  1.122988E-13  1.122488E-13  1.121272E-13  1.121343E-13  1.122845E-13  1.122702E-13  1.124383E-13  1.121915E-13  1.121915E-13  1.123274E-13  1.121558E-13  1.121200E-13  1.119519E-13
0.000000E+00  1.498108E-11  1.498040E-11  1.497228E-11  1.496957E-11  1.496749E-11  1.497039E-11  1.496198E-11  1.495920E-11  1.495880E-11  1.495605E-11  1.495076E-11  1.495201E-11  1.494625E-11  1.494982E-11  1.494124E-11  1.493684E-11  1.493563E-11  1.493681E-11  1.492858E-11  1.492876E-11
0.000000E+00  4.294972E-11  4.294542E-11  4.292933E-11  4.292218E-11  4.290609E-11  4.289893E-11  4.290036E-11  4.288642E-11  4.287569E-11  4.286925E-11  4.286639E-11  4.286138E-11  4.285066E-11  4.285101E-11  4.282955E-11  4.281990E-11  4.281918E-11  4.281453E-11  4.279486E-11  4.278914E-11
0.000000E+00  3.593877E-09  3.593162E-09  3.591517E-09  3.591303E-09  3.590051E-09  3.589943E-09  3.589586E-09  3.588298E-09  3.587476E-09  3.587315E-09  3.586367E-09  3.586385E-09  3.585563E-09  3.585920E-09  3.583864E-09  3.583149E-09  3.582773E-09  3.582612E-09  3.580806E-09  3.580359E-09
 Gas          
0.000000E+00  0.000000E+00  0.000000E+00  0.000000E+00  0.000000E+00  0.000000E+00  0.000000E+00  0.000000E+00  0.000000E+00  0.000000E+00  0.000000E+00  0.000000E+00  0.000000E+00  0.000000E+00  0.000000E+00  0.000000E+00  0.000000E+00  0.000000E+00  0.000000E+00  0.000000E+00  0.000000E+00
0.000000E+00  0.000000E+00  0.000000E+00  0.000000E+00  0.000000E+00  0.000000E+00  0.000000E+00  0.000000E+00  0.000000E+00  0.000000E+00  0.000000E+00  0.000000E+00  0.000000E+00  0.000000E+00  0.000000E+00  0.000000E+00  0.000000E+00  0.000000E+00  0.000000E+00  0.000000E+00  0.000000E+00
0.000000E+00  0.000000E+00  0.000000E+00  0.000000E+00  0.000000E+00  0.000000E+00  0.000000E+00  0.000000E+00  0.000000E+00  0.000000E+00  0.000000E+00  0.000000E+00  0.000000E+00  0.000000E+00  0.000000E+00  0.000000E+00  0.000000E+00  0.000000E+00  0.000000E+00  0.000000E+00  0.000000E+00
0.000000E+00  0.000000E+00  0.000000E+00  0.000000E+00  0.000000E+00  0.000000E+00  0.000000E+00  0.000000E+00  0.000000E+00  0.000000E+00  0.000000E+00  0.000000E+00  0.000000E+00  0.000000E+00  0.000000E+00  0.000000E+00  0.000000E+00  0.000000E+00  0.000000E+00  0.000000E+00  0.000000E+00
0.000000E+00  0.000000E+00  0.000000E+00  0.000000E+00  0.000000E+00  0.000000E+00  0.000000E+00  0.000000E+00  0.000000E+00  0.000000E+00  0.000000E+00  0.000000E+00  0.000000E+00  0.000000E+00  0.000000E+00  0.000000E+00  0.000000E+00  0.000000E+00  0.000000E+00  0.000000E+00  0.000000E+00
0.000000E+00  0.000000E+00  0.000000E+00  0.000000E+00  0.000000E+00  0.000000E+00  0.000000E+00  0.000000E+00  0.000000E+00  0.000000E+00  0.000000E+00  0.000000E+00  0.000000E+00  0.000000E+00  0.000000E+00  0.000000E+00  0.000000E+00  0.000000E+00  0.000000E+00  0.000000E+00  0.000000E+00
End of Analysis
"H3 factor",13.13339
"Linearity factor (0)",52.88039
"Linearity factor (1)",18.00761
"Linearity factor (2)",-.1321419
"Linearity factor (3)",9.804096E-04
"Linearity factor (4)",-7.965973E-02
"Linearity factor (5)",0
"Collector Gains :",500,5000,5000,5000,500,500,50,500,1,5
"Number of deflectors available : ",33
"Source HT",8000
"Extraction V",780
"H Defl",310
"Trap",850
"Trap Voltage",24
"Repeller",4
"Filament V",-110
"Delta HP",19
"Z Lens",110
"Delta Z",130
"Max Current",3.5
"Heater Current",1
"Quad 1",120
"Cubic 1",50
"Lin 1",0
"Deflect 1 I",5
"Deflect 1 O",5
"Offset 1",0
"Offset 2",0
"Quad 2",-620
"Cubic 2",0
"Lin 2",0
"Q1 I Cor",0
"Q1 O Cor",0
"Suppressor",-100
"Mop Plate",-15
"ESA H1",790
"ESA H1 delta",0
"ESA H2",800
"ESA H2 delta",0
"ESA H3",820
"ESA H3 delta",0
"ESA HD",0
"ESA HD delta",0
"Batch Started: ","13:02:19 15:29:56"
"Data File: ","C:\Nu Stable\Results\2019\201902013 standard PD4 BSS WNI ZE NTA\Data_9288 PD4 125 L GREY.txt"
"Sample Name: ","PD4 125 L GREY"
"Sample Weight: ",68
"Sample Type: ","Sam"
"Vial Number: ",11
"Sam Beam First CO: ","3.829332e-09"
"Sam Beam Last CO: ","3.650777e-09"
"Ref Beam First CO: ","3.834384e-09"
"Ref Beam Second CO: ","3.798364e-09"
"Ref BeamLast CO: ","3.583060e-09"
"Sam Depletion: ","5 %"
"Ref Depletion: ","7 %"
"Observed CP Temperature: ",70.341
"Std Dev: ","0.000e00"
"Min: ","70.341"
"Max: ","70.341"
"Ave Started: ","13:02:19 21:23:23"
"Ave Stopped: ","13:02:19 21:26:39"
"Num: ",6
"Current Mass: ",46.02939
"Method File Name","C:\Nu Stable\Analyses\DI\040216 12-12-20 6 collectors.rdf"
"Version 6"
"Analysis Type","DI"
"Analysis Calculation Routine ","Clumped CO2 Iterative"
"Gas ID ","CO2"
"Ref Gas Identifier ","AirLiquide01"
"Centring collector ",8
"Num of Ref/Sam cycles ",6
"Cycles length(secs) ",20
"C/O valve stabilisation time ",12
"Offset for zero measurement(amu) ",0
"Zero measurement time ",20
"Spare",0
"Spare",0
0
-1
-1
-1
-1
0
-1
0
-1
0
"Num Clumped Blocks","1"
"Do zero at start of block",#FALSE#
"Balance beams",#FALSE#
"Mag Hysteresis Offset",.001
"Apply Hysteresis Offset",#FALSE#
"Target Beam (A) ",.00000005
"Use CF with Bellows ",#FALSE#
"DI Auto Gas balancing: ","True"
"Pirani pressure",3.398285E-02
"Cold finger status","CF"
"Inlet transducer pressure",.4576595
"Sample operations:  InitialisePrepSampleRun; CheckIfCFRequired; UseCF; SampleTrapped; BalanceRefToSamValue; DepletingBalance; SampleReady;"
"Number of sample chops",0
"Number of sample double chops",0
"Run from bellows",#FALSE#
"Max sample pump-over pressure (mBar)","0.000000e00"
"Max sample pump-over pressure (raw)",0
"Pre-balance Sam Beam","3.918621e-09"
"Min ref beam","2.929619e-09"
"Max ref beam","1.743056e-08"
"Ref bellows position",6544
"Sam bellows position",8446
"Balance %",.1074601
"Initial Sam Beam","4.078929e-09"
"Final Ref Beam","3.960268e-09"
"Final Sam Beam","3.964523e-09"
"Pre-depleted Ref Beam",3.964452E-09
"InletPiraniPressure",3.398285E-02
"Depletion Factor",.96
"Balance End","13/02/19 22:06:22"
"Water Trap Temperature Hot",-195.1766
"Water Trap Temperature Cold",-195.1766
"DP Version",25
"Num Gas Cycles ",1
"UseFrontHeightThreshold(1)",#TRUE#
"FrontHeightThreshold(1)",2
"UseBackHeightThreshold(1)",#TRUE#
"BackHeightThreshold(1)",2.7
"UsePeakWidthLimit(1)",#FALSE#
"PeakWidthLimit(1)",6
"RefGasFrontHeightThreshold(1)",40
"RefGasBackHeightThreshold(1)",10
"Measure_Elemental_Comp",#TRUE#
"Use_TCD_For_Elem_Calcs",#FALSE#
"Sample_Name","PD4 125 L GREY"
"Sample_Type","Sam"
"Sample_Weight",68
"Sample_Vial",11
"Standard_Type",""
"NoAnalysisCycles",1
"Gas1","CO2"
"Ref Gas1","AirLiquide01"
"Analysis_Routine1","Clumped CO2 Iterative"
"ZeroWidth1",10
"NoZeros1",1
"ZeroTime1",10
"Delta wrt Std 1",#FALSE#
"AllowLinearityCorrection",#FALSE#
"Num Collectors",6
"LinearityFactor(Cent)",52880.39
"LinearityFactor(Low2)",18007.61
"LinearityFactor(Low4)",-132.1419
"LinearityFactor()",.9804096
"LinearityFactor()",-79.65973
"LinearityFactor()",0
"UseH3Factor",#FALSE#
"H3Factor",0
"Axial Mass",46
"Anal Start",0
"Anal End",0
"Calc Linearity Correction from Ref Peaks",#FALSE#
"Temperature",25
"Std Temperature",25
"A_Factor",1.01025
"K_Factor",.04
"TemperatureCorrectionEnabled",#FALSE#
"GC ZeroMethod","Lowest Peak Limit"
"GC AllowZeroToCutPoints",#FALSE#
"GC UseIsotopicShift",#TRUE#
"GC InterpolatePeakHeight",#TRUE#
"GC NumZeroPoints",10
"GC Min Peak Height",.0000000001
"GC No UserPeaks",0
"SmoothingInterval",10
"DropFactor",1
"GradientRejectfactor",10
"SectionSize",100
"BackgroundStartTime",1
"CutOffTime",1000
"UseNewBackgroundCalcn",#FALSE#
"GC Label File","None.lab"
"GC No User Defined Background Points",0
"GC No Auto-detected Peaks to be Removed",0
"GC No Auto-calculated Background Points to Remove",0
"GC Std Peak In Sample",#FALSE#
"GC Std Peak Time",0
"Max Gap For Grouping EA Ref Pulses",20
"Group EA Ref Peaks",#FALSE#
"Use Defined Peak Limits (1)",#FALSE#
"Peak Start (1)",0
"Peak End (1)",0
"DP Version",25
"Num Gas Cycles ",1
"UseFrontHeightThreshold(1)",#TRUE#
"FrontHeightThreshold(1)",2
"UseBackHeightThreshold(1)",#TRUE#
"BackHeightThreshold(1)",2.7
"UsePeakWidthLimit(1)",#FALSE#
"PeakWidthLimit(1)",6
"RefGasFrontHeightThreshold(1)",40
"RefGasBackHeightThreshold(1)",10
"Measure_Elemental_Comp",#TRUE#
"Use_TCD_For_Elem_Calcs",#FALSE#
"Sample_Name","PD4 125 L GREY"
"Sample_Type","Sam"
"Sample_Weight",68
"Sample_Vial",11
"Standard_Type",""
"NoAnalysisCycles",1
"Gas1","CO2"
"Ref Gas1","AirLiquide01"
"Analysis_Routine1","Clumped CO2 Iterative"
"ZeroWidth1",10
"NoZeros1",1
"ZeroTime1",10
"Delta wrt Std 1",#FALSE#
"AllowLinearityCorrection",#FALSE#
"Num Collectors",6
"LinearityFactor(Cent)",52880.39
"LinearityFactor(Low2)",18007.61
"LinearityFactor(Low4)",-132.1419
"LinearityFactor()",.9804096
"LinearityFactor()",-79.65973
"LinearityFactor()",0
"UseH3Factor",#FALSE#
"H3Factor",0
"Axial Mass",46
"Anal Start",0
"Anal End",0
"Calc Linearity Correction from Ref Peaks",#FALSE#
"Temperature",25
"Std Temperature",25
"A_Factor",1.01025
"K_Factor",.04
"TemperatureCorrectionEnabled",#FALSE#
"GC ZeroMethod","Lowest Peak Limit"
"GC AllowZeroToCutPoints",#FALSE#
"GC UseIsotopicShift",#TRUE#
"GC InterpolatePeakHeight",#TRUE#
"GC NumZeroPoints",10
"GC Min Peak Height",.0000000001
"GC No UserPeaks",0
"SmoothingInterval",10
"DropFactor",1
"GradientRejectfactor",10
"SectionSize",100
"BackgroundStartTime",1
"CutOffTime",1000
"UseNewBackgroundCalcn",#FALSE#
"GC Label File","None.lab"
"GC No User Defined Background Points",0
"GC No Auto-detected Peaks to be Removed",0
"GC No Auto-calculated Background Points to Remove",0
"GC Std Peak In Sample",#FALSE#
"GC Std Peak Time",0
"Max Gap For Grouping EA Ref Pulses",20
"Group EA Ref Peaks",#FALSE#
"Use Defined Peak Limits (1)",#FALSE#
"Peak Start (1)",0
"Peak End (1)",0
"End of Data file"


