"Clumped CO2 Iterative Analysis,         Data File Version 10"
"Started analysis at 2:30:12 AM on the Thursday, February 14, 2019"
"UTC FileTimeLow",517167616," UTC FileTimeHigh",30721079
"Time Zone ","Eastern Daylight Time"
"CO Disabled",#FALSE#
"Persective Instrument","PS019"
"User logged in",#FALSE#
"Software Version","Stable 1.69.5"
"Axial Mass is :",46
"No_C_O_Cycles",6
"Num Blocks",1
0
-1
-1
-1
-1
0
-1
0
-1
0
"Sample Name is ","PD4 146"
Zero Data
-1.122525229507E-13, -5.791359620057E-14, -6.142032107253E-14, -3.339711015062E-14, 1.113117800380E-13, 4.037622471607E-12, Measured at start of run
Individual Data
No_C_O_Cycles                6 
Cycle_Length   20 
Zero_Measurement_Length      20 
Axial_Mass     46 
 Gas          Bla
0.000000E+00  -1.121308E-13 -1.121021E-13 -1.122488E-13 -1.124025E-13 -1.122702E-13 -1.121415E-13 -1.121308E-13 -1.121951E-13 -1.124705E-13 -1.123811E-13 -1.123847E-13 -1.123310E-13 -1.122595E-13 -1.121629E-13 -1.122059E-13 -1.122166E-13 -1.122988E-13 -1.122702E-13 -1.123525E-13 -1.120950E-13
0.000000E+00  -5.776769E-14 -5.780345E-14 -5.800730E-14 -5.796438E-14 -5.803233E-14 -5.805379E-14 -5.804663E-14 -5.786782E-14 -5.795723E-14 -5.808598E-14 -5.808598E-14 -5.787497E-14 -5.757099E-14 -5.781775E-14 -5.781417E-14 -5.780345E-14 -5.775695E-14 -5.804306E-14 -5.800014E-14 -5.791789E-14
0.000000E+00  -6.137258E-14 -6.140477E-14 -6.136185E-14 -6.150490E-14 -6.156927E-14 -6.157643E-14 -6.141549E-14 -6.147987E-14 -6.136542E-14 -6.116873E-14 -6.135827E-14 -6.123310E-14 -6.155139E-14 -6.155139E-14 -6.147987E-14 -6.135470E-14 -6.140834E-14 -6.136185E-14 -6.138331E-14 -6.150490E-14
0.000000E+00  -3.254417E-14 -3.225806E-14 -3.254417E-14 -3.343824E-14 -3.329518E-14 -3.272298E-14 -3.322366E-14 -3.350977E-14 -3.283027E-14 -3.365281E-14 -3.329518E-14 -3.379587E-14 -3.329518E-14 -3.347400E-14 -3.426078E-14 -3.393892E-14 -3.354553E-14 -3.443960E-14 -3.354553E-14 -3.433231E-14
0.000000E+00  1.126529E-13  1.140834E-13  1.126529E-13  1.130105E-13  1.126529E-13  1.137258E-13  1.126529E-13  1.112224E-13  1.108647E-13  1.105071E-13  1.119376E-13  1.097919E-13  1.094342E-13  1.112224E-13  1.101495E-13  1.105071E-13  1.105071E-13  1.097919E-13  1.087190E-13  1.101495E-13
0.000000E+00  4.255776E-12  4.220013E-12  4.166369E-12  4.184250E-12  4.166369E-12  4.130606E-12  4.094843E-12  4.059080E-12  4.005436E-12  4.023317E-12  4.023317E-12  3.969673E-12  3.951792E-12  3.951792E-12  3.969673E-12  3.951792E-12  3.951792E-12  3.933910E-12  3.916029E-12  3.826622E-12
Gas           Ref
0.000000E+00  -1.118196E-13 -1.117731E-13 -1.117874E-13 -1.116515E-13 -1.117231E-13 -1.115299E-13 -1.115693E-13 -1.115621E-13 -1.116551E-13 -1.115693E-13 -1.116551E-13 -1.118089E-13 -1.117016E-13 -1.117588E-13 -1.115049E-13 -1.116372E-13 -1.118053E-13 -1.118697E-13 -1.118411E-13 -1.118375E-13
0.000000E+00  -1.939418E-14 -1.920821E-14 -1.941921E-14 -1.922252E-14 -1.919748E-14 -1.946928E-14 -1.959445E-14 -1.941564E-14 -1.938345E-14 -1.963379E-14 -1.957657E-14 -1.940848E-14 -1.927974E-14 -1.913311E-14 -1.924755E-14 -1.948358E-14 -1.923682E-14 -1.939418E-14 -1.963736E-14 -1.946928E-14
0.000000E+00  3.458479E-13  3.459624E-13  3.457049E-13  3.457478E-13  3.460768E-13  3.449431E-13  3.438703E-13  3.438452E-13  3.445712E-13  3.443030E-13  3.447107E-13  3.451291E-13  3.451470E-13  3.449002E-13  3.443173E-13  3.434733E-13  3.436271E-13  3.438881E-13  3.442637E-13  3.438130E-13
0.000000E+00  3.496631E-11  3.494975E-11  3.495659E-11  3.494754E-11  3.497021E-11  3.475460E-11  3.477659E-11  3.485398E-11  3.476897E-11  3.481189E-11  3.484282E-11  3.486972E-11  3.487966E-11  3.488348E-11  3.477827E-11  3.470181E-11  3.472803E-11  3.478800E-11  3.484275E-11  3.471876E-11
0.000000E+00  9.993992E-11  9.987984E-11  9.990272E-11  9.989057E-11  9.993491E-11  9.932623E-11  9.937093E-11  9.959231E-11  9.938023E-11  9.947321E-11  9.956727E-11  9.965381E-11  9.968064E-11  9.969137E-11  9.939310E-11  9.916887E-11  9.924683E-11  9.942493E-11  9.958193E-11  9.922860E-11
0.000000E+00  8.366801E-09  8.361795E-09  8.363869E-09  8.362188E-09  8.366873E-09  8.315803E-09  8.319022E-09  8.337333E-09  8.319701E-09  8.327534E-09  8.336152E-09  8.342536E-09  8.344879E-09  8.346864E-09  8.321758E-09  8.301981E-09  8.308651E-09  8.323761E-09  8.336833E-09  8.307203E-09
Gas           Sam
0.000000E+00  -1.078392E-13 -1.079107E-13 -1.077605E-13 -1.075460E-13 -1.075674E-13 -1.076568E-13 -1.074208E-13 -1.074065E-13 -1.072634E-13 -1.070739E-13 -1.071919E-13 -1.071597E-13 -1.070846E-13 -1.071347E-13 -1.071991E-13 -1.072026E-13 -1.071096E-13 -1.069952E-13 -1.069344E-13 -1.069380E-13
0.000000E+00  -1.778843E-14 -1.770975E-14 -1.767756E-14 -1.755239E-14 -1.756670E-14 -1.752378E-14 -1.757743E-14 -1.760246E-14 -1.763107E-14 -1.762392E-14 -1.777412E-14 -1.763822E-14 -1.778843E-14 -1.785280E-14 -1.775267E-14 -1.766326E-14 -1.754524E-14 -1.768114E-14 -1.773121E-14 -1.758100E-14
0.000000E+00  3.591124E-13  3.594342E-13  3.603569E-13  3.605786E-13  3.610328E-13  3.612260E-13  3.606251E-13  3.602747E-13  3.611151E-13  3.600887E-13  3.594020E-13  3.596703E-13  3.610364E-13  3.605357E-13  3.601388E-13  3.609828E-13  3.610543E-13  3.614405E-13  3.616945E-13  3.616766E-13
0.000000E+00  3.527223E-11  3.532902E-11  3.536889E-11  3.538409E-11  3.539235E-11  3.540523E-11  3.529869E-11  3.532362E-11  3.534157E-11  3.521694E-11  3.524040E-11  3.530513E-11  3.538735E-11  3.517770E-11  3.521733E-11  3.536671E-11  3.527802E-11  3.529036E-11  3.530649E-11  3.529057E-11
0.000000E+00  1.004220E-10  1.005733E-10  1.006702E-10  1.007267E-10  1.007510E-10  1.007814E-10  1.004971E-10  1.005429E-10  1.005976E-10  1.002289E-10  1.003051E-10  1.004867E-10  1.007138E-10  1.001527E-10  1.002242E-10  1.006773E-10  1.004134E-10  1.004596E-10  1.005157E-10  1.004696E-10
0.000000E+00  8.363941E-09  8.375438E-09  8.384951E-09  8.388688E-09  8.390583E-09  8.393856E-09  8.369788E-09  8.374007E-09  8.378567E-09  8.347132E-09  8.353194E-09  8.368518E-09  8.388849E-09  8.341052E-09  8.346989E-09  8.385094E-09  8.362850E-09  8.366444E-09  8.370717E-09  8.367552E-09
Gas           Ref
0.000000E+00  -1.116229E-13 -1.116730E-13 -1.115943E-13 -1.116479E-13 -1.117195E-13 -1.115907E-13 -1.115192E-13 -1.114656E-13 -1.114656E-13 -1.114477E-13 -1.117266E-13 -1.116730E-13 -1.115907E-13 -1.116301E-13 -1.116193E-13 -1.117624E-13 -1.117731E-13 -1.117123E-13 -1.115442E-13 -1.115907E-13
0.000000E+00  -1.986982E-14 -1.987340E-14 -1.990916E-14 -1.978399E-14 -1.974108E-14 -1.966598E-14 -1.968028E-14 -1.987698E-14 -1.996638E-14 -1.983048E-14 -1.989128E-14 -1.989486E-14 -1.987340E-14 -1.978042E-14 -1.990201E-14 -2.003791E-14 -2.007725E-14 -2.010586E-14 -1.996638E-14 -1.994135E-14
0.000000E+00  3.416601E-13  3.402546E-13  3.393820E-13  3.397039E-13  3.388313E-13  3.389529E-13  3.394106E-13  3.397504E-13  3.395572E-13  3.386382E-13  3.395752E-13  3.388027E-13  3.389171E-13  3.395144E-13  3.395966E-13  3.387383E-13  3.382698E-13  3.386024E-13  3.389457E-13  3.379765E-13
0.000000E+00  3.455582E-11  3.434315E-11  3.436288E-11  3.444246E-11  3.434636E-11  3.440759E-11  3.444925E-11  3.445272E-11  3.434533E-11  3.431414E-11  3.441335E-11  3.428435E-11  3.436185E-11  3.440412E-11  3.441088E-11  3.430595E-11  3.426908E-11  3.435570E-11  3.430316E-11  3.424069E-11
0.000000E+00  9.878048E-11  9.816108E-11  9.820077E-11  9.842787E-11  9.816179E-11  9.832093E-11  9.844789E-11  9.846149E-11  9.818110E-11  9.807167E-11  9.836528E-11  9.798404E-11  9.818647E-11  9.831879E-11  9.835098E-11  9.805093E-11  9.794829E-11  9.818360E-11  9.803984E-11  9.784493E-11
0.000000E+00  8.269884E-09  8.217760E-09  8.221175E-09  8.240541E-09  8.217098E-09  8.231153E-09  8.241989E-09  8.242901E-09  8.218940E-09  8.209462E-09  8.234622E-09  8.202972E-09  8.219834E-09  8.231189E-09  8.233639E-09  8.208747E-09  8.199610E-09  8.220513E-09  8.208050E-09  8.191063E-09
Gas           Sam
0.000000E+00  -1.079107E-13 -1.078928E-13 -1.077391E-13 -1.078070E-13 -1.076783E-13 -1.075138E-13 -1.075567E-13 -1.077212E-13 -1.075352E-13 -1.073993E-13 -1.073457E-13 -1.070489E-13 -1.071847E-13 -1.074244E-13 -1.071597E-13 -1.069630E-13 -1.069130E-13 -1.068808E-13 -1.068414E-13 -1.068700E-13
0.000000E+00  -1.801016E-14 -1.794936E-14 -1.792433E-14 -1.790287E-14 -1.814963E-14 -1.826050E-14 -1.833917E-14 -1.822116E-14 -1.813175E-14 -1.794936E-14 -1.806738E-14 -1.799943E-14 -1.798155E-14 -1.814606E-14 -1.805307E-14 -1.807453E-14 -1.795651E-14 -1.816751E-14 -1.792790E-14 -1.789572E-14
0.000000E+00  3.559009E-13  3.556684E-13  3.548602E-13  3.550104E-13  3.559831E-13  3.562800E-13  3.555647E-13  3.557256E-13  3.562585E-13  3.567341E-13  3.557793E-13  3.557149E-13  3.556470E-13  3.557399E-13  3.565088E-13  3.568307E-13  3.563086E-13  3.560690E-13  3.572598E-13  3.567341E-13
0.000000E+00  3.504206E-11  3.494496E-11  3.489489E-11  3.493674E-11  3.504749E-11  3.490365E-11  3.488288E-11  3.494410E-11  3.498791E-11  3.494650E-11  3.483191E-11  3.495122E-11  3.482272E-11  3.488492E-11  3.493549E-11  3.495501E-11  3.482247E-11  3.484290E-11  3.496088E-11  3.489032E-11
0.000000E+00  9.977041E-11  9.948073E-11  9.933588E-11  9.943173E-11  9.976254E-11  9.937844E-11  9.929905E-11  9.946070E-11  9.959445E-11  9.948573E-11  9.915814E-11  9.947643E-11  9.912988E-11  9.929833E-11  9.944819E-11  9.949467E-11  9.913705E-11  9.917531E-11  9.952936E-11  9.931621E-11
0.000000E+00  8.309367E-09  8.285548E-09  8.271994E-09  8.281043E-09  8.308919E-09  8.276786E-09  8.269616E-09  8.283438E-09  8.294203E-09  8.285834E-09  8.257600E-09  8.285119E-09  8.255454E-09  8.269687E-09  8.282419E-09  8.286531E-09  8.256509E-09  8.259102E-09  8.289768E-09  8.271351E-09
Gas           Ref
0.000000E+00  -1.116909E-13 -1.115121E-13 -1.114799E-13 -1.115514E-13 -1.115121E-13 -1.114727E-13 -1.115800E-13 -1.115013E-13 -1.114977E-13 -1.114942E-13 -1.115407E-13 -1.114763E-13 -1.114977E-13 -1.115156E-13 -1.116444E-13 -1.117302E-13 -1.116336E-13 -1.116158E-13 -1.114405E-13 -1.116122E-13
0.000000E+00  -2.046706E-14 -2.062084E-14 -2.060654E-14 -2.044561E-14 -2.040984E-14 -2.045991E-14 -2.055647E-14 -2.051355E-14 -2.031328E-14 -2.024533E-14 -2.034547E-14 -2.021672E-14 -2.042772E-14 -2.042415E-14 -2.035977E-14 -2.041342E-14 -2.054574E-14 -2.062084E-14 -2.057435E-14 -2.045633E-14
0.000000E+00  3.341106E-13  3.345540E-13  3.354803E-13  3.349009E-13  3.346077E-13  3.346935E-13  3.349617E-13  3.338602E-13  3.339461E-13  3.346184E-13  3.342572E-13  3.344468E-13  3.345397E-13  3.343180E-13  3.332523E-13  3.330377E-13  3.335956E-13  3.331057E-13  3.329912E-13  3.337315E-13
0.000000E+00  3.392404E-11  3.402954E-11  3.401592E-11  3.397407E-11  3.401899E-11  3.403834E-11  3.395026E-11  3.389185E-11  3.400146E-11  3.395383E-11  3.392504E-11  3.397042E-11  3.399807E-11  3.390065E-11  3.383639E-11  3.387040E-11  3.395297E-11  3.380449E-11  3.385098E-11  3.391099E-11
0.000000E+00  9.695551E-11  9.724376E-11  9.722409E-11  9.710357E-11  9.721050E-11  9.726808E-11  9.703812E-11  9.683964E-11  9.716186E-11  9.704957E-11  9.694157E-11  9.707282E-11  9.715757E-11  9.689829E-11  9.669408E-11  9.679780E-11  9.704278E-11  9.660253E-11  9.673199E-11  9.689829E-11
0.000000E+00  8.116515E-09  8.140834E-09  8.139904E-09  8.128961E-09  8.138169E-09  8.143624E-09  8.124347E-09  8.107325E-09  8.133860E-09  8.125045E-09  8.115693E-09  8.126707E-09  8.133914E-09  8.112152E-09  8.094146E-09  8.103623E-09  8.124150E-09  8.087422E-09  8.097901E-09  8.112385E-09
Gas           Sam
0.000000E+00  -1.079608E-13 -1.078607E-13 -1.077176E-13 -1.076068E-13 -1.075424E-13 -1.074351E-13 -1.073957E-13 -1.074601E-13 -1.075281E-13 -1.074387E-13 -1.071561E-13 -1.071275E-13 -1.071633E-13 -1.071132E-13 -1.070417E-13 -1.070453E-13 -1.072312E-13 -1.069416E-13 -1.069988E-13 -1.068808E-13
0.000000E+00  -1.850726E-14 -1.832129E-14 -1.847507E-14 -1.862170E-14 -1.868607E-14 -1.855733E-14 -1.837851E-14 -1.860024E-14 -1.851084E-14 -1.831414E-14 -1.841428E-14 -1.842143E-14 -1.844646E-14 -1.856806E-14 -1.833202E-14 -1.846792E-14 -1.848580E-14 -1.838924E-14 -1.836779E-14 -1.859667E-14
0.000000E+00  3.507796E-13  3.514091E-13  3.508726E-13  3.517237E-13  3.517595E-13  3.515629E-13  3.506831E-13  3.511265E-13  3.505650E-13  3.509441E-13  3.514913E-13  3.519956E-13  3.510800E-13  3.510014E-13  3.519026E-13  3.508333E-13  3.511659E-13  3.519026E-13  3.524998E-13  3.518740E-13
0.000000E+00  3.468911E-11  3.463840E-11  3.458869E-11  3.461741E-11  3.463089E-11  3.457521E-11  3.448019E-11  3.457267E-11  3.448326E-11  3.456619E-11  3.459899E-11  3.460700E-11  3.443884E-11  3.448273E-11  3.459266E-11  3.443441E-11  3.452507E-11  3.455740E-11  3.458154E-11  3.442672E-11
0.000000E+00  9.873257E-11  9.861204E-11  9.846470E-11  9.855661E-11  9.859774E-11  9.843752E-11  9.816108E-11  9.843466E-11  9.817109E-11  9.839032E-11  9.849296E-11  9.853337E-11  9.803627E-11  9.816001E-11  9.847543E-11  9.802482E-11  9.827838E-11  9.838495E-11  9.844861E-11  9.801516E-11
0.000000E+00  8.222909E-09  8.213290E-09  8.200146E-09  8.208032E-09  8.211108E-09  8.198001E-09  8.174487E-09  8.197446E-09  8.175166E-09  8.193710E-09  8.202006E-09  8.206102E-09  8.164188E-09  8.174505E-09  8.201916E-09  8.163132E-09  8.184911E-09  8.193638E-09  8.198680E-09  8.163383E-09
Gas           Ref
0.000000E+00  -1.117195E-13 -1.115693E-13 -1.115228E-13 -1.114405E-13 -1.114155E-13 -1.114656E-13 -1.115049E-13 -1.116515E-13 -1.116909E-13 -1.115407E-13 -1.114584E-13 -1.116444E-13 -1.116444E-13 -1.116479E-13 -1.114691E-13 -1.115729E-13 -1.116837E-13 -1.117409E-13 -1.115621E-13 -1.116479E-13
0.000000E+00  -2.088906E-14 -2.096774E-14 -2.089264E-14 -2.089264E-14 -2.099277E-14 -2.089979E-14 -2.089979E-14 -2.092483E-14 -2.107861E-14 -2.093913E-14 -2.094986E-14 -2.087476E-14 -2.083542E-14 -2.090694E-14 -2.103927E-14 -2.098562E-14 -2.097489E-14 -2.089622E-14 -2.087118E-14 -2.088191E-14
0.000000E+00  3.301266E-13  3.305379E-13  3.307059E-13  3.303126E-13  3.299442E-13  3.292790E-13  3.296831E-13  3.292075E-13  3.288570E-13  3.290823E-13  3.294686E-13  3.293291E-13  3.296188E-13  3.291646E-13  3.286067E-13  3.284529E-13  3.278807E-13  3.280881E-13  3.288892E-13  3.282312E-13
0.000000E+00  3.359170E-11  3.359706E-11  3.362095E-11  3.360758E-11  3.355229E-11  3.351920E-11  3.356538E-11  3.342146E-11  3.345151E-11  3.351338E-11  3.354588E-11  3.354434E-11  3.357160E-11  3.345343E-11  3.350855E-11  3.336596E-11  3.339031E-11  3.344081E-11  3.352106E-11  3.334554E-11
0.000000E+00  9.601101E-11  9.602317E-11  9.608933E-11  9.605679E-11  9.590694E-11  9.579143E-11  9.593162E-11  9.552393E-11  9.560189E-11  9.577891E-11  9.587726E-11  9.586832E-11  9.595773E-11  9.562942E-11  9.577856E-11  9.537515E-11  9.542987E-11  9.556755E-11  9.581504E-11  9.530291E-11
0.000000E+00  8.036961E-09  8.038105E-09  8.044346E-09  8.042236E-09  8.028789E-09  8.019080E-09  8.031203E-09  7.996800E-09  8.003541E-09  8.017541E-09  8.026590E-09  8.026107E-09  8.033224E-09  8.004863E-09  8.017506E-09  7.983799E-09  7.988324E-09  8.000573E-09  8.021351E-09  7.977827E-09
Gas           Sam
0.000000E+00  -1.081468E-13 -1.078678E-13 -1.077784E-13 -1.076532E-13 -1.075710E-13 -1.075889E-13 -1.076783E-13 -1.076103E-13 -1.078428E-13 -1.077462E-13 -1.076032E-13 -1.075245E-13 -1.073493E-13 -1.072599E-13 -1.072742E-13 -1.072920E-13 -1.071061E-13 -1.071561E-13 -1.071311E-13 -1.070703E-13
0.000000E+00  -1.880409E-14 -1.894357E-14 -1.881482E-14 -1.886131E-14 -1.896145E-14 -1.915099E-14 -1.894714E-14 -1.893641E-14 -1.908662E-14 -1.913669E-14 -1.902224E-14 -1.911165E-14 -1.916530E-14 -1.911523E-14 -1.892211E-14 -1.912238E-14 -1.892211E-14 -1.901509E-14 -1.895787E-14 -1.885774E-14
0.000000E+00  3.459659E-13  3.459123E-13  3.464881E-13  3.467277E-13  3.466311E-13  3.464309E-13  3.464309E-13  3.472498E-13  3.474751E-13  3.466776E-13  3.463844E-13  3.466204E-13  3.467813E-13  3.472355E-13  3.475646E-13  3.466311E-13  3.465060E-13  3.471390E-13  3.478113E-13  3.482119E-13
0.000000E+00  3.425395E-11  3.424429E-11  3.426912E-11  3.428560E-11  3.419093E-11  3.413132E-11  3.418675E-11  3.423904E-11  3.425732E-11  3.408000E-11  3.421840E-11  3.407464E-11  3.414656E-11  3.423532E-11  3.417220E-11  3.406881E-11  3.412742E-11  3.417434E-11  3.419380E-11  3.421250E-11
0.000000E+00  9.752557E-11  9.747944E-11  9.755168E-11  9.759745E-11  9.734639E-11  9.715685E-11  9.730921E-11  9.747443E-11  9.753058E-11  9.703169E-11  9.740398E-11  9.702239E-11  9.719977E-11  9.744296E-11  9.730277E-11  9.697589E-11  9.714720E-11  9.729169E-11  9.734426E-11  9.738574E-11
0.000000E+00  8.122184E-09  8.118875E-09  8.124473E-09  8.127745E-09  8.107074E-09  8.090855E-09  8.104177E-09  8.117499E-09  8.123310E-09  8.080323E-09  8.112349E-09  8.079947E-09  8.094736E-09  8.115639E-09  8.103658E-09  8.076193E-09  8.090069E-09  8.102782E-09  8.107288E-09  8.110436E-09
Gas           Ref
0.000000E+00  -1.115264E-13 -1.114119E-13 -1.117266E-13 -1.117016E-13 -1.116408E-13 -1.116623E-13 -1.115192E-13 -1.114727E-13 -1.115013E-13 -1.114691E-13 -1.116551E-13 -1.114369E-13 -1.116086E-13 -1.114977E-13 -1.115872E-13 -1.116050E-13 -1.115693E-13 -1.116193E-13 -1.116980E-13 -1.116980E-13
0.000000E+00  -2.132537E-14 -2.115728E-14 -2.130749E-14 -2.115728E-14 -2.112152E-14 -2.115013E-14 -2.120020E-14 -2.115371E-14 -2.123954E-14 -2.133252E-14 -2.136113E-14 -2.123239E-14 -2.130749E-14 -2.136113E-14 -2.131822E-14 -2.155783E-14 -2.151134E-14 -2.135398E-14 -2.132537E-14 -2.153995E-14
0.000000E+00  3.256133E-13  3.258100E-13  3.240291E-13  3.238073E-13  3.235749E-13  3.241113E-13  3.245476E-13  3.248373E-13  3.237000E-13  3.237716E-13  3.242865E-13  3.237465E-13  3.237250E-13  3.242043E-13  3.243295E-13  3.231529E-13  3.229132E-13  3.236500E-13  3.236428E-13  3.226772E-13
0.000000E+00  3.321229E-11  3.316394E-11  3.301616E-11  3.308708E-11  3.301380E-11  3.309524E-11  3.312253E-11  3.312596E-11  3.298634E-11  3.309155E-11  3.307703E-11  3.303605E-11  3.307900E-11  3.309098E-11  3.303158E-11  3.295043E-11  3.300354E-11  3.305443E-11  3.301813E-11  3.291403E-11
0.000000E+00  9.491989E-11  9.478971E-11  9.436486E-11  9.456905E-11  9.435198E-11  9.456799E-11  9.467491E-11  9.469495E-11  9.426615E-11  9.457263E-11  9.455010E-11  9.441850E-11  9.453473E-11  9.458229E-11  9.441600E-11  9.417317E-11  9.432766E-11  9.447715E-11  9.438381E-11  9.406909E-11
0.000000E+00  7.947268E-09  7.936467E-09  7.898952E-09  7.917031E-09  7.898326E-09  7.916869E-09  7.926078E-09  7.927670E-09  7.891638E-09  7.917031E-09  7.915635E-09  7.904263E-09  7.913775E-09  7.918335E-09  7.904817E-09  7.883467E-09  7.896270E-09  7.909342E-09  7.901777E-09  7.874275E-09
Gas           Sam
0.000000E+00  -1.081253E-13 -1.080073E-13 -1.080931E-13 -1.080860E-13 -1.079572E-13 -1.078499E-13 -1.078499E-13 -1.078714E-13 -1.078964E-13 -1.077391E-13 -1.074315E-13 -1.074101E-13 -1.075495E-13 -1.072885E-13 -1.073993E-13 -1.072241E-13 -1.071561E-13 -1.072563E-13 -1.073314E-13 -1.072384E-13
0.000000E+00  -1.934053E-14 -1.930119E-14 -1.914026E-14 -1.917602E-14 -1.929047E-14 -1.942279E-14 -1.952292E-14 -1.940491E-14 -1.954796E-14 -1.940848E-14 -1.924755E-14 -1.939418E-14 -1.937987E-14 -1.953365E-14 -1.934053E-14 -1.928689E-14 -1.926186E-14 -1.937987E-14 -1.959087E-14 -1.956226E-14
0.000000E+00  3.416529E-13  3.419355E-13  3.419927E-13  3.426865E-13  3.428796E-13  3.423790E-13  3.413347E-13  3.417960E-13  3.412989E-13  3.422109E-13  3.428903E-13  3.424898E-13  3.418890E-13  3.420428E-13  3.429547E-13  3.430406E-13  3.420535E-13  3.423289E-13  3.428188E-13  3.432051E-13
0.000000E+00  3.390830E-11  3.393212E-11  3.393649E-11  3.393345E-11  3.393710E-11  3.377959E-11  3.375138E-11  3.376765E-11  3.374408E-11  3.381714E-11  3.388721E-11  3.371293E-11  3.372287E-11  3.381632E-11  3.380670E-11  3.375342E-11  3.369080E-11  3.376912E-11  3.379894E-11  3.379698E-11
0.000000E+00  9.653030E-11  9.658465E-11  9.662578E-11  9.662113E-11  9.661719E-11  9.616766E-11  9.606323E-11  9.615406E-11  9.605357E-11  9.626386E-11  9.647414E-11  9.598813E-11  9.599778E-11  9.626564E-11  9.624419E-11  9.610829E-11  9.590623E-11  9.613440E-11  9.620986E-11  9.621808E-11
0.000000E+00  8.039840E-09  8.044453E-09  8.047296E-09  8.046205E-09  8.046760E-09  8.009835E-09  7.999696E-09  8.007939E-09  7.998909E-09  8.016844E-09  8.034350E-09  7.994439E-09  7.995244E-09  8.017292E-09  8.015056E-09  8.004381E-09  7.986571E-09  8.005650E-09  8.013196E-09  8.012857E-09
Gas           Ref
0.000000E+00  -1.117874E-13 -1.117517E-13 -1.116658E-13 -1.116158E-13 -1.117016E-13 -1.115764E-13 -1.118625E-13 -1.118160E-13 -1.118268E-13 -1.117087E-13 -1.117338E-13 -1.115371E-13 -1.115156E-13 -1.116909E-13 -1.115693E-13 -1.116122E-13 -1.116193E-13 -1.117481E-13 -1.117874E-13 -1.117946E-13
0.000000E+00  -2.174379E-14 -2.175095E-14 -2.188685E-14 -2.196910E-14 -2.164366E-14 -2.164008E-14 -2.176525E-14 -2.166154E-14 -2.183320E-14 -2.174022E-14 -2.181890E-14 -2.201559E-14 -2.193691E-14 -2.199056E-14 -2.194764E-14 -2.186539E-14 -2.178313E-14 -2.185108E-14 -2.196553E-14 -2.175453E-14
0.000000E+00  3.191510E-13  3.188291E-13  3.193477E-13  3.194478E-13  3.200415E-13  3.188577E-13  3.188255E-13  3.192297E-13  3.190616E-13  3.192690E-13  3.198412E-13  3.185359E-13  3.188220E-13  3.184429E-13  3.183285E-13  3.187469E-13  3.188184E-13  3.188041E-13  3.189435E-13  3.186968E-13
0.000000E+00  3.259191E-11  3.264087E-11  3.270295E-11  3.272166E-11  3.269827E-11  3.255593E-11  3.267474E-11  3.263418E-11  3.262986E-11  3.267438E-11  3.262166E-11  3.253698E-11  3.267556E-11  3.250433E-11  3.256938E-11  3.262553E-11  3.263032E-11  3.265049E-11  3.265743E-11  3.256777E-11
0.000000E+00  9.315857E-11  9.327981E-11  9.347757E-11  9.352765E-11  9.347292E-11  9.305700E-11  9.337243E-11  9.328446E-11  9.326372E-11  9.338495E-11  9.326729E-11  9.299514E-11  9.338781E-11  9.292397E-11  9.308204E-11  9.324905E-11  9.325943E-11  9.330520E-11  9.332415E-11  9.309849E-11
0.000000E+00  7.798709E-09  7.808848E-09  7.825138E-09  7.829590E-09  7.825102E-09  7.789947E-09  7.816733E-09  7.809760E-09  7.807596E-09  7.817878E-09  7.808294E-09  7.784976E-09  7.818074E-09  7.778735E-09  7.792003E-09  7.806165E-09  7.807489E-09  7.811619E-09  7.813408E-09  7.794149E-09
Gas           Sam
0.000000E+00  -1.081325E-13 -1.081968E-13 -1.082076E-13 -1.080681E-13 -1.081861E-13 -1.080824E-13 -1.079465E-13 -1.079322E-13 -1.077570E-13 -1.076389E-13 -1.076354E-13 -1.076032E-13 -1.076175E-13 -1.074744E-13 -1.074565E-13 -1.074279E-13 -1.073957E-13 -1.074816E-13 -1.074029E-13 -1.073493E-13
0.000000E+00  -1.972677E-14 -1.979830E-14 -1.991274E-14 -1.995208E-14 -1.986267E-14 -1.966955E-14 -1.974823E-14 -1.982333E-14 -1.983764E-14 -1.987340E-14 -1.986625E-14 -1.968386E-14 -1.972320E-14 -1.960518E-14 -1.995923E-14 -2.006652E-14 -1.986982E-14 -1.990916E-14 -1.997353E-14 -1.973750E-14
0.000000E+00  3.379729E-13  3.371290E-13  3.369037E-13  3.368679E-13  3.369072E-13  3.377691E-13  3.376332E-13  3.368894E-13  3.377834E-13  3.384200E-13  3.373435E-13  3.377155E-13  3.381303E-13  3.384057E-13  3.371898E-13  3.379229E-13  3.384021E-13  3.376046E-13  3.379444E-13  3.383592E-13
0.000000E+00  3.357682E-11  3.338248E-11  3.346771E-11  3.337623E-11  3.344568E-11  3.352507E-11  3.338170E-11  3.337705E-11  3.351481E-11  3.342984E-11  3.336328E-11  3.344886E-11  3.347497E-11  3.340090E-11  3.334493E-11  3.347833E-11  3.339897E-11  3.334425E-11  3.340480E-11  3.343112E-11
0.000000E+00  9.557936E-11  9.503683E-11  9.526894E-11  9.501824E-11  9.520993E-11  9.543809E-11  9.504184E-11  9.502897E-11  9.539840E-11  9.519133E-11  9.497247E-11  9.520850E-11  9.528073E-11  9.510907E-11  9.490737E-11  9.531007E-11  9.507653E-11  9.492346E-11  9.509727E-11  9.516379E-11
0.000000E+00  7.960447E-09  7.915081E-09  7.934071E-09  7.913078E-09  7.929243E-09  7.948448E-09  7.915921E-09  7.913669E-09  7.945300E-09  7.928242E-09  7.909323E-09  7.929834E-09  7.935841E-09  7.920642E-09  7.904602E-09  7.937719E-09  7.918979E-09  7.905389E-09  7.920267E-09  7.925971E-09
Gas           Ref
0.000000E+00  -1.117123E-13 -1.118017E-13 -1.117123E-13 -1.117695E-13 -1.118268E-13 -1.118303E-13 -1.115585E-13 -1.117266E-13 -1.117338E-13 -1.116515E-13 -1.117552E-13 -1.117123E-13 -1.115121E-13 -1.116158E-13 -1.115979E-13 -1.114834E-13 -1.115621E-13 -1.117266E-13 -1.116479E-13 -1.118482E-13
0.000000E+00  -2.226236E-14 -2.218010E-14 -2.218368E-14 -2.209785E-14 -2.226951E-14 -2.248408E-14 -2.234461E-14 -2.220156E-14 -2.225520E-14 -2.221229E-14 -2.218010E-14 -2.223017E-14 -2.243044E-14 -2.238753E-14 -2.259137E-14 -2.260210E-14 -2.245190E-14 -2.233031E-14 -2.244117E-14 -2.252342E-14
0.000000E+00  3.141513E-13  3.144768E-13  3.148809E-13  3.149417E-13  3.149918E-13  3.139046E-13  3.140619E-13  3.148738E-13  3.141657E-13  3.140906E-13  3.146628E-13  3.142765E-13  3.142515E-13  3.139797E-13  3.128854E-13  3.132358E-13  3.127065E-13  3.134146E-13  3.131822E-13  3.121272E-13
0.000000E+00  3.221397E-11  3.228002E-11  3.229583E-11  3.229519E-11  3.226861E-11  3.213271E-11  3.221315E-11  3.228210E-11  3.222277E-11  3.223107E-11  3.224633E-11  3.226071E-11  3.226182E-11  3.214377E-11  3.211137E-11  3.209956E-11  3.210614E-11  3.219061E-11  3.207367E-11  3.206716E-11
0.000000E+00  9.207317E-11  9.225735E-11  9.231278E-11  9.229991E-11  9.223589E-11  9.184357E-11  9.204348E-11  9.229848E-11  9.208283E-11  9.212611E-11  9.216865E-11  9.220728E-11  9.221086E-11  9.190008E-11  9.176596E-11  9.175452E-11  9.176310E-11  9.202203E-11  9.168121E-11  9.165153E-11
0.000000E+00  7.707639E-09  7.723035E-09  7.727916E-09  7.727398E-09  7.721980E-09  7.688488E-09  7.705493E-09  7.726682E-09  7.708819E-09  7.712091E-09  7.715900E-09  7.719119E-09  7.720102E-09  7.694084E-09  7.682051E-09  7.681336E-09  7.681318E-09  7.703294E-09  7.675703E-09  7.671965E-09
 Gas          
0.000000E+00  0.000000E+00  0.000000E+00  0.000000E+00  0.000000E+00  0.000000E+00  0.000000E+00  0.000000E+00  0.000000E+00  0.000000E+00  0.000000E+00  0.000000E+00  0.000000E+00  0.000000E+00  0.000000E+00  0.000000E+00  0.000000E+00  0.000000E+00  0.000000E+00  0.000000E+00  0.000000E+00
0.000000E+00  0.000000E+00  0.000000E+00  0.000000E+00  0.000000E+00  0.000000E+00  0.000000E+00  0.000000E+00  0.000000E+00  0.000000E+00  0.000000E+00  0.000000E+00  0.000000E+00  0.000000E+00  0.000000E+00  0.000000E+00  0.000000E+00  0.000000E+00  0.000000E+00  0.000000E+00  0.000000E+00
0.000000E+00  0.000000E+00  0.000000E+00  0.000000E+00  0.000000E+00  0.000000E+00  0.000000E+00  0.000000E+00  0.000000E+00  0.000000E+00  0.000000E+00  0.000000E+00  0.000000E+00  0.000000E+00  0.000000E+00  0.000000E+00  0.000000E+00  0.000000E+00  0.000000E+00  0.000000E+00  0.000000E+00
0.000000E+00  0.000000E+00  0.000000E+00  0.000000E+00  0.000000E+00  0.000000E+00  0.000000E+00  0.000000E+00  0.000000E+00  0.000000E+00  0.000000E+00  0.000000E+00  0.000000E+00  0.000000E+00  0.000000E+00  0.000000E+00  0.000000E+00  0.000000E+00  0.000000E+00  0.000000E+00  0.000000E+00
0.000000E+00  0.000000E+00  0.000000E+00  0.000000E+00  0.000000E+00  0.000000E+00  0.000000E+00  0.000000E+00  0.000000E+00  0.000000E+00  0.000000E+00  0.000000E+00  0.000000E+00  0.000000E+00  0.000000E+00  0.000000E+00  0.000000E+00  0.000000E+00  0.000000E+00  0.000000E+00  0.000000E+00
0.000000E+00  0.000000E+00  0.000000E+00  0.000000E+00  0.000000E+00  0.000000E+00  0.000000E+00  0.000000E+00  0.000000E+00  0.000000E+00  0.000000E+00  0.000000E+00  0.000000E+00  0.000000E+00  0.000000E+00  0.000000E+00  0.000000E+00  0.000000E+00  0.000000E+00  0.000000E+00  0.000000E+00
End of Analysis
"H3 factor",13.13339
"Linearity factor (0)",52.88039
"Linearity factor (1)",18.00761
"Linearity factor (2)",-.1321419
"Linearity factor (3)",9.804096E-04
"Linearity factor (4)",-7.965973E-02
"Linearity factor (5)",0
"Collector Gains :",500,5000,5000,5000,500,500,50,500,1,5
"Number of deflectors available : ",33
"Source HT",8000
"Extraction V",780
"H Defl",310
"Trap",850
"Trap Voltage",24
"Repeller",4
"Filament V",-110
"Delta HP",19
"Z Lens",110
"Delta Z",130
"Max Current",3.5
"Heater Current",1
"Quad 1",120
"Cubic 1",50
"Lin 1",0
"Deflect 1 I",5
"Deflect 1 O",5
"Offset 1",0
"Offset 2",0
"Quad 2",-620
"Cubic 2",0
"Lin 2",0
"Q1 I Cor",0
"Q1 O Cor",0
"Suppressor",-100
"Mop Plate",-15
"ESA H1",790
"ESA H1 delta",0
"ESA H2",800
"ESA H2 delta",0
"ESA H3",820
"ESA H3 delta",0
"ESA HD",0
"ESA HD delta",0
"Batch Started: ","13:02:19 15:29:56"
"Data File: ","C:\Nu Stable\Results\2019\201902013 standard PD4 BSS WNI ZE NTA\Data_9294 PD4 146.txt"
"Sample Name: ","PD4 146"
"Sample Weight: ",74
"Sample Type: ","Sam"
"Vial Number: ",17
"Sam Beam First CO: ","8.366873e-09"
"Sam Beam Last CO: ","7.921566e-09"
"Ref Beam First CO: ","8.331539e-09"
"Ref Beam Second CO: ","8.219019e-09"
"Ref BeamLast CO: ","7.700683e-09"
"Sam Depletion: ","5 %"
"Ref Depletion: ","8 %"
"Observed CP Temperature: ",70.254
"Std Dev: ","0.000e00"
"Min: ","70.254"
"Max: ","70.254"
"Ave Started: ","14:02:19 01:47:44"
"Ave Stopped: ","14:02:19 01:50:30"
"Num: ",6
"Current Mass: ",46.03193
"Method File Name","C:\Nu Stable\Analyses\DI\040216 12-12-20 6 collectors.rdf"
"Version 6"
"Analysis Type","DI"
"Analysis Calculation Routine ","Clumped CO2 Iterative"
"Gas ID ","CO2"
"Ref Gas Identifier ","AirLiquide01"
"Centring collector ",8
"Num of Ref/Sam cycles ",6
"Cycles length(secs) ",20
"C/O valve stabilisation time ",12
"Offset for zero measurement(amu) ",0
"Zero measurement time ",20
"Spare",0
"Spare",0
0
-1
-1
-1
-1
0
-1
0
-1
0
"Num Clumped Blocks","1"
"Do zero at start of block",#FALSE#
"Balance beams",#FALSE#
"Mag Hysteresis Offset",.001
"Apply Hysteresis Offset",#FALSE#
"Target Beam (A) ",.00000005
"Use CF with Bellows ",#FALSE#
"DI Auto Gas balancing: ","True"
"Pirani pressure",3.322723E-02
"Cold finger status","CF"
"Inlet transducer pressure",1.953021
"Sample operations:  InitialisePrepSampleRun; CheckIfCFRequired; UseCF; SampleTrapped; BalanceRefToSamValue; DepletingBalance; SampleReady;"
"Number of sample chops",0
"Number of sample double chops",0
"Run from bellows",#FALSE#
"Max sample pump-over pressure (mBar)","0.000000e00"
"Max sample pump-over pressure (raw)",0
"Pre-balance Sam Beam","8.591179e-09"
"Min ref beam","3.747836e-09"
"Max ref beam","2.284407e-08"
"Ref bellows position",4270
"Sam bellows position",8446
"Balance %",.7042865
"Initial Sam Beam","8.937380e-09"
"Final Ref Beam","8.657857e-09"
"Final Sam Beam","8.718833e-09"
"Pre-depleted Ref Beam",8.659431E-09
"InletPiraniPressure",3.322723E-02
"Depletion Factor",.96
"Balance End","14/02/19 02:29:39"
"Water Trap Temperature Hot",-195.1766
"Water Trap Temperature Cold",-195.1766
"DP Version",25
"Num Gas Cycles ",1
"UseFrontHeightThreshold(1)",#TRUE#
"FrontHeightThreshold(1)",2
"UseBackHeightThreshold(1)",#TRUE#
"BackHeightThreshold(1)",2.7
"UsePeakWidthLimit(1)",#FALSE#
"PeakWidthLimit(1)",6
"RefGasFrontHeightThreshold(1)",40
"RefGasBackHeightThreshold(1)",10
"Measure_Elemental_Comp",#TRUE#
"Use_TCD_For_Elem_Calcs",#FALSE#
"Sample_Name","PD4 146"
"Sample_Type","Sam"
"Sample_Weight",74
"Sample_Vial",17
"Standard_Type",""
"NoAnalysisCycles",1
"Gas1","CO2"
"Ref Gas1","AirLiquide01"
"Analysis_Routine1","Clumped CO2 Iterative"
"ZeroWidth1",10
"NoZeros1",1
"ZeroTime1",10
"Delta wrt Std 1",#FALSE#
"AllowLinearityCorrection",#FALSE#
"Num Collectors",6
"LinearityFactor(Cent)",52880.39
"LinearityFactor(Low2)",18007.61
"LinearityFactor(Low4)",-132.1419
"LinearityFactor()",.9804096
"LinearityFactor()",-79.65973
"LinearityFactor()",0
"UseH3Factor",#FALSE#
"H3Factor",0
"Axial Mass",46
"Anal Start",0
"Anal End",0
"Calc Linearity Correction from Ref Peaks",#FALSE#
"Temperature",25
"Std Temperature",25
"A_Factor",1.01025
"K_Factor",.04
"TemperatureCorrectionEnabled",#FALSE#
"GC ZeroMethod","Lowest Peak Limit"
"GC AllowZeroToCutPoints",#FALSE#
"GC UseIsotopicShift",#TRUE#
"GC InterpolatePeakHeight",#TRUE#
"GC NumZeroPoints",10
"GC Min Peak Height",.0000000001
"GC No UserPeaks",0
"SmoothingInterval",10
"DropFactor",1
"GradientRejectfactor",10
"SectionSize",100
"BackgroundStartTime",1
"CutOffTime",1000
"UseNewBackgroundCalcn",#FALSE#
"GC Label File","None.lab"
"GC No User Defined Background Points",0
"GC No Auto-detected Peaks to be Removed",0
"GC No Auto-calculated Background Points to Remove",0
"GC Std Peak In Sample",#FALSE#
"GC Std Peak Time",0
"Max Gap For Grouping EA Ref Pulses",20
"Group EA Ref Peaks",#FALSE#
"Use Defined Peak Limits (1)",#FALSE#
"Peak Start (1)",0
"Peak End (1)",0
"DP Version",25
"Num Gas Cycles ",1
"UseFrontHeightThreshold(1)",#TRUE#
"FrontHeightThreshold(1)",2
"UseBackHeightThreshold(1)",#TRUE#
"BackHeightThreshold(1)",2.7
"UsePeakWidthLimit(1)",#FALSE#
"PeakWidthLimit(1)",6
"RefGasFrontHeightThreshold(1)",40
"RefGasBackHeightThreshold(1)",10
"Measure_Elemental_Comp",#TRUE#
"Use_TCD_For_Elem_Calcs",#FALSE#
"Sample_Name","PD4 146"
"Sample_Type","Sam"
"Sample_Weight",74
"Sample_Vial",17
"Standard_Type",""
"NoAnalysisCycles",1
"Gas1","CO2"
"Ref Gas1","AirLiquide01"
"Analysis_Routine1","Clumped CO2 Iterative"
"ZeroWidth1",10
"NoZeros1",1
"ZeroTime1",10
"Delta wrt Std 1",#FALSE#
"AllowLinearityCorrection",#FALSE#
"Num Collectors",6
"LinearityFactor(Cent)",52880.39
"LinearityFactor(Low2)",18007.61
"LinearityFactor(Low4)",-132.1419
"LinearityFactor()",.9804096
"LinearityFactor()",-79.65973
"LinearityFactor()",0
"UseH3Factor",#FALSE#
"H3Factor",0
"Axial Mass",46
"Anal Start",0
"Anal End",0
"Calc Linearity Correction from Ref Peaks",#FALSE#
"Temperature",25
"Std Temperature",25
"A_Factor",1.01025
"K_Factor",.04
"TemperatureCorrectionEnabled",#FALSE#
"GC ZeroMethod","Lowest Peak Limit"
"GC AllowZeroToCutPoints",#FALSE#
"GC UseIsotopicShift",#TRUE#
"GC InterpolatePeakHeight",#TRUE#
"GC NumZeroPoints",10
"GC Min Peak Height",.0000000001
"GC No UserPeaks",0
"SmoothingInterval",10
"DropFactor",1
"GradientRejectfactor",10
"SectionSize",100
"BackgroundStartTime",1
"CutOffTime",1000
"UseNewBackgroundCalcn",#FALSE#
"GC Label File","None.lab"
"GC No User Defined Background Points",0
"GC No Auto-detected Peaks to be Removed",0
"GC No Auto-calculated Background Points to Remove",0
"GC Std Peak In Sample",#FALSE#
"GC Std Peak Time",0
"Max Gap For Grouping EA Ref Pulses",20
"Group EA Ref Peaks",#FALSE#
"Use Defined Peak Limits (1)",#FALSE#
"Peak Start (1)",0
"Peak End (1)",0
"End of Data file"


