"Clumped CO2 Iterative Analysis,         Data File Version 10"
"Started analysis at 5:48:37 AM on the Thursday, February 14, 2019"
"UTC FileTimeLow",-691916672," UTC FileTimeHigh",30721106
"Time Zone ","Eastern Daylight Time"
"CO Disabled",#FALSE#
"Persective Instrument","PS019"
"User logged in",#FALSE#
"Software Version","Stable 1.69.5"
"Axial Mass is :",46
"No_C_O_Cycles",6
"Num Blocks",1
0
-1
-1
-1
-1
0
-1
0
-1
0
"Sample Name is ","WNI-3"
Zero Data
-1.111821409678E-13, -5.756526745353E-14, -6.091999870056E-14, -3.269437163762E-14, 1.103998298080E-13, 4.008118186308E-12, Measured at start of run
Individual Data
No_C_O_Cycles                6 
Cycle_Length   20 
Zero_Measurement_Length      20 
Axial_Mass     46 
 Gas          Bla
0.000000E+00  -1.114620E-13 -1.114227E-13 -1.110221E-13 -1.110364E-13 -1.110936E-13 -1.111866E-13 -1.111187E-13 -1.112653E-13 -1.112224E-13 -1.110722E-13 -1.109685E-13 -1.111652E-13 -1.111795E-13 -1.110614E-13 -1.112546E-13 -1.112152E-13 -1.111687E-13 -1.112152E-13 -1.112546E-13 -1.112581E-13
0.000000E+00  -5.758172E-14 -5.754595E-14 -5.757099E-14 -5.740291E-14 -5.756026E-14 -5.746728E-14 -5.753165E-14 -5.746728E-14 -5.762106E-14 -5.768185E-14 -5.760318E-14 -5.758172E-14 -5.765682E-14 -5.750304E-14 -5.766040E-14 -5.783206E-14 -5.760675E-14 -5.749588E-14 -5.743509E-14 -5.749947E-14
0.000000E+00  -6.080395E-14 -6.089693E-14 -6.100780E-14 -6.112581E-14 -6.106502E-14 -6.095415E-14 -6.105071E-14 -6.107932E-14 -6.094700E-14 -6.085759E-14 -6.075031E-14 -6.086832E-14 -6.095058E-14 -6.081468E-14 -6.076461E-14 -6.079322E-14 -6.082541E-14 -6.088620E-14 -6.102568E-14 -6.093269E-14
0.000000E+00  -3.139976E-14 -3.186467E-14 -3.243688E-14 -3.243688E-14 -3.218654E-14 -3.257993E-14 -3.211501E-14 -3.275875E-14 -3.257993E-14 -3.286603E-14 -3.311637E-14 -3.243688E-14 -3.340248E-14 -3.261569E-14 -3.340248E-14 -3.236535E-14 -3.358129E-14 -3.293756E-14 -3.322366E-14 -3.358129E-14
0.000000E+00  1.130105E-13  1.137258E-13  1.133681E-13  1.126529E-13  1.108647E-13  1.105071E-13  1.115800E-13  1.108647E-13  1.108647E-13  1.112224E-13  1.087190E-13  1.101495E-13  1.087190E-13  1.090766E-13  1.087190E-13  1.072885E-13  1.090766E-13  1.083614E-13  1.080037E-13  1.112224E-13
0.000000E+00  4.166369E-12  4.148487E-12  4.112724E-12  4.202131E-12  4.041199E-12  4.041199E-12  4.059080E-12  4.076961E-12  4.041199E-12  4.023317E-12  3.969673E-12  3.933910E-12  3.969673E-12  3.969673E-12  3.933910E-12  3.916029E-12  3.933910E-12  3.933910E-12  3.862385E-12  3.826622E-12
Gas           Ref
0.000000E+00  -1.107503E-13 -1.105214E-13 -1.104678E-13 -1.106180E-13 -1.106108E-13 -1.105715E-13 -1.106537E-13 -1.106037E-13 -1.106251E-13 -1.106108E-13 -1.107038E-13 -1.107396E-13 -1.107038E-13 -1.108361E-13 -1.107896E-13 -1.105643E-13 -1.104570E-13 -1.107110E-13 -1.105429E-13 -1.104034E-13
0.000000E+00  -2.503755E-14 -2.526286E-14 -2.506259E-14 -2.506259E-14 -2.503755E-14 -2.511981E-14 -2.507689E-14 -2.497318E-14 -2.503397E-14 -2.510192E-14 -2.500894E-14 -2.506616E-14 -2.499821E-14 -2.519848E-14 -2.501967E-14 -2.497318E-14 -2.493026E-14 -2.488020E-14 -2.477648E-14 -2.499464E-14
0.000000E+00  2.832702E-13  2.828660E-13  2.833309E-13  2.837673E-13  2.840247E-13  2.829912E-13  2.828696E-13  2.834061E-13  2.840176E-13  2.831843E-13  2.823796E-13  2.825585E-13  2.830878E-13  2.824297E-13  2.823904E-13  2.828768E-13  2.832272E-13  2.832451E-13  2.833595E-13  2.833453E-13
0.000000E+00  2.946377E-11  2.949532E-11  2.955897E-11  2.960250E-11  2.954728E-11  2.945651E-11  2.949721E-11  2.955708E-11  2.961140E-11  2.942948E-11  2.944135E-11  2.952718E-11  2.952060E-11  2.941946E-11  2.946696E-11  2.951416E-11  2.953584E-11  2.954102E-11  2.954252E-11  2.954084E-11
0.000000E+00  8.423789E-11  8.431836E-11  8.450289E-11  8.463486E-11  8.447786E-11  8.421215E-11  8.432909E-11  8.449753E-11  8.465095E-11  8.415743E-11  8.416458E-11  8.440777E-11  8.440634E-11  8.409448E-11  8.423861E-11  8.437237E-11  8.443888E-11  8.446070E-11  8.446856E-11  8.446534E-11
0.000000E+00  7.051248E-09  7.058025E-09  7.073349E-09  7.085062E-09  7.072187E-09  7.049281E-09  7.058562E-09  7.073725E-09  7.086385E-09  7.044614E-09  7.045383E-09  7.065893E-09  7.066268E-09  7.039107E-09  7.051445E-09  7.063622E-09  7.068468E-09  7.070649E-09  7.070900E-09  7.070381E-09
Gas           Sam
0.000000E+00  -1.068379E-13 -1.064909E-13 -1.066269E-13 -1.066340E-13 -1.064838E-13 -1.065196E-13 -1.063515E-13 -1.062800E-13 -1.061655E-13 -1.061298E-13 -1.061119E-13 -1.062335E-13 -1.060690E-13 -1.059617E-13 -1.057650E-13 -1.057971E-13 -1.057936E-13 -1.058472E-13 -1.058258E-13 -1.058651E-13
0.000000E+00  -2.313854E-14 -2.298119E-14 -2.308490E-14 -2.314212E-14 -2.316716E-14 -2.308848E-14 -2.297761E-14 -2.314212E-14 -2.309921E-14 -2.297046E-14 -2.309205E-14 -2.318504E-14 -2.307060E-14 -2.322080E-14 -2.314927E-14 -2.311351E-14 -2.291682E-14 -2.320292E-14 -2.339246E-14 -2.330305E-14
0.000000E+00  2.990594E-13  2.994600E-13  2.990738E-13  2.997246E-13  3.001109E-13  3.008190E-13  3.012088E-13  3.014484E-13  3.017166E-13  3.015378E-13  3.001967E-13  3.001359E-13  3.010192E-13  3.005686E-13  3.003648E-13  3.009799E-13  3.016558E-13  3.008798E-13  3.006223E-13  3.015950E-13
0.000000E+00  3.008190E-11  3.007135E-11  3.005658E-11  3.010360E-11  3.015467E-11  3.017173E-11  3.018672E-11  3.018976E-11  3.018815E-11  3.008855E-11  2.999878E-11  3.009699E-11  3.006270E-11  2.999893E-11  3.005579E-11  3.010471E-11  3.015371E-11  2.995916E-11  2.998555E-11  3.013061E-11
0.000000E+00  8.535227E-11  8.534368E-11  8.527251E-11  8.540448E-11  8.555611E-11  8.561262E-11  8.564409E-11  8.566411E-11  8.566233E-11  8.539053E-11  8.510907E-11  8.538732E-11  8.532187E-11  8.510943E-11  8.527037E-11  8.540233E-11  8.554896E-11  8.502218E-11  8.508511E-11  8.547064E-11
0.000000E+00  7.103605E-09  7.102800E-09  7.096846E-09  7.108379E-09  7.120789E-09  7.125653E-09  7.129282E-09  7.130355E-09  7.130320E-09  7.107092E-09  7.083900E-09  7.106609E-09  7.102085E-09  7.083131E-09  7.096524E-09  7.107771E-09  7.120950E-09  7.076336E-09  7.080895E-09  7.113762E-09
Gas           Ref
0.000000E+00  -1.109077E-13 -1.108683E-13 -1.106824E-13 -1.107002E-13 -1.106394E-13 -1.105321E-13 -1.106394E-13 -1.107038E-13 -1.107181E-13 -1.106573E-13 -1.106967E-13 -1.105751E-13 -1.106967E-13 -1.106537E-13 -1.107110E-13 -1.108576E-13 -1.106287E-13 -1.106323E-13 -1.107074E-13 -1.107575E-13
0.000000E+00  -2.533438E-14 -2.550604E-14 -2.555253E-14 -2.518060E-14 -2.510192E-14 -2.524855E-14 -2.534154E-14 -2.529147E-14 -2.549531E-14 -2.519133E-14 -2.533438E-14 -2.541664E-14 -2.559903E-14 -2.540591E-14 -2.534869E-14 -2.532365E-14 -2.555611E-14 -2.553108E-14 -2.545598E-14 -2.568128E-14
0.000000E+00  2.794471E-13  2.788928E-13  2.795437E-13  2.800050E-13  2.797904E-13  2.786889E-13  2.789536E-13  2.798512E-13  2.788570E-13  2.782634E-13  2.789536E-13  2.794650E-13  2.794292E-13  2.795758E-13  2.794900E-13  2.794400E-13  2.780309E-13  2.777698E-13  2.779165E-13  2.774336E-13
0.000000E+00  2.911129E-11  2.916226E-11  2.921980E-11  2.925914E-11  2.918793E-11  2.910754E-11  2.921261E-11  2.928592E-11  2.907532E-11  2.913436E-11  2.917774E-11  2.918836E-11  2.920667E-11  2.920749E-11  2.920635E-11  2.918171E-11  2.901942E-11  2.909102E-11  2.905550E-11  2.904456E-11
0.000000E+00  8.323939E-11  8.335777E-11  8.353337E-11  8.364315E-11  8.345433E-11  8.320256E-11  8.350940E-11  8.373365E-11  8.314606E-11  8.328589E-11  8.342214E-11  8.345505E-11  8.350797E-11  8.349760E-11  8.351084E-11  8.344826E-11  8.296080E-11  8.315249E-11  8.309635E-11  8.303054E-11
0.000000E+00  6.967885E-09  6.977720E-09  6.992686E-09  7.002128E-09  6.986428E-09  6.964255E-09  6.990773E-09  7.009567E-09  6.959856E-09  6.971264E-09  6.982726E-09  6.986124E-09  6.990916E-09  6.990827E-09  6.990720E-09  6.985874E-09  6.944210E-09  6.960589E-09  6.956191E-09  6.950236E-09
Gas           Sam
0.000000E+00  -1.069380E-13 -1.068593E-13 -1.065732E-13 -1.064337E-13 -1.065267E-13 -1.065482E-13 -1.065339E-13 -1.062656E-13 -1.063336E-13 -1.062120E-13 -1.061119E-13 -1.059903E-13 -1.058651E-13 -1.058544E-13 -1.059080E-13 -1.059795E-13 -1.060010E-13 -1.058329E-13 -1.058115E-13 -1.058186E-13
0.000000E+00  -2.343895E-14 -2.343895E-14 -2.345683E-14 -2.351763E-14 -2.347472E-14 -2.343538E-14 -2.349260E-14 -2.340319E-14 -2.339961E-14 -2.328517E-14 -2.341034E-14 -2.340677E-14 -2.349260E-14 -2.353194E-14 -2.357843E-14 -2.358200E-14 -2.343895E-14 -2.341392E-14 -2.361061E-14 -2.361419E-14
0.000000E+00  2.963844E-13  2.968028E-13  2.971068E-13  2.973357E-13  2.972927E-13  2.965453E-13  2.958014E-13  2.963450E-13  2.961984E-13  2.964809E-13  2.971855E-13  2.975431E-13  2.971962E-13  2.962735E-13  2.970174E-13  2.974752E-13  2.974108E-13  2.976754E-13  2.978185E-13  2.982977E-13
0.000000E+00  2.988037E-11  2.989432E-11  2.989976E-11  2.989654E-11  2.989757E-11  2.972094E-11  2.972055E-11  2.978517E-11  2.972137E-11  2.978821E-11  2.981300E-11  2.983764E-11  2.970042E-11  2.969222E-11  2.981550E-11  2.974272E-11  2.976229E-11  2.977809E-11  2.978042E-11  2.978010E-11
0.000000E+00  8.477898E-11  8.482762E-11  8.484193E-11  8.483191E-11  8.483084E-11  8.434124E-11  8.431514E-11  8.450361E-11  8.433552E-11  8.450790E-11  8.459231E-11  8.465418E-11  8.427437E-11  8.424040E-11  8.457907E-11  8.441527E-11  8.443924E-11  8.449467E-11  8.448823E-11  8.449860E-11
0.000000E+00  7.056881E-09  7.060976E-09  7.061780E-09  7.061459E-09  7.061208E-09  7.019652E-09  7.018364E-09  7.033921E-09  7.019402E-09  7.034350E-09  7.040627E-09  7.046134E-09  7.014645E-09  7.011140E-09  7.039607E-09  7.025642E-09  7.028127E-09  7.032526E-09  7.032079E-09  7.033259E-09
Gas           Ref
0.000000E+00  -1.106502E-13 -1.107467E-13 -1.106609E-13 -1.106967E-13 -1.106716E-13 -1.106430E-13 -1.105143E-13 -1.107539E-13 -1.105822E-13 -1.105929E-13 -1.105822E-13 -1.107324E-13 -1.107360E-13 -1.106108E-13 -1.107145E-13 -1.107753E-13 -1.108576E-13 -1.107181E-13 -1.106967E-13 -1.107682E-13
0.000000E+00  -2.585294E-14 -2.573493E-14 -2.575996E-14 -2.586367E-14 -2.586367E-14 -2.582433E-14 -2.591374E-14 -2.588155E-14 -2.581003E-14 -2.578499E-14 -2.580645E-14 -2.591732E-14 -2.586725E-14 -2.607109E-14 -2.572777E-14 -2.555611E-14 -2.587440E-14 -2.579572E-14 -2.600673E-14 -2.589586E-14
0.000000E+00  2.756276E-13  2.749017E-13  2.750018E-13  2.742972E-13  2.750876E-13  2.753523E-13  2.755740E-13  2.754059E-13  2.753451E-13  2.749446E-13  2.751270E-13  2.743938E-13  2.736321E-13  2.740219E-13  2.745834E-13  2.747407E-13  2.746764E-13  2.742937E-13  2.738145E-13  2.743509E-13
0.000000E+00  2.877033E-11  2.880466E-11  2.879390E-11  2.877387E-11  2.884254E-11  2.885437E-11  2.886925E-11  2.886661E-11  2.880112E-11  2.878253E-11  2.883209E-11  2.868003E-11  2.870871E-11  2.876643E-11  2.880273E-11  2.882179E-11  2.881289E-11  2.873253E-11  2.865875E-11  2.883027E-11
0.000000E+00  8.226594E-11  8.235069E-11  8.233995E-11  8.224985E-11  8.246119E-11  8.249160E-11  8.253023E-11  8.252843E-11  8.234569E-11  8.228632E-11  8.242686E-11  8.200701E-11  8.206208E-11  8.222552E-11  8.234353E-11  8.240648E-11  8.238359E-11  8.215900E-11  8.193154E-11  8.241829E-11
0.000000E+00  6.886739E-09  6.892855E-09  6.891960E-09  6.885237E-09  6.902296E-09  6.905068E-09  6.909073E-09  6.909216E-09  6.893337E-09  6.887866E-09  6.899900E-09  6.864888E-09  6.869537E-09  6.883270E-09  6.892712E-09  6.898487E-09  6.896574E-09  6.877763E-09  6.858272E-09  6.899363E-09
Gas           Sam
0.000000E+00  -1.070667E-13 -1.069344E-13 -1.067592E-13 -1.064588E-13 -1.063121E-13 -1.063014E-13 -1.062835E-13 -1.064802E-13 -1.062299E-13 -1.062120E-13 -1.061727E-13 -1.062227E-13 -1.062907E-13 -1.062192E-13 -1.061333E-13 -1.059509E-13 -1.058365E-13 -1.057864E-13 -1.057185E-13 -1.058615E-13
0.000000E+00  -2.396467E-14 -2.390745E-14 -2.385380E-14 -2.378585E-14 -2.374651E-14 -2.373936E-14 -2.395036E-14 -2.397897E-14 -2.383592E-14 -2.401831E-14 -2.402189E-14 -2.393963E-14 -2.390387E-14 -2.383950E-14 -2.378943E-14 -2.386096E-14 -2.394321E-14 -2.397182E-14 -2.397182E-14 -2.376082E-14
0.000000E+00  2.914706E-13  2.920106E-13  2.926829E-13  2.934340E-13  2.937379E-13  2.936521E-13  2.926686E-13  2.923003E-13  2.938273E-13  2.931836E-13  2.930799E-13  2.935985E-13  2.939811E-13  2.945641E-13  2.943030E-13  2.940276E-13  2.942207E-13  2.929368E-13  2.929333E-13  2.930370E-13
0.000000E+00  2.943473E-11  2.950004E-11  2.954095E-11  2.955897E-11  2.956849E-11  2.956076E-11  2.940330E-11  2.943752E-11  2.949843E-11  2.943373E-11  2.948591E-11  2.950333E-11  2.952182E-11  2.953519E-11  2.952754E-11  2.952421E-11  2.948594E-11  2.934154E-11  2.942250E-11  2.933285E-11
0.000000E+00  8.351942E-11  8.369895E-11  8.382305E-11  8.385988E-11  8.390315E-11  8.387633E-11  8.343073E-11  8.352585E-11  8.373006E-11  8.350583E-11  8.366998E-11  8.372112E-11  8.376797E-11  8.379444E-11  8.378013E-11  8.376976E-11  8.368178E-11  8.324083E-11  8.347829E-11  8.323296E-11
0.000000E+00  6.950969E-09  6.966043E-09  6.976415E-09  6.980277E-09  6.983764E-09  6.981689E-09  6.945033E-09  6.951184E-09  6.969190E-09  6.950612E-09  6.963754E-09  6.968171E-09  6.972051E-09  6.975056E-09  6.973947E-09  6.973196E-09  6.965614E-09  6.928296E-09  6.947375E-09  6.928206E-09
Gas           Ref
0.000000E+00  -1.107038E-13 -1.105679E-13 -1.106716E-13 -1.107932E-13 -1.107682E-13 -1.106573E-13 -1.105965E-13 -1.105858E-13 -1.105822E-13 -1.107968E-13 -1.108183E-13 -1.107217E-13 -1.107074E-13 -1.107718E-13 -1.107288E-13 -1.107932E-13 -1.106931E-13 -1.106645E-13 -1.106037E-13 -1.107718E-13
0.000000E+00  -2.635005E-14 -2.617481E-14 -2.611044E-14 -2.613189E-14 -2.613547E-14 -2.624634E-14 -2.623561E-14 -2.617839E-14 -2.613547E-14 -2.640369E-14 -2.625348E-14 -2.598527E-14 -2.599242E-14 -2.593520E-14 -2.620342E-14 -2.614977E-14 -2.606752E-14 -2.616408E-14 -2.596738E-14 -2.626779E-14
0.000000E+00  2.703598E-13  2.710679E-13  2.708497E-13  2.704492E-13  2.702847E-13  2.709105E-13  2.709391E-13  2.713718E-13  2.707997E-13  2.697840E-13  2.702525E-13  2.701130E-13  2.699127E-13  2.703812E-13  2.704063E-13  2.701309E-13  2.692154E-13  2.696553E-13  2.704492E-13  2.694621E-13
0.000000E+00  2.841624E-11  2.854066E-11  2.843806E-11  2.839124E-11  2.846452E-11  2.848119E-11  2.849896E-11  2.847890E-11  2.837858E-11  2.835892E-11  2.848165E-11  2.833127E-11  2.839940E-11  2.842354E-11  2.844689E-11  2.840770E-11  2.829461E-11  2.840140E-11  2.841499E-11  2.828206E-11
0.000000E+00  8.124026E-11  8.160611E-11  8.130212E-11  8.117230E-11  8.138474E-11  8.141907E-11  8.148165E-11  8.142372E-11  8.114871E-11  8.107467E-11  8.143480E-11  8.100887E-11  8.119806E-11  8.127352E-11  8.133896E-11  8.122666E-11  8.089050E-11  8.119948E-11  8.124848E-11  8.086189E-11
0.000000E+00  6.800443E-09  6.831181E-09  6.805790E-09  6.794364E-09  6.812102E-09  6.816626E-09  6.820792E-09  6.815803E-09  6.793040E-09  6.786246E-09  6.817162E-09  6.780792E-09  6.797028E-09  6.803591E-09  6.809044E-09  6.799997E-09  6.770939E-09  6.797171E-09  6.801481E-09  6.768615E-09
Gas           Sam
0.000000E+00  -1.070059E-13 -1.069487E-13 -1.068593E-13 -1.065446E-13 -1.066340E-13 -1.067663E-13 -1.067234E-13 -1.065804E-13 -1.065303E-13 -1.064802E-13 -1.063300E-13 -1.064409E-13 -1.062800E-13 -1.061941E-13 -1.061298E-13 -1.061119E-13 -1.061476E-13 -1.061905E-13 -1.060868E-13 -1.061369E-13
0.000000E+00  -2.421501E-14 -2.413633E-14 -2.414706E-14 -2.404335E-14 -2.436521E-14 -2.424362E-14 -2.410414E-14 -2.418282E-14 -2.412202E-14 -2.404692E-14 -2.402189E-14 -2.383234E-14 -2.398255E-14 -2.419355E-14 -2.407553E-14 -2.398612E-14 -2.416494E-14 -2.427223E-14 -2.404335E-14 -2.398255E-14
0.000000E+00  2.872112E-13  2.885809E-13  2.900186E-13  2.899936E-13  2.886918E-13  2.882269E-13  2.892819E-13  2.887884E-13  2.884665E-13  2.891138E-13  2.895215E-13  2.898791E-13  2.905193E-13  2.894750E-13  2.888956E-13  2.898398E-13  2.899292E-13  2.896824E-13  2.899542E-13  2.902153E-13
0.000000E+00  2.913068E-11  2.928757E-11  2.929883E-11  2.926218E-11  2.907753E-11  2.912657E-11  2.926518E-11  2.907199E-11  2.912471E-11  2.918486E-11  2.920717E-11  2.921747E-11  2.921719E-11  2.906230E-11  2.905779E-11  2.919423E-11  2.911108E-11  2.913865E-11  2.915739E-11  2.917442E-11
0.000000E+00  8.265182E-11  8.309241E-11  8.314213E-11  8.305236E-11  8.250876E-11  8.262821E-11  8.304842E-11  8.251234E-11  8.262964E-11  8.280095E-11  8.287104E-11  8.290537E-11  8.290429E-11  8.246906E-11  8.244868E-11  8.284028E-11  8.259960E-11  8.268006E-11  8.272655E-11  8.277985E-11
0.000000E+00  6.879282E-09  6.915922E-09  6.920768E-09  6.913096E-09  6.866927E-09  6.877101E-09  6.912435E-09  6.867356E-09  6.877441E-09  6.891782E-09  6.897307E-09  6.900812E-09  6.900311E-09  6.864405E-09  6.862224E-09  6.895090E-09  6.874759E-09  6.881482E-09  6.885416E-09  6.889636E-09
Gas           Ref
0.000000E+00  -1.108218E-13 -1.108218E-13 -1.108612E-13 -1.107181E-13 -1.105429E-13 -1.106251E-13 -1.107503E-13 -1.108147E-13 -1.107718E-13 -1.108576E-13 -1.109148E-13 -1.107539E-13 -1.107503E-13 -1.108004E-13 -1.107646E-13 -1.106323E-13 -1.104320E-13 -1.105608E-13 -1.109828E-13 -1.107646E-13
0.000000E+00  -2.650025E-14 -2.661112E-14 -2.653244E-14 -2.656462E-14 -2.642157E-14 -2.658966E-14 -2.670768E-14 -2.673271E-14 -2.671483E-14 -2.667906E-14 -2.662900E-14 -2.649310E-14 -2.663973E-14 -2.657535E-14 -2.658608E-14 -2.684358E-14 -2.676490E-14 -2.670410E-14 -2.663615E-14 -2.656462E-14
0.000000E+00  2.662936E-13  2.668622E-13  2.670875E-13  2.673128E-13  2.670946E-13  2.671733E-13  2.666548E-13  2.658000E-13  2.660039E-13  2.654066E-13  2.661147E-13  2.661934E-13  2.653673E-13  2.656820E-13  2.658501E-13  2.661433E-13  2.663043E-13  2.665332E-13  2.667406E-13  2.667084E-13
0.000000E+00  2.809005E-11  2.812696E-11  2.814784E-11  2.816562E-11  2.815668E-11  2.815603E-11  2.807414E-11  2.799138E-11  2.802850E-11  2.800672E-11  2.809473E-11  2.804027E-11  2.797067E-11  2.803512E-11  2.806158E-11  2.808433E-11  2.809795E-11  2.809645E-11  2.808758E-11  2.806337E-11
0.000000E+00  8.031078E-11  8.041735E-11  8.048923E-11  8.052857E-11  8.050211E-11  8.050891E-11  8.027465E-11  8.001644E-11  8.015056E-11  8.008834E-11  8.032437E-11  8.019992E-11  7.997174E-11  8.015414E-11  8.024498E-11  8.030970E-11  8.034797E-11  8.032365E-11  8.030900E-11  8.024498E-11
0.000000E+00  6.722588E-09  6.731797E-09  6.737966E-09  6.740988E-09  6.738878E-09  6.739504E-09  6.720263E-09  6.698090E-09  6.709105E-09  6.703491E-09  6.723643E-09  6.713683E-09  6.694067E-09  6.709588E-09  6.716937E-09  6.722141E-09  6.725753E-09  6.724429E-09  6.723393E-09  6.717742E-09
Gas           Sam
0.000000E+00  -1.071812E-13 -1.070238E-13 -1.069916E-13 -1.066662E-13 -1.065339E-13 -1.065410E-13 -1.066018E-13 -1.066447E-13 -1.064087E-13 -1.063837E-13 -1.065196E-13 -1.064373E-13 -1.063872E-13 -1.062406E-13 -1.060690E-13 -1.061011E-13 -1.061298E-13 -1.060582E-13 -1.060761E-13 -1.060010E-13
0.000000E+00  -2.466204E-14 -2.465131E-14 -2.451899E-14 -2.448323E-14 -2.452257E-14 -2.449396E-14 -2.436163E-14 -2.430084E-14 -2.454402E-14 -2.474072E-14 -2.448323E-14 -2.447250E-14 -2.452614E-14 -2.465846E-14 -2.459052E-14 -2.435806E-14 -2.447965E-14 -2.457264E-14 -2.456548E-14 -2.451899E-14
0.000000E+00  2.842429E-13  2.838889E-13  2.846148E-13  2.852228E-13  2.855983E-13  2.856663E-13  2.857879E-13  2.852478E-13  2.847758E-13  2.856019E-13  2.865567E-13  2.863064E-13  2.851620E-13  2.859309E-13  2.862349E-13  2.863493E-13  2.860847E-13  2.866354E-13  2.865639E-13  2.868822E-13
0.000000E+00  2.880602E-11  2.882759E-11  2.888341E-11  2.890655E-11  2.892558E-11  2.890705E-11  2.892286E-11  2.875335E-11  2.877151E-11  2.890423E-11  2.894661E-11  2.881589E-11  2.874952E-11  2.889550E-11  2.884347E-11  2.883417E-11  2.885867E-11  2.886736E-11  2.886374E-11  2.886950E-11
0.000000E+00  8.174880E-11  8.178636E-11  8.196946E-11  8.203061E-11  8.208676E-11  8.203240E-11  8.207603E-11  8.160432E-11  8.164509E-11  8.202811E-11  8.213897E-11  8.178671E-11  8.156999E-11  8.198948E-11  8.185538E-11  8.183177E-11  8.187755E-11  8.191010E-11  8.190473E-11  8.191617E-11
0.000000E+00  6.803877E-09  6.806899E-09  6.822062E-09  6.827623E-09  6.832237E-09  6.827766E-09  6.831396E-09  6.791664E-09  6.794686E-09  6.826836E-09  6.837333E-09  6.807238E-09  6.788999E-09  6.823671E-09  6.813300E-09  6.810636E-09  6.814892E-09  6.817878E-09  6.816894E-09  6.817967E-09
Gas           Ref
0.000000E+00  -1.107288E-13 -1.108004E-13 -1.106108E-13 -1.106287E-13 -1.106073E-13 -1.106216E-13 -1.108254E-13 -1.108361E-13 -1.107467E-13 -1.106931E-13 -1.106394E-13 -1.105143E-13 -1.106251E-13 -1.108290E-13 -1.106502E-13 -1.107646E-13 -1.109077E-13 -1.108862E-13 -1.109327E-13 -1.108647E-13
0.000000E+00  -2.703312E-14 -2.697590E-14 -2.697947E-14 -2.700093E-14 -2.697232E-14 -2.687576E-14 -2.701523E-14 -2.716186E-14 -2.699020E-14 -2.707246E-14 -2.700093E-14 -2.690079E-14 -2.691152E-14 -2.690794E-14 -2.709034E-14 -2.712610E-14 -2.705815E-14 -2.704027E-14 -2.707603E-14 -2.699020E-14
0.000000E+00  2.622059E-13  2.633646E-13  2.626922E-13  2.620699E-13  2.623739E-13  2.627423E-13  2.617123E-13  2.615371E-13  2.624955E-13  2.620556E-13  2.618053E-13  2.619841E-13  2.624848E-13  2.625420E-13  2.613869E-13  2.609971E-13  2.616086E-13  2.616086E-13  2.609506E-13  2.614477E-13
0.000000E+00  2.774397E-11  2.784811E-11  2.765374E-11  2.770456E-11  2.775821E-11  2.776347E-11  2.764019E-11  2.771286E-11  2.779301E-11  2.761608E-11  2.769727E-11  2.771930E-11  2.773038E-11  2.774244E-11  2.757961E-11  2.766412E-11  2.770181E-11  2.762968E-11  2.760317E-11  2.766100E-11
0.000000E+00  7.930656E-11  7.964059E-11  7.907947E-11  7.920571E-11  7.936557E-11  7.940455E-11  7.903941E-11  7.922609E-11  7.947429E-11  7.896717E-11  7.918460E-11  7.926042E-11  7.929726E-11  7.932838E-11  7.887490E-11  7.909663E-11  7.922108E-11  7.900079E-11  7.893033E-11  7.910092E-11
0.000000E+00  6.638724E-09  6.666959E-09  6.619823E-09  6.629998E-09  6.643588E-09  6.646592E-09  6.615228E-09  6.631357E-09  6.653047E-09  6.609971E-09  6.628389E-09  6.634290E-09  6.638456E-09  6.640727E-09  6.601817E-09  6.620879E-09  6.631911E-09  6.613243E-09  6.606591E-09  6.621308E-09
Gas           Sam
0.000000E+00  -1.072670E-13 -1.070560E-13 -1.068915E-13 -1.070131E-13 -1.069881E-13 -1.068200E-13 -1.067699E-13 -1.065982E-13 -1.065696E-13 -1.065982E-13 -1.066519E-13 -1.064695E-13 -1.065374E-13 -1.065088E-13 -1.062263E-13 -1.061298E-13 -1.062335E-13 -1.061870E-13 -1.062764E-13 -1.063658E-13
0.000000E+00  -2.472284E-14 -2.466204E-14 -2.469781E-14 -2.498748E-14 -2.503397E-14 -2.501967E-14 -2.503397E-14 -2.488020E-14 -2.484801E-14 -2.508762E-14 -2.501252E-14 -2.468708E-14 -2.487304E-14 -2.496245E-14 -2.498748E-14 -2.488735E-14 -2.484801E-14 -2.476575E-14 -2.479079E-14 -2.496960E-14
0.000000E+00  2.804306E-13  2.813997E-13  2.804485E-13  2.803769E-13  2.815750E-13  2.806666E-13  2.811923E-13  2.818432E-13  2.823940E-13  2.813389E-13  2.815178E-13  2.822759E-13  2.817824E-13  2.813783E-13  2.818790E-13  2.821830E-13  2.824977E-13  2.829411E-13  2.825263E-13  2.817323E-13
0.000000E+00  2.858465E-11  2.864634E-11  2.846377E-11  2.853573E-11  2.854706E-11  2.848015E-11  2.855189E-11  2.858501E-11  2.859892E-11  2.843863E-11  2.852790E-11  2.855611E-11  2.846220E-11  2.847207E-11  2.852918E-11  2.854878E-11  2.853440E-11  2.855472E-11  2.846420E-11  2.840991E-11
0.000000E+00  8.111366E-11  8.129211E-11  8.077534E-11  8.096703E-11  8.102424E-11  8.081862E-11  8.102675E-11  8.112259E-11  8.116444E-11  8.068772E-11  8.095451E-11  8.104964E-11  8.078607E-11  8.078964E-11  8.095737E-11  8.101637E-11  8.098563E-11  8.102961E-11  8.077247E-11  8.061047E-11
0.000000E+00  6.751002E-09  6.766093E-09  6.723160E-09  6.738681E-09  6.744010E-09  6.725932E-09  6.743259E-09  6.751699E-09  6.755865E-09  6.716115E-09  6.737036E-09  6.745691E-09  6.723929E-09  6.723821E-09  6.738019E-09  6.742972E-09  6.740076E-09  6.744350E-09  6.722856E-09  6.709284E-09
Gas           Ref
0.000000E+00  -1.106430E-13 -1.107002E-13 -1.107789E-13 -1.107932E-13 -1.107360E-13 -1.109077E-13 -1.108791E-13 -1.108326E-13 -1.106144E-13 -1.105179E-13 -1.107181E-13 -1.107539E-13 -1.106001E-13 -1.107074E-13 -1.108719E-13 -1.107288E-13 -1.107002E-13 -1.106359E-13 -1.107968E-13 -1.109220E-13
0.000000E+00  -2.726915E-14 -2.737644E-14 -2.745869E-14 -2.738359E-14 -2.725485E-14 -2.735498E-14 -2.734068E-14 -2.743008E-14 -2.748015E-14 -2.723697E-14 -2.735856E-14 -2.764466E-14 -2.735140E-14 -2.760532E-14 -2.754810E-14 -2.755168E-14 -2.752307E-14 -2.756598E-14 -2.758744E-14 -2.746942E-14
0.000000E+00  2.591875E-13  2.588871E-13  2.587691E-13  2.585616E-13  2.585330E-13  2.574887E-13  2.574422E-13  2.581038E-13  2.584364E-13  2.575030E-13  2.571239E-13  2.577784E-13  2.583327E-13  2.572134E-13  2.574530E-13  2.582004E-13  2.579000E-13  2.567413E-13  2.569630E-13  2.577176E-13
0.000000E+00  2.745716E-11  2.739471E-11  2.740605E-11  2.741803E-11  2.738152E-11  2.729100E-11  2.734604E-11  2.740655E-11  2.737132E-11  2.726683E-11  2.732237E-11  2.738956E-11  2.737279E-11  2.724508E-11  2.736188E-11  2.739904E-11  2.727466E-11  2.723933E-11  2.731428E-11  2.733231E-11
0.000000E+00  7.852156E-11  7.831844E-11  7.835598E-11  7.839926E-11  7.830127E-11  7.803841E-11  7.818610E-11  7.836028E-11  7.827945E-11  7.797225E-11  7.811887E-11  7.830734E-11  7.828339E-11  7.789858E-11  7.824476E-11  7.835276E-11  7.800157E-11  7.789035E-11  7.809956E-11  7.815321E-11
0.000000E+00  6.573099E-09  6.555862E-09  6.559241E-09  6.563086E-09  6.554967E-09  6.531900E-09  6.544560E-09  6.559527E-09  6.553108E-09  6.526554E-09  6.539143E-09  6.555414E-09  6.553573E-09  6.520653E-09  6.549156E-09  6.559152E-09  6.529165E-09  6.519562E-09  6.537229E-09  6.542236E-09
 Gas          
0.000000E+00  0.000000E+00  0.000000E+00  0.000000E+00  0.000000E+00  0.000000E+00  0.000000E+00  0.000000E+00  0.000000E+00  0.000000E+00  0.000000E+00  0.000000E+00  0.000000E+00  0.000000E+00  0.000000E+00  0.000000E+00  0.000000E+00  0.000000E+00  0.000000E+00  0.000000E+00  0.000000E+00
0.000000E+00  0.000000E+00  0.000000E+00  0.000000E+00  0.000000E+00  0.000000E+00  0.000000E+00  0.000000E+00  0.000000E+00  0.000000E+00  0.000000E+00  0.000000E+00  0.000000E+00  0.000000E+00  0.000000E+00  0.000000E+00  0.000000E+00  0.000000E+00  0.000000E+00  0.000000E+00  0.000000E+00
0.000000E+00  0.000000E+00  0.000000E+00  0.000000E+00  0.000000E+00  0.000000E+00  0.000000E+00  0.000000E+00  0.000000E+00  0.000000E+00  0.000000E+00  0.000000E+00  0.000000E+00  0.000000E+00  0.000000E+00  0.000000E+00  0.000000E+00  0.000000E+00  0.000000E+00  0.000000E+00  0.000000E+00
0.000000E+00  0.000000E+00  0.000000E+00  0.000000E+00  0.000000E+00  0.000000E+00  0.000000E+00  0.000000E+00  0.000000E+00  0.000000E+00  0.000000E+00  0.000000E+00  0.000000E+00  0.000000E+00  0.000000E+00  0.000000E+00  0.000000E+00  0.000000E+00  0.000000E+00  0.000000E+00  0.000000E+00
0.000000E+00  0.000000E+00  0.000000E+00  0.000000E+00  0.000000E+00  0.000000E+00  0.000000E+00  0.000000E+00  0.000000E+00  0.000000E+00  0.000000E+00  0.000000E+00  0.000000E+00  0.000000E+00  0.000000E+00  0.000000E+00  0.000000E+00  0.000000E+00  0.000000E+00  0.000000E+00  0.000000E+00
0.000000E+00  0.000000E+00  0.000000E+00  0.000000E+00  0.000000E+00  0.000000E+00  0.000000E+00  0.000000E+00  0.000000E+00  0.000000E+00  0.000000E+00  0.000000E+00  0.000000E+00  0.000000E+00  0.000000E+00  0.000000E+00  0.000000E+00  0.000000E+00  0.000000E+00  0.000000E+00  0.000000E+00
End of Analysis
"H3 factor",13.13339
"Linearity factor (0)",52.88039
"Linearity factor (1)",18.00761
"Linearity factor (2)",-.1321419
"Linearity factor (3)",9.804096E-04
"Linearity factor (4)",-7.965973E-02
"Linearity factor (5)",0
"Collector Gains :",500,5000,5000,5000,500,500,50,500,1,5
"Number of deflectors available : ",33
"Source HT",8000
"Extraction V",780
"H Defl",310
"Trap",850
"Trap Voltage",24
"Repeller",4
"Filament V",-110
"Delta HP",19
"Z Lens",110
"Delta Z",130
"Max Current",3.5
"Heater Current",1
"Quad 1",120
"Cubic 1",50
"Lin 1",0
"Deflect 1 I",5
"Deflect 1 O",5
"Offset 1",0
"Offset 2",0
"Quad 2",-620
"Cubic 2",0
"Lin 2",0
"Q1 I Cor",0
"Q1 O Cor",0
"Suppressor",-100
"Mop Plate",-15
"ESA H1",790
"ESA H1 delta",0
"ESA H2",800
"ESA H2 delta",0
"ESA H3",820
"ESA H3 delta",0
"ESA HD",0
"ESA HD delta",0
"Batch Started: ","13:02:19 15:29:56"
"Data File: ","C:\Nu Stable\Results\2019\201902013 standard PD4 BSS WNI ZE NTA\Data_9299 WNI-3.txt"
"Sample Name: ","WNI-3"
"Sample Weight: ",70
"Sample Type: ","Sam"
"Vial Number: ",22
"Sam Beam First CO: ","7.102346e-09"
"Sam Beam Last CO: ","6.733184e-09"
"Ref Beam First CO: ","7.059220e-09"
"Ref Beam Second CO: ","6.974040e-09"
"Ref BeamLast CO: ","6.542351e-09"
"Sam Depletion: ","5 %"
"Ref Depletion: ","7 %"
"Observed CP Temperature: ",70.254
"Std Dev: ","0.000e00"
"Min: ","70.254"
"Max: ","70.254"
"Ave Started: ","14:02:19 05:05:33"
"Ave Stopped: ","14:02:19 05:08:33"
"Num: ",6
"Current Mass: ",46.03193
"Method File Name","C:\Nu Stable\Analyses\DI\040216 12-12-20 6 collectors.rdf"
"Version 6"
"Analysis Type","DI"
"Analysis Calculation Routine ","Clumped CO2 Iterative"
"Gas ID ","CO2"
"Ref Gas Identifier ","AirLiquide01"
"Centring collector ",8
"Num of Ref/Sam cycles ",6
"Cycles length(secs) ",20
"C/O valve stabilisation time ",12
"Offset for zero measurement(amu) ",0
"Zero measurement time ",20
"Spare",0
"Spare",0
0
-1
-1
-1
-1
0
-1
0
-1
0
"Num Clumped Blocks","1"
"Do zero at start of block",#FALSE#
"Balance beams",#FALSE#
"Mag Hysteresis Offset",.001
"Apply Hysteresis Offset",#FALSE#
"Target Beam (A) ",.00000005
"Use CF with Bellows ",#FALSE#
"DI Auto Gas balancing: ","True"
"Pirani pressure",3.322723E-02
"Cold finger status","CF"
"Inlet transducer pressure",1.129046
"Sample operations:  InitialisePrepSampleRun; CheckIfCFRequired; UseCF; SampleTrapped; BalanceRefToSamValue; DepletingBalance; SampleReady;"
"Number of sample chops",0
"Number of sample double chops",0
"Run from bellows",#FALSE#
"Max sample pump-over pressure (mBar)","0.000000e00"
"Max sample pump-over pressure (raw)",0
"Pre-balance Sam Beam","7.316317e-09"
"Min ref beam","3.634254e-09"
"Max ref beam","2.205122e-08"
"Ref bellows position",4747
"Sam bellows position",8450
"Balance %",.9793979
"Initial Sam Beam","7.618875e-09"
"Final Ref Beam","7.292075e-09"
"Final Sam Beam","7.363493e-09"
"Pre-depleted Ref Beam",7.349403E-09
"InletPiraniPressure",3.322723E-02
"Depletion Factor",.96
"Balance End","14/02/19 05:48:04"
"Water Trap Temperature Hot",-195.1766
"Water Trap Temperature Cold",-195.1766
"DP Version",25
"Num Gas Cycles ",1
"UseFrontHeightThreshold(1)",#TRUE#
"FrontHeightThreshold(1)",2
"UseBackHeightThreshold(1)",#TRUE#
"BackHeightThreshold(1)",2.7
"UsePeakWidthLimit(1)",#FALSE#
"PeakWidthLimit(1)",6
"RefGasFrontHeightThreshold(1)",40
"RefGasBackHeightThreshold(1)",10
"Measure_Elemental_Comp",#TRUE#
"Use_TCD_For_Elem_Calcs",#FALSE#
"Sample_Name","WNI-3"
"Sample_Type","Sam"
"Sample_Weight",70
"Sample_Vial",22
"Standard_Type",""
"NoAnalysisCycles",1
"Gas1","CO2"
"Ref Gas1","AirLiquide01"
"Analysis_Routine1","Clumped CO2 Iterative"
"ZeroWidth1",10
"NoZeros1",1
"ZeroTime1",10
"Delta wrt Std 1",#FALSE#
"AllowLinearityCorrection",#FALSE#
"Num Collectors",6
"LinearityFactor(Cent)",52880.39
"LinearityFactor(Low2)",18007.61
"LinearityFactor(Low4)",-132.1419
"LinearityFactor()",.9804096
"LinearityFactor()",-79.65973
"LinearityFactor()",0
"UseH3Factor",#FALSE#
"H3Factor",0
"Axial Mass",46
"Anal Start",0
"Anal End",0
"Calc Linearity Correction from Ref Peaks",#FALSE#
"Temperature",25
"Std Temperature",25
"A_Factor",1.01025
"K_Factor",.04
"TemperatureCorrectionEnabled",#FALSE#
"GC ZeroMethod","Lowest Peak Limit"
"GC AllowZeroToCutPoints",#FALSE#
"GC UseIsotopicShift",#TRUE#
"GC InterpolatePeakHeight",#TRUE#
"GC NumZeroPoints",10
"GC Min Peak Height",.0000000001
"GC No UserPeaks",0
"SmoothingInterval",10
"DropFactor",1
"GradientRejectfactor",10
"SectionSize",100
"BackgroundStartTime",1
"CutOffTime",1000
"UseNewBackgroundCalcn",#FALSE#
"GC Label File","None.lab"
"GC No User Defined Background Points",0
"GC No Auto-detected Peaks to be Removed",0
"GC No Auto-calculated Background Points to Remove",0
"GC Std Peak In Sample",#FALSE#
"GC Std Peak Time",0
"Max Gap For Grouping EA Ref Pulses",20
"Group EA Ref Peaks",#FALSE#
"Use Defined Peak Limits (1)",#FALSE#
"Peak Start (1)",0
"Peak End (1)",0
"DP Version",25
"Num Gas Cycles ",1
"UseFrontHeightThreshold(1)",#TRUE#
"FrontHeightThreshold(1)",2
"UseBackHeightThreshold(1)",#TRUE#
"BackHeightThreshold(1)",2.7
"UsePeakWidthLimit(1)",#FALSE#
"PeakWidthLimit(1)",6
"RefGasFrontHeightThreshold(1)",40
"RefGasBackHeightThreshold(1)",10
"Measure_Elemental_Comp",#TRUE#
"Use_TCD_For_Elem_Calcs",#FALSE#
"Sample_Name","WNI-3"
"Sample_Type","Sam"
"Sample_Weight",70
"Sample_Vial",22
"Standard_Type",""
"NoAnalysisCycles",1
"Gas1","CO2"
"Ref Gas1","AirLiquide01"
"Analysis_Routine1","Clumped CO2 Iterative"
"ZeroWidth1",10
"NoZeros1",1
"ZeroTime1",10
"Delta wrt Std 1",#FALSE#
"AllowLinearityCorrection",#FALSE#
"Num Collectors",6
"LinearityFactor(Cent)",52880.39
"LinearityFactor(Low2)",18007.61
"LinearityFactor(Low4)",-132.1419
"LinearityFactor()",.9804096
"LinearityFactor()",-79.65973
"LinearityFactor()",0
"UseH3Factor",#FALSE#
"H3Factor",0
"Axial Mass",46
"Anal Start",0
"Anal End",0
"Calc Linearity Correction from Ref Peaks",#FALSE#
"Temperature",25
"Std Temperature",25
"A_Factor",1.01025
"K_Factor",.04
"TemperatureCorrectionEnabled",#FALSE#
"GC ZeroMethod","Lowest Peak Limit"
"GC AllowZeroToCutPoints",#FALSE#
"GC UseIsotopicShift",#TRUE#
"GC InterpolatePeakHeight",#TRUE#
"GC NumZeroPoints",10
"GC Min Peak Height",.0000000001
"GC No UserPeaks",0
"SmoothingInterval",10
"DropFactor",1
"GradientRejectfactor",10
"SectionSize",100
"BackgroundStartTime",1
"CutOffTime",1000
"UseNewBackgroundCalcn",#FALSE#
"GC Label File","None.lab"
"GC No User Defined Background Points",0
"GC No Auto-detected Peaks to be Removed",0
"GC No Auto-calculated Background Points to Remove",0
"GC Std Peak In Sample",#FALSE#
"GC Std Peak Time",0
"Max Gap For Grouping EA Ref Pulses",20
"Group EA Ref Peaks",#FALSE#
"Use Defined Peak Limits (1)",#FALSE#
"Peak Start (1)",0
"Peak End (1)",0
"End of Data file"


