"Clumped CO2 Iterative Analysis,         Data File Version 10"
"Started analysis at 12:05:43 AM on the Thursday, February 14, 2019"
"UTC FileTimeLow",-273486464," UTC FileTimeHigh",30721058
"Time Zone ","Eastern Daylight Time"
"CO Disabled",#FALSE#
"Persective Instrument","PS019"
"User logged in",#FALSE#
"Software Version","Stable 1.69.5"
"Axial Mass is :",46
"No_C_O_Cycles",6
"Num Blocks",1
0
-1
-1
-1
-1
0
-1
0
-1
0
"Sample Name is ","PD4 144.8"
Zero Data
-1.130965238588E-13, -5.818736097606E-14, -6.184106978130E-14, -3.353658462860E-14, 1.132072093810E-13, 4.284385953651E-12, Measured at start of run
Individual Data
No_C_O_Cycles                6 
Cycle_Length   20 
Zero_Measurement_Length      20 
Axial_Mass     46 
 Gas          Bla
0.000000E+00  -1.130856E-13 -1.130391E-13 -1.130642E-13 -1.129891E-13 -1.130069E-13 -1.128853E-13 -1.130499E-13 -1.130356E-13 -1.131643E-13 -1.130856E-13 -1.130105E-13 -1.132072E-13 -1.130928E-13 -1.131321E-13 -1.132644E-13 -1.132251E-13 -1.132322E-13 -1.131571E-13 -1.130856E-13 -1.131178E-13
0.000000E+00  -5.816465E-14 -5.818969E-14 -5.812889E-14 -5.812173E-14 -5.816465E-14 -5.817896E-14 -5.828267E-14 -5.826121E-14 -5.817896E-14 -5.824691E-14 -5.822544E-14 -5.834347E-14 -5.808598E-14 -5.818253E-14 -5.814319E-14 -5.809312E-14 -5.822903E-14 -5.829697E-14 -5.812889E-14 -5.810028E-14
0.000000E+00  -6.173020E-14 -6.176239E-14 -6.171948E-14 -6.181246E-14 -6.195908E-14 -6.202704E-14 -6.183391E-14 -6.184822E-14 -6.171948E-14 -6.192690E-14 -6.184822E-14 -6.182319E-14 -6.179816E-14 -6.182676E-14 -6.180889E-14 -6.184465E-14 -6.183391E-14 -6.188399E-14 -6.188399E-14 -6.193048E-14
0.000000E+00  -3.304485E-14 -3.297332E-14 -3.283027E-14 -3.265145E-14 -3.308061E-14 -3.275875E-14 -3.254417E-14 -3.311637E-14 -3.336671E-14 -3.343824E-14 -3.390315E-14 -3.365281E-14 -3.411773E-14 -3.376010E-14 -3.429654E-14 -3.418926E-14 -3.418926E-14 -3.408197E-14 -3.397468E-14 -3.476146E-14
0.000000E+00  1.158715E-13  1.122953E-13  1.144410E-13  1.144410E-13  1.162292E-13  1.144410E-13  1.137258E-13  1.144410E-13  1.147987E-13  1.133681E-13  1.144410E-13  1.144410E-13  1.105071E-13  1.097919E-13  1.130105E-13  1.119376E-13  1.112224E-13  1.108647E-13  1.112224E-13  1.126529E-13
0.000000E+00  4.506116E-12  4.398827E-12  4.398827E-12  4.452471E-12  4.452471E-12  4.398827E-12  4.309420E-12  4.309420E-12  4.345183E-12  4.255776E-12  4.309420E-12  4.273657E-12  4.184250E-12  4.220013E-12  4.202131E-12  4.112724E-12  4.112724E-12  4.202131E-12  4.130606E-12  4.112724E-12
Gas           Ref
0.000000E+00  -1.123203E-13 -1.120628E-13 -1.122881E-13 -1.120914E-13 -1.122881E-13 -1.123417E-13 -1.123274E-13 -1.124097E-13 -1.122988E-13 -1.123596E-13 -1.123632E-13 -1.123561E-13 -1.122774E-13 -1.122130E-13 -1.122309E-13 -1.123918E-13 -1.122953E-13 -1.121594E-13 -1.121844E-13 -1.122881E-13
0.000000E+00  -9.727487E-16 -1.230241E-15 -1.205207E-15 -1.183749E-15 -1.137258E-15 -9.334096E-16 -8.082397E-16 -8.082397E-16 -1.122953E-15 -1.165868E-15 -1.205207E-15 -1.198055E-15 -1.333953E-15 -1.373292E-15 -1.262428E-15 -1.333953E-15 -1.534225E-15 -1.323224E-15 -1.319648E-15 -1.473428E-15
0.000000E+00  5.398148E-13  5.390745E-13  5.393355E-13  5.404120E-13  5.408948E-13  5.405693E-13  5.404156E-13  5.406516E-13  5.405014E-13  5.388850E-13  5.387418E-13  5.385416E-13  5.375331E-13  5.378192E-13  5.375939E-13  5.382376E-13  5.385845E-13  5.389493E-13  5.392390E-13  5.377119E-13
0.000000E+00  5.158279E-11  5.159509E-11  5.164888E-11  5.171032E-11  5.171307E-11  5.169283E-11  5.168997E-11  5.170024E-11  5.165070E-11  5.155572E-11  5.159910E-11  5.146384E-11  5.146180E-11  5.147761E-11  5.149950E-11  5.158229E-11  5.156477E-11  5.158093E-11  5.155847E-11  5.135463E-11
0.000000E+00  1.473071E-10  1.473489E-10  1.474973E-10  1.476701E-10  1.476801E-10  1.476150E-10  1.476203E-10  1.476550E-10  1.475173E-10  1.472234E-10  1.473553E-10  1.469791E-10  1.469552E-10  1.470192E-10  1.470503E-10  1.472974E-10  1.472498E-10  1.473028E-10  1.472541E-10  1.466723E-10
0.000000E+00  1.233340E-08  1.233635E-08  1.234955E-08  1.236408E-08  1.236559E-08  1.236020E-08  1.236027E-08  1.236260E-08  1.235167E-08  1.232619E-08  1.233735E-08  1.230661E-08  1.230411E-08  1.230935E-08  1.231233E-08  1.233333E-08  1.232909E-08  1.233411E-08  1.233027E-08  1.228040E-08
Gas           Sam
0.000000E+00  -1.083113E-13 -1.081468E-13 -1.080753E-13 -1.081039E-13 -1.079644E-13 -1.078821E-13 -1.077605E-13 -1.076676E-13 -1.076103E-13 -1.076246E-13 -1.076819E-13 -1.076819E-13 -1.078499E-13 -1.077391E-13 -1.076103E-13 -1.076497E-13 -1.075245E-13 -1.075638E-13 -1.073743E-13 -1.074279E-13
0.000000E+00  6.616122E-16  9.119520E-16  7.545955E-16  6.687648E-16  7.724769E-16  7.796295E-16  9.405622E-16  9.906301E-16  9.262571E-16  1.037122E-15  1.183749E-15  1.069308E-15  1.158715E-15  9.298334E-16  6.151206E-16  6.079680E-16  7.581718E-16  6.043917E-16  5.400186E-16  5.793577E-16
0.000000E+00  5.568164E-13  5.572277E-13  5.571490E-13  5.568915E-13  5.571025E-13  5.580252E-13  5.585902E-13  5.589514E-13  5.595201E-13  5.592304E-13  5.591088E-13  5.593555E-13  5.593198E-13  5.575745E-13  5.571204E-13  5.570203E-13  5.575281E-13  5.574244E-13  5.568236E-13  5.568951E-13
0.000000E+00  5.222306E-11  5.232154E-11  5.215506E-11  5.217288E-11  5.220889E-11  5.229393E-11  5.228628E-11  5.230066E-11  5.231181E-11  5.232794E-11  5.230821E-11  5.230538E-11  5.230484E-11  5.203129E-11  5.205650E-11  5.207539E-11  5.215460E-11  5.199803E-11  5.203651E-11  5.206394E-11
0.000000E+00  1.486553E-10  1.489032E-10  1.484715E-10  1.484969E-10  1.485985E-10  1.488420E-10  1.488109E-10  1.488746E-10  1.488878E-10  1.489325E-10  1.488824E-10  1.488778E-10  1.488888E-10  1.481267E-10  1.481925E-10  1.482276E-10  1.484404E-10  1.480377E-10  1.481064E-10  1.481997E-10
0.000000E+00  1.238318E-08  1.240433E-08  1.236798E-08  1.236957E-08  1.237864E-08  1.239969E-08  1.239668E-08  1.240153E-08  1.240312E-08  1.240709E-08  1.240280E-08  1.240215E-08  1.240289E-08  1.233901E-08  1.234373E-08  1.234763E-08  1.236525E-08  1.233131E-08  1.233696E-08  1.234415E-08
Gas           Ref
0.000000E+00  -1.123990E-13 -1.124276E-13 -1.131250E-13 -1.129211E-13 -1.130534E-13 -1.130999E-13 -1.129461E-13 -1.130212E-13 -1.131786E-13 -1.133753E-13 -1.130785E-13 -1.129390E-13 -1.130963E-13 -1.130463E-13 -1.129604E-13 -1.129283E-13 -1.130856E-13 -1.130391E-13 -1.130642E-13 -1.129891E-13
0.000000E+00  -1.688005E-15 -1.802446E-15 -5.807524E-14 -5.836850E-14 -5.825764E-14 -5.819326E-14 -5.816465E-14 -5.830413E-14 -5.816823E-14 -5.807167E-14 -5.800730E-14 -5.816823E-14 -5.811816E-14 -5.811816E-14 -5.816108E-14 -5.814319E-14 -5.816465E-14 -5.818969E-14 -5.812889E-14 -5.812173E-14
0.000000E+00  5.311637E-13  5.304914E-13  -6.188041E-14 -6.168729E-14 -6.176239E-14 -6.189471E-14 -6.193762E-14 -6.178027E-14 -6.199127E-14 -6.200201E-14 -6.190544E-14 -6.196982E-14 -6.180173E-14 -6.183750E-14 -6.186968E-14 -6.194836E-14 -6.173020E-14 -6.176239E-14 -6.171948E-14 -6.181246E-14
0.000000E+00  5.093702E-11  5.085452E-11  -3.064874E-14 -3.104213E-14 -3.182891E-14 -3.136399E-14 -3.172162E-14 -3.150705E-14 -3.172162E-14 -3.136399E-14 -3.211501E-14 -3.200773E-14 -3.204349E-14 -3.229383E-14 -3.240112E-14 -3.218654E-14 -3.304485E-14 -3.297332E-14 -3.283027E-14 -3.265145E-14
0.000000E+00  1.454692E-10  1.452242E-10  1.201631E-13  1.180173E-13  1.180173E-13  1.194478E-13  1.173021E-13  1.180173E-13  1.173021E-13  1.165868E-13  1.165868E-13  1.165868E-13  1.151563E-13  1.169444E-13  1.169444E-13  1.173021E-13  1.158715E-13  1.122953E-13  1.144410E-13  1.144410E-13
0.000000E+00  1.217974E-08  1.215913E-08  4.935269E-12  4.810099E-12  4.774337E-12  4.738574E-12  4.684930E-12  4.649167E-12  4.595522E-12  4.631285E-12  4.631285E-12  4.631285E-12  4.595522E-12  4.577641E-12  4.577641E-12  4.488234E-12  4.506116E-12  4.398827E-12  4.398827E-12  4.452471E-12
Gas           Sam
0.000000E+00  -1.083363E-13 -1.084043E-13 -1.083149E-13 -1.082755E-13 -1.081468E-13 -1.078750E-13 -1.078464E-13 -1.078142E-13 -1.077248E-13 -1.077355E-13 -1.077248E-13 -1.076282E-13 -1.075245E-13 -1.074244E-13 -1.075638E-13 -1.075781E-13 -1.075281E-13 -1.076175E-13 -1.076389E-13 -1.074387E-13
0.000000E+00  1.108647E-16  3.647808E-16  1.823904E-16  -4.291539E-17 1.358987E-16  2.181532E-16  2.968314E-16  3.933911E-16  3.111365E-16  4.363064E-16  4.005436E-16  2.646449E-16  4.470352E-16  4.470352E-16  2.753737E-16  2.896789E-16  3.254417E-16  2.074244E-16  2.825263E-16  2.932551E-16
0.000000E+00  5.527573E-13  5.517739E-13  5.506688E-13  5.511551E-13  5.517631E-13  5.518776E-13  5.516773E-13  5.514627E-13  5.523782E-13  5.531042E-13  5.529826E-13  5.526071E-13  5.528610E-13  5.530327E-13  5.528324E-13  5.525964E-13  5.526715E-13  5.520885E-13  5.519133E-13  5.519991E-13
0.000000E+00  5.190405E-11  5.166698E-11  5.170714E-11  5.173339E-11  5.181761E-11  5.165107E-11  5.168600E-11  5.171472E-11  5.179440E-11  5.181965E-11  5.176854E-11  5.174154E-11  5.174326E-11  5.173700E-11  5.174858E-11  5.176211E-11  5.168904E-11  5.164884E-11  5.165550E-11  5.160804E-11
0.000000E+00  1.477244E-10  1.470925E-10  1.471572E-10  1.472445E-10  1.474920E-10  1.470142E-10  1.471379E-10  1.472026E-10  1.474240E-10  1.475030E-10  1.473618E-10  1.472849E-10  1.472799E-10  1.472566E-10  1.472899E-10  1.473181E-10  1.471168E-10  1.469934E-10  1.470109E-10  1.469165E-10
0.000000E+00  1.230681E-08  1.225306E-08  1.225882E-08  1.226575E-08  1.228655E-08  1.224666E-08  1.225633E-08  1.226209E-08  1.228047E-08  1.228816E-08  1.227537E-08  1.226870E-08  1.226829E-08  1.226688E-08  1.226990E-08  1.227255E-08  1.225597E-08  1.224562E-08  1.224791E-08  1.223802E-08
Gas           Ref
0.000000E+00  -1.122273E-13 -1.122595E-13 -1.122595E-13 -1.122917E-13 -1.123704E-13 -1.122881E-13 -1.122273E-13 -1.121594E-13 -1.122488E-13 -1.123096E-13 -1.122988E-13 -1.123668E-13 -1.123811E-13 -1.123632E-13 -1.123167E-13 -1.120700E-13 -1.121272E-13 -1.121629E-13 -1.121665E-13 -1.122416E-13
0.000000E+00  -2.624991E-15 -2.456906E-15 -2.410414E-15 -2.478364E-15 -2.510550E-15 -2.356770E-15 -2.607110E-15 -2.785924E-15 -2.703669E-15 -2.607110E-15 -2.456906E-15 -2.639296E-15 -2.667906E-15 -2.610686E-15 -2.528431E-15 -2.571347E-15 -2.828839E-15 -2.828839E-15 -2.739432E-15 -2.989772E-15
0.000000E+00  5.243330E-13  5.244868E-13  5.254130E-13  5.253165E-13  5.255954E-13  5.248623E-13  5.232673E-13  5.234962E-13  5.236857E-13  5.240219E-13  5.239611E-13  5.246406E-13  5.242579E-13  5.243974E-13  5.243473E-13  5.238359E-13  5.229740E-13  5.226915E-13  5.222516E-13  5.219226E-13
0.000000E+00  5.035795E-11  5.040112E-11  5.040974E-11  5.041063E-11  5.041717E-11  5.033310E-11  5.020260E-11  5.024587E-11  5.029068E-11  5.027977E-11  5.031768E-11  5.033599E-11  5.031124E-11  5.031546E-11  5.031207E-11  5.027816E-11  5.019244E-11  5.020031E-11  5.011348E-11  5.014266E-11
0.000000E+00  1.438112E-10  1.439303E-10  1.439600E-10  1.439736E-10  1.440158E-10  1.437619E-10  1.433703E-10  1.434894E-10  1.436306E-10  1.435899E-10  1.436979E-10  1.437483E-10  1.437032E-10  1.437025E-10  1.436857E-10  1.436010E-10  1.433638E-10  1.433606E-10  1.431296E-10  1.431840E-10
0.000000E+00  1.204050E-08  1.205146E-08  1.205352E-08  1.205432E-08  1.205731E-08  1.203685E-08  1.200449E-08  1.201372E-08  1.202543E-08  1.202312E-08  1.203217E-08  1.203583E-08  1.203174E-08  1.203178E-08  1.203049E-08  1.202376E-08  1.200320E-08  1.200300E-08  1.198391E-08  1.198888E-08
Gas           Sam
0.000000E+00  -1.084829E-13 -1.084007E-13 -1.082576E-13 -1.083435E-13 -1.082326E-13 -1.080466E-13 -1.081003E-13 -1.079894E-13 -1.077498E-13 -1.077963E-13 -1.076676E-13 -1.076819E-13 -1.079930E-13 -1.077891E-13 -1.077283E-13 -1.076640E-13 -1.076926E-13 -1.075460E-13 -1.075889E-13 -1.075460E-13
0.000000E+00  -3.969673E-16 -4.935269E-16 -4.935269E-16 -4.684930E-16 -5.972391E-16 -6.294256E-16 -5.865103E-16 -3.468994E-16 -2.217295E-16 -2.682212E-16 -3.111365E-16 -1.680853E-16 -1.823904E-16 -1.037122E-16 -2.217295E-16 -8.940705E-17 -2.467635E-16 -5.006795E-16 -6.580359E-16 -5.793577E-16
0.000000E+00  5.443101E-13  5.443209E-13  5.443351E-13  5.439167E-13  5.441742E-13  5.451899E-13  5.458873E-13  5.459838E-13  5.465703E-13  5.467205E-13  5.464988E-13  5.464595E-13  5.466740E-13  5.469173E-13  5.473821E-13  5.462914E-13  5.443066E-13  5.442029E-13  5.445354E-13  5.450075E-13
0.000000E+00  5.116694E-11  5.121869E-11  5.111433E-11  5.110314E-11  5.113644E-11  5.121079E-11  5.124272E-11  5.124605E-11  5.126768E-11  5.124226E-11  5.123657E-11  5.123128E-11  5.122277E-11  5.123432E-11  5.124058E-11  5.106323E-11  5.095279E-11  5.098716E-11  5.101742E-11  5.105654E-11
0.000000E+00  1.456334E-10  1.457914E-10  1.454925E-10  1.454585E-10  1.455382E-10  1.457596E-10  1.458472E-10  1.458851E-10  1.459259E-10  1.458562E-10  1.458572E-10  1.458247E-10  1.458025E-10  1.458286E-10  1.458394E-10  1.453666E-10  1.450243E-10  1.451305E-10  1.452128E-10  1.453233E-10
0.000000E+00  1.213211E-08  1.214520E-08  1.212002E-08  1.211655E-08  1.212358E-08  1.214166E-08  1.214960E-08  1.215244E-08  1.215648E-08  1.215140E-08  1.215095E-08  1.214779E-08  1.214634E-08  1.214845E-08  1.214988E-08  1.210994E-08  1.208102E-08  1.208966E-08  1.209663E-08  1.210584E-08
Gas           Ref
0.000000E+00  -1.123954E-13 -1.124598E-13 -1.124133E-13 -1.122452E-13 -1.122774E-13 -1.123024E-13 -1.122166E-13 -1.121772E-13 -1.122094E-13 -1.123561E-13 -1.122452E-13 -1.122631E-13 -1.122523E-13 -1.121951E-13 -1.123775E-13 -1.122881E-13 -1.122345E-13 -1.122094E-13 -1.121450E-13 -1.123239E-13
0.000000E+00  -3.340248E-15 -3.361705E-15 -3.222230E-15 -3.247264E-15 -3.300909E-15 -3.229383E-15 -3.254417E-15 -3.401044E-15 -3.418925E-15 -3.436807E-15 -3.379586E-15 -3.454689E-15 -3.529790E-15 -3.343824E-15 -3.365281E-15 -3.340248E-15 -3.590587E-15 -3.629926E-15 -3.654960E-15 -3.597740E-15
0.000000E+00  5.165653E-13  5.168586E-13  5.170303E-13  5.169123E-13  5.165796E-13  5.168478E-13  5.174022E-13  5.165045E-13  5.155818E-13  5.148201E-13  5.149346E-13  5.148988E-13  5.149882E-13  5.156283E-13  5.159610E-13  5.156641E-13  5.151098E-13  5.139725E-13  5.137437E-13  5.138759E-13
0.000000E+00  4.965214E-11  4.969813E-11  4.971289E-11  4.971937E-11  4.966576E-11  4.968121E-11  4.966358E-11  4.956988E-11  4.948670E-11  4.949077E-11  4.951434E-11  4.948562E-11  4.953044E-11  4.957653E-11  4.960393E-11  4.955257E-11  4.944110E-11  4.938477E-11  4.941127E-11  4.945565E-11
0.000000E+00  1.418178E-10  1.419258E-10  1.419695E-10  1.419931E-10  1.418482E-10  1.418890E-10  1.418378E-10  1.415628E-10  1.413479E-10  1.413339E-10  1.414037E-10  1.413121E-10  1.414638E-10  1.416000E-10  1.416490E-10  1.415328E-10  1.412184E-10  1.410425E-10  1.411276E-10  1.412431E-10
0.000000E+00  1.187342E-08  1.188352E-08  1.188713E-08  1.188965E-08  1.187683E-08  1.188000E-08  1.187624E-08  1.185264E-08  1.183465E-08  1.183340E-08  1.183914E-08  1.183174E-08  1.184390E-08  1.185570E-08  1.186106E-08  1.185065E-08  1.182421E-08  1.180879E-08  1.181562E-08  1.182562E-08
Gas           Sam
0.000000E+00  -1.083506E-13 -1.082183E-13 -1.083971E-13 -1.082469E-13 -1.080681E-13 -1.081360E-13 -1.081647E-13 -1.078964E-13 -1.078857E-13 -1.078178E-13 -1.078464E-13 -1.077140E-13 -1.076819E-13 -1.076926E-13 -1.076783E-13 -1.078285E-13 -1.077570E-13 -1.075996E-13 -1.075460E-13 -1.075352E-13
0.000000E+00  -1.269580E-15 -1.180173E-15 -1.133681E-15 -9.441384E-16 -7.796295E-16 -8.904943E-16 -1.022817E-15 -9.334096E-16 -7.402904E-16 -9.298334E-16 -9.155283E-16 -9.799013E-16 -1.001359E-15 -1.055003E-15 -1.226665E-15 -1.337530E-15 -1.115800E-15 -8.440026E-16 -7.438667E-16 -7.367141E-16
0.000000E+00  5.364745E-13  5.374473E-13  5.382769E-13  5.387454E-13  5.393641E-13  5.397039E-13  5.385809E-13  5.383235E-13  5.385309E-13  5.389636E-13  5.388634E-13  5.383377E-13  5.380159E-13  5.373579E-13  5.371432E-13  5.380230E-13  5.388385E-13  5.397969E-13  5.397218E-13  5.396431E-13
0.000000E+00  5.053719E-11  5.058669E-11  5.065607E-11  5.068643E-11  5.067331E-11  5.065028E-11  5.054606E-11  5.059438E-11  5.059892E-11  5.063597E-11  5.055554E-11  5.052232E-11  5.045054E-11  5.043724E-11  5.044621E-11  5.050733E-11  5.057074E-11  5.058572E-11  5.059212E-11  5.058673E-11
0.000000E+00  1.438585E-10  1.439958E-10  1.442003E-10  1.442780E-10  1.442382E-10  1.441950E-10  1.438717E-10  1.440051E-10  1.440290E-10  1.441210E-10  1.439046E-10  1.438345E-10  1.436113E-10  1.435462E-10  1.435856E-10  1.437508E-10  1.439382E-10  1.439915E-10  1.439936E-10  1.439990E-10
0.000000E+00  1.198403E-08  1.199478E-08  1.201245E-08  1.201885E-08  1.201629E-08  1.201227E-08  1.198450E-08  1.199605E-08  1.199827E-08  1.200542E-08  1.198802E-08  1.198140E-08  1.196343E-08  1.195816E-08  1.196125E-08  1.197430E-08  1.199131E-08  1.199562E-08  1.199589E-08  1.199576E-08
Gas           Ref
0.000000E+00  -1.123811E-13 -1.122738E-13 -1.123417E-13 -1.123704E-13 -1.122988E-13 -1.122702E-13 -1.122273E-13 -1.123417E-13 -1.122988E-13 -1.122380E-13 -1.120306E-13 -1.121164E-13 -1.121093E-13 -1.120735E-13 -1.122559E-13 -1.122059E-13 -1.122559E-13 -1.124061E-13 -1.123417E-13 -1.122345E-13
0.000000E+00  -3.790859E-15 -3.848080E-15 -4.062656E-15 -4.377369E-15 -4.134182E-15 -4.166369E-15 -4.202131E-15 -3.955368E-15 -3.991131E-15 -4.087691E-15 -4.101995E-15 -3.998284E-15 -3.890995E-15 -4.216436E-15 -4.355911E-15 -4.266505E-15 -4.051927E-15 -4.237894E-15 -4.338030E-15 -4.355911E-15
0.000000E+00  5.096774E-13  5.100172E-13  5.091231E-13  5.070989E-13  5.069702E-13  5.074315E-13  5.079393E-13  5.081074E-13  5.082791E-13  5.081325E-13  5.084007E-13  5.082683E-13  5.086439E-13  5.081289E-13  5.068987E-13  5.058544E-13  5.060725E-13  5.057149E-13  5.053966E-13  5.060189E-13
0.000000E+00  4.908737E-11  4.909559E-11  4.886564E-11  4.882101E-11  4.884153E-11  4.889947E-11  4.891910E-11  4.893502E-11  4.893706E-11  4.894897E-11  4.894922E-11  4.895004E-11  4.895526E-11  4.881099E-11  4.868432E-11  4.871533E-11  4.878106E-11  4.865517E-11  4.871007E-11  4.877720E-11
0.000000E+00  1.401953E-10  1.402196E-10  1.395712E-10  1.394199E-10  1.394829E-10  1.396499E-10  1.396989E-10  1.397500E-10  1.397579E-10  1.397979E-10  1.397979E-10  1.398076E-10  1.398151E-10  1.394407E-10  1.390444E-10  1.391356E-10  1.393169E-10  1.389661E-10  1.391095E-10  1.392955E-10
0.000000E+00  1.173891E-08  1.174067E-08  1.168629E-08  1.167320E-08  1.167865E-08  1.169240E-08  1.169671E-08  1.170143E-08  1.170240E-08  1.170580E-08  1.170555E-08  1.170640E-08  1.170687E-08  1.167497E-08  1.164116E-08  1.164867E-08  1.166483E-08  1.163506E-08  1.164665E-08  1.166276E-08
Gas           Sam
0.000000E+00  -1.083935E-13 -1.084829E-13 -1.084543E-13 -1.083506E-13 -1.082505E-13 -1.082219E-13 -1.080931E-13 -1.079608E-13 -1.077856E-13 -1.079429E-13 -1.079143E-13 -1.077820E-13 -1.076711E-13 -1.076497E-13 -1.076568E-13 -1.076604E-13 -1.076711E-13 -1.077319E-13 -1.077999E-13 -1.076354E-13
0.000000E+00  -1.777412E-15 -1.881124E-15 -1.813175E-15 -1.802446E-15 -1.630785E-15 -1.627208E-15 -1.562835E-15 -1.534225E-15 -1.559259E-15 -1.659395E-15 -1.466276E-15 -1.630785E-15 -1.780989E-15 -1.627208E-15 -1.637937E-15 -1.680852E-15 -1.691581E-15 -1.698734E-15 -1.680852E-15 -1.527072E-15
0.000000E+00  5.301660E-13  5.302589E-13  5.309313E-13  5.311458E-13  5.308168E-13  5.308598E-13  5.315571E-13  5.320149E-13  5.327909E-13  5.319684E-13  5.313998E-13  5.312352E-13  5.309563E-13  5.314928E-13  5.312424E-13  5.314069E-13  5.309885E-13  5.308741E-13  5.308419E-13  5.309277E-13
0.000000E+00  4.995348E-11  4.997872E-11  5.008336E-11  5.000040E-11  4.998147E-11  5.001813E-11  5.004985E-11  5.005164E-11  5.005246E-11  4.995379E-11  4.986732E-11  4.989264E-11  4.988620E-11  4.996084E-11  4.987326E-11  4.994060E-11  4.988649E-11  4.980280E-11  4.983349E-11  4.991760E-11
0.000000E+00  1.421815E-10  1.422845E-10  1.425663E-10  1.423328E-10  1.422613E-10  1.423707E-10  1.424691E-10  1.424819E-10  1.424866E-10  1.421966E-10  1.419580E-10  1.420245E-10  1.420013E-10  1.422219E-10  1.419712E-10  1.421543E-10  1.419952E-10  1.417742E-10  1.418500E-10  1.420753E-10
0.000000E+00  1.184366E-08  1.185232E-08  1.187656E-08  1.185588E-08  1.185008E-08  1.185967E-08  1.186839E-08  1.186889E-08  1.186950E-08  1.184520E-08  1.182512E-08  1.182971E-08  1.182859E-08  1.184772E-08  1.182585E-08  1.184218E-08  1.182911E-08  1.181035E-08  1.181604E-08  1.183556E-08
Gas           Ref
0.000000E+00  -1.122237E-13 -1.122094E-13 -1.122166E-13 -1.122953E-13 -1.123668E-13 -1.122488E-13 -1.123561E-13 -1.123131E-13 -1.122094E-13 -1.122774E-13 -1.121701E-13 -1.122130E-13 -1.123561E-13 -1.123346E-13 -1.123060E-13 -1.124133E-13 -1.124312E-13 -1.123310E-13 -1.122130E-13 -1.123561E-13
0.000000E+00  -4.752879E-15 -4.788642E-15 -4.649167E-15 -4.552607E-15 -4.702811E-15 -4.971032E-15 -5.074745E-15 -5.056863E-15 -4.863744E-15 -4.953151E-15 -5.081897E-15 -5.096202E-15 -4.903083E-15 -5.035405E-15 -4.860167E-15 -4.824404E-15 -4.860167E-15 -4.963879E-15 -5.185609E-15 -5.117660E-15
0.000000E+00  4.997139E-13  4.990094E-13  4.993706E-13  4.992704E-13  4.998784E-13  4.992812E-13  4.987054E-13  4.983871E-13  4.988091E-13  4.979472E-13  4.979580E-13  4.985123E-13  4.992776E-13  4.998891E-13  4.995959E-13  4.993849E-13  4.995387E-13  4.990738E-13  4.974251E-13  4.970639E-13
0.000000E+00  4.812778E-11  4.816319E-11  4.817799E-11  4.820700E-11  4.829844E-11  4.808419E-11  4.811458E-11  4.814348E-11  4.817320E-11  4.805697E-11  4.809409E-11  4.815836E-11  4.820871E-11  4.820839E-11  4.819587E-11  4.820217E-11  4.820603E-11  4.804502E-11  4.794639E-11  4.798484E-11
0.000000E+00  1.374734E-10  1.375384E-10  1.375967E-10  1.376675E-10  1.379340E-10  1.373564E-10  1.374208E-10  1.375013E-10  1.375896E-10  1.372459E-10  1.373646E-10  1.375413E-10  1.376776E-10  1.376747E-10  1.376432E-10  1.376697E-10  1.376890E-10  1.372552E-10  1.369391E-10  1.370474E-10
0.000000E+00  1.151026E-08  1.151540E-08  1.152042E-08  1.152682E-08  1.154942E-08  1.149957E-08  1.150545E-08  1.151262E-08  1.152062E-08  1.149092E-08  1.150011E-08  1.151572E-08  1.152709E-08  1.152707E-08  1.152494E-08  1.152648E-08  1.152832E-08  1.149219E-08  1.146520E-08  1.147400E-08
Gas           Sam
0.000000E+00  -1.085187E-13 -1.084722E-13 -1.084472E-13 -1.083399E-13 -1.081468E-13 -1.081396E-13 -1.081289E-13 -1.080538E-13 -1.078356E-13 -1.080216E-13 -1.079465E-13 -1.080431E-13 -1.077963E-13 -1.079072E-13 -1.076175E-13 -1.076783E-13 -1.079572E-13 -1.078285E-13 -1.076246E-13 -1.076926E-13
0.000000E+00  -2.406838E-15 -2.228024E-15 -2.195837E-15 -2.263787E-15 -2.177956E-15 -2.220871E-15 -2.152922E-15 -2.242329E-15 -2.099278E-15 -2.199414E-15 -2.292397E-15 -2.460482E-15 -2.338888E-15 -2.428296E-15 -2.167227E-15 -2.442601E-15 -2.532008E-15 -2.492669E-15 -2.317431E-15 -2.270939E-15
0.000000E+00  5.237822E-13  5.238717E-13  5.237537E-13  5.240863E-13  5.248516E-13  5.244975E-13  5.241327E-13  5.234211E-13  5.240254E-13  5.249267E-13  5.247800E-13  5.235391E-13  5.236178E-13  5.243116E-13  5.248122E-13  5.237000E-13  5.234425E-13  5.244618E-13  5.248802E-13  5.249374E-13
0.000000E+00  4.947693E-11  4.943938E-11  4.946796E-11  4.949803E-11  4.952546E-11  4.940784E-11  4.933946E-11  4.933270E-11  4.942003E-11  4.948280E-11  4.934339E-11  4.929093E-11  4.931736E-11  4.939175E-11  4.929912E-11  4.925767E-11  4.928675E-11  4.936582E-11  4.938281E-11  4.937036E-11
0.000000E+00  1.408512E-10  1.407274E-10  1.408143E-10  1.408923E-10  1.409624E-10  1.406459E-10  1.404739E-10  1.404295E-10  1.406566E-10  1.408487E-10  1.404996E-10  1.403004E-10  1.403905E-10  1.405911E-10  1.403476E-10  1.402128E-10  1.402886E-10  1.405150E-10  1.405722E-10  1.405229E-10
0.000000E+00  1.173335E-08  1.172377E-08  1.173024E-08  1.173652E-08  1.174281E-08  1.171588E-08  1.170124E-08  1.169784E-08  1.171694E-08  1.173367E-08  1.170379E-08  1.168733E-08  1.169403E-08  1.171157E-08  1.169110E-08  1.167969E-08  1.168645E-08  1.170481E-08  1.170987E-08  1.170657E-08
Gas           Ref
0.000000E+00  -1.123346E-13 -1.123489E-13 -1.122702E-13 -1.122917E-13 -1.123489E-13 -1.123775E-13 -1.122452E-13 -1.120306E-13 -1.121236E-13 -1.121343E-13 -1.120843E-13 -1.121415E-13 -1.121486E-13 -1.120413E-13 -1.120914E-13 -1.123167E-13 -1.122845E-13 -1.121737E-13 -1.120449E-13 -1.122273E-13
0.000000E+00  -5.135541E-15 -5.439525E-15 -5.511050E-15 -5.568271E-15 -5.553966E-15 -5.493170E-15 -5.543237E-15 -5.600458E-15 -5.711323E-15 -5.847221E-15 -5.804306E-15 -5.807882E-15 -5.757814E-15 -5.725628E-15 -5.825763E-15 -5.772119E-15 -5.929476E-15 -5.865103E-15 -5.950933E-15 -5.836492E-15
0.000000E+00  4.927723E-13  4.927222E-13  4.926901E-13  4.929583E-13  4.920249E-13  4.918103E-13  4.920178E-13  4.906373E-13  4.902368E-13  4.905622E-13  4.909735E-13  4.913632E-13  4.908662E-13  4.895788E-13  4.894678E-13  4.905372E-13  4.897897E-13  4.897361E-13  4.905014E-13  4.908590E-13
0.000000E+00  4.760435E-11  4.762402E-11  4.764702E-11  4.759427E-11  4.749979E-11  4.752117E-11  4.748838E-11  4.740870E-11  4.743473E-11  4.747668E-11  4.754667E-11  4.752693E-11  4.740448E-11  4.734525E-11  4.737179E-11  4.747200E-11  4.729072E-11  4.735223E-11  4.742748E-11  4.745283E-11
0.000000E+00  1.359513E-10  1.360217E-10  1.360875E-10  1.359713E-10  1.356570E-10  1.357288E-10  1.356434E-10  1.353973E-10  1.354742E-10  1.355829E-10  1.357986E-10  1.357403E-10  1.354159E-10  1.352203E-10  1.353086E-10  1.355930E-10  1.350730E-10  1.352343E-10  1.354567E-10  1.355178E-10
0.000000E+00  1.138261E-08  1.138878E-08  1.139427E-08  1.138429E-08  1.135791E-08  1.136374E-08  1.135697E-08  1.133585E-08  1.134243E-08  1.135207E-08  1.137006E-08  1.136542E-08  1.133819E-08  1.132183E-08  1.132814E-08  1.135310E-08  1.130854E-08  1.132355E-08  1.134127E-08  1.134751E-08
 Gas          
0.000000E+00  0.000000E+00  0.000000E+00  0.000000E+00  0.000000E+00  0.000000E+00  0.000000E+00  0.000000E+00  0.000000E+00  0.000000E+00  0.000000E+00  0.000000E+00  0.000000E+00  0.000000E+00  0.000000E+00  0.000000E+00  0.000000E+00  0.000000E+00  0.000000E+00  0.000000E+00  0.000000E+00
0.000000E+00  0.000000E+00  0.000000E+00  0.000000E+00  0.000000E+00  0.000000E+00  0.000000E+00  0.000000E+00  0.000000E+00  0.000000E+00  0.000000E+00  0.000000E+00  0.000000E+00  0.000000E+00  0.000000E+00  0.000000E+00  0.000000E+00  0.000000E+00  0.000000E+00  0.000000E+00  0.000000E+00
0.000000E+00  0.000000E+00  0.000000E+00  0.000000E+00  0.000000E+00  0.000000E+00  0.000000E+00  0.000000E+00  0.000000E+00  0.000000E+00  0.000000E+00  0.000000E+00  0.000000E+00  0.000000E+00  0.000000E+00  0.000000E+00  0.000000E+00  0.000000E+00  0.000000E+00  0.000000E+00  0.000000E+00
0.000000E+00  0.000000E+00  0.000000E+00  0.000000E+00  0.000000E+00  0.000000E+00  0.000000E+00  0.000000E+00  0.000000E+00  0.000000E+00  0.000000E+00  0.000000E+00  0.000000E+00  0.000000E+00  0.000000E+00  0.000000E+00  0.000000E+00  0.000000E+00  0.000000E+00  0.000000E+00  0.000000E+00
0.000000E+00  0.000000E+00  0.000000E+00  0.000000E+00  0.000000E+00  0.000000E+00  0.000000E+00  0.000000E+00  0.000000E+00  0.000000E+00  0.000000E+00  0.000000E+00  0.000000E+00  0.000000E+00  0.000000E+00  0.000000E+00  0.000000E+00  0.000000E+00  0.000000E+00  0.000000E+00  0.000000E+00
0.000000E+00  0.000000E+00  0.000000E+00  0.000000E+00  0.000000E+00  0.000000E+00  0.000000E+00  0.000000E+00  0.000000E+00  0.000000E+00  0.000000E+00  0.000000E+00  0.000000E+00  0.000000E+00  0.000000E+00  0.000000E+00  0.000000E+00  0.000000E+00  0.000000E+00  0.000000E+00  0.000000E+00
End of Analysis
"H3 factor",13.13339
"Linearity factor (0)",52.88039
"Linearity factor (1)",18.00761
"Linearity factor (2)",-.1321419
"Linearity factor (3)",9.804096E-04
"Linearity factor (4)",-7.965973E-02
"Linearity factor (5)",0
"Collector Gains :",500,5000,5000,5000,500,500,50,500,1,5
"Number of deflectors available : ",33
"Source HT",8000
"Extraction V",780
"H Defl",310
"Trap",850
"Trap Voltage",24
"Repeller",4
"Filament V",-110
"Delta HP",19
"Z Lens",110
"Delta Z",130
"Max Current",3.5
"Heater Current",1
"Quad 1",120
"Cubic 1",50
"Lin 1",0
"Deflect 1 I",5
"Deflect 1 O",5
"Offset 1",0
"Offset 2",0
"Quad 2",-620
"Cubic 2",0
"Lin 2",0
"Q1 I Cor",0
"Q1 O Cor",0
"Suppressor",-100
"Mop Plate",-15
"ESA H1",790
"ESA H1 delta",0
"ESA H2",800
"ESA H2 delta",0
"ESA H3",820
"ESA H3 delta",0
"ESA HD",0
"ESA HD delta",0
"Batch Started: ","13:02:19 15:29:56"
"Data File: ","C:\Nu Stable\Results\2019\201902013 standard PD4 BSS WNI ZE NTA\Data_9291 PD4 144.8.txt"
"Sample Name: ","PD4 144.8"
"Sample Weight: ",99
"Sample Type: ","Sam"
"Vial Number: ",14
"Sam Beam First CO: ","1.237210e-08"
"Sam Beam Last CO: ","1.170609e-08"
"Ref Beam First CO: ","1.233006e-08"
"Ref Beam Second CO: ","1.216813e-09"
"Ref BeamLast CO: ","1.134854e-08"
"Sam Depletion: ","5 %"
"Ref Depletion: ","8 %"
"Observed CP Temperature: ",69.739
"Std Dev: ","6.070e-07"
"Min: ","69.739"
"Max: ","69.739"
"Ave Started: ","13:02:19 23:23:26"
"Ave Stopped: ","13:02:19 23:27:24"
"Num: ",8
"Current Mass: ",46.03193
"Method File Name","C:\Nu Stable\Analyses\DI\040216 12-12-20 6 collectors.rdf"
"Version 6"
"Analysis Type","DI"
"Analysis Calculation Routine ","Clumped CO2 Iterative"
"Gas ID ","CO2"
"Ref Gas Identifier ","AirLiquide01"
"Centring collector ",8
"Num of Ref/Sam cycles ",6
"Cycles length(secs) ",20
"C/O valve stabilisation time ",12
"Offset for zero measurement(amu) ",0
"Zero measurement time ",20
"Spare",0
"Spare",0
0
-1
-1
-1
-1
0
-1
0
-1
0
"Num Clumped Blocks","1"
"Do zero at start of block",#FALSE#
"Balance beams",#FALSE#
"Mag Hysteresis Offset",.001
"Apply Hysteresis Offset",#FALSE#
"Target Beam (A) ",.00000005
"Use CF with Bellows ",#FALSE#
"DI Auto Gas balancing: ","True"
"Pirani pressure",3.398285E-02
"Cold finger status","CF"
"Inlet transducer pressure",4.638568
"Sample operations:  InitialisePrepSampleRun; CheckIfCFRequired; UseCF; SampleTrapped; BalanceRefToSamValue; DepletingBalance; SampleReady;"
"Number of sample chops",0
"Number of sample double chops",0
"Run from bellows",#FALSE#
"Max sample pump-over pressure (mBar)","0.000000e00"
"Max sample pump-over pressure (raw)",0
"Pre-balance Sam Beam","1.278068e-08"
"Min ref beam","2.862313e-09"
"Max ref beam","1.697821e-08"
"Ref bellows position",2418
"Sam bellows position",8448
"Balance %",.2871923
"Initial Sam Beam","1.327741e-08"
"Final Ref Beam","1.281368e-08"
"Final Sam Beam","1.285048e-08"
"Pre-depleted Ref Beam",1.284765E-08
"InletPiraniPressure",3.398285E-02
"Depletion Factor",.96
"Balance End","14/02/19 00:05:10"
"Water Trap Temperature Hot",-195.1766
"Water Trap Temperature Cold",-195.1766
"DP Version",25
"Num Gas Cycles ",1
"UseFrontHeightThreshold(1)",#TRUE#
"FrontHeightThreshold(1)",2
"UseBackHeightThreshold(1)",#TRUE#
"BackHeightThreshold(1)",2.7
"UsePeakWidthLimit(1)",#FALSE#
"PeakWidthLimit(1)",6
"RefGasFrontHeightThreshold(1)",40
"RefGasBackHeightThreshold(1)",10
"Measure_Elemental_Comp",#TRUE#
"Use_TCD_For_Elem_Calcs",#FALSE#
"Sample_Name","PD4 144.8"
"Sample_Type","Sam"
"Sample_Weight",99
"Sample_Vial",14
"Standard_Type",""
"NoAnalysisCycles",1
"Gas1","CO2"
"Ref Gas1","AirLiquide01"
"Analysis_Routine1","Clumped CO2 Iterative"
"ZeroWidth1",10
"NoZeros1",1
"ZeroTime1",10
"Delta wrt Std 1",#FALSE#
"AllowLinearityCorrection",#FALSE#
"Num Collectors",6
"LinearityFactor(Cent)",52880.39
"LinearityFactor(Low2)",18007.61
"LinearityFactor(Low4)",-132.1419
"LinearityFactor()",.9804096
"LinearityFactor()",-79.65973
"LinearityFactor()",0
"UseH3Factor",#FALSE#
"H3Factor",0
"Axial Mass",46
"Anal Start",0
"Anal End",0
"Calc Linearity Correction from Ref Peaks",#FALSE#
"Temperature",25
"Std Temperature",25
"A_Factor",1.01025
"K_Factor",.04
"TemperatureCorrectionEnabled",#FALSE#
"GC ZeroMethod","Lowest Peak Limit"
"GC AllowZeroToCutPoints",#FALSE#
"GC UseIsotopicShift",#TRUE#
"GC InterpolatePeakHeight",#TRUE#
"GC NumZeroPoints",10
"GC Min Peak Height",.0000000001
"GC No UserPeaks",0
"SmoothingInterval",10
"DropFactor",1
"GradientRejectfactor",10
"SectionSize",100
"BackgroundStartTime",1
"CutOffTime",1000
"UseNewBackgroundCalcn",#FALSE#
"GC Label File","None.lab"
"GC No User Defined Background Points",0
"GC No Auto-detected Peaks to be Removed",0
"GC No Auto-calculated Background Points to Remove",0
"GC Std Peak In Sample",#FALSE#
"GC Std Peak Time",0
"Max Gap For Grouping EA Ref Pulses",20
"Group EA Ref Peaks",#FALSE#
"Use Defined Peak Limits (1)",#FALSE#
"Peak Start (1)",0
"Peak End (1)",0
"DP Version",25
"Num Gas Cycles ",1
"UseFrontHeightThreshold(1)",#TRUE#
"FrontHeightThreshold(1)",2
"UseBackHeightThreshold(1)",#TRUE#
"BackHeightThreshold(1)",2.7
"UsePeakWidthLimit(1)",#FALSE#
"PeakWidthLimit(1)",6
"RefGasFrontHeightThreshold(1)",40
"RefGasBackHeightThreshold(1)",10
"Measure_Elemental_Comp",#TRUE#
"Use_TCD_For_Elem_Calcs",#FALSE#
"Sample_Name","PD4 144.8"
"Sample_Type","Sam"
"Sample_Weight",99
"Sample_Vial",14
"Standard_Type",""
"NoAnalysisCycles",1
"Gas1","CO2"
"Ref Gas1","AirLiquide01"
"Analysis_Routine1","Clumped CO2 Iterative"
"ZeroWidth1",10
"NoZeros1",1
"ZeroTime1",10
"Delta wrt Std 1",#FALSE#
"AllowLinearityCorrection",#FALSE#
"Num Collectors",6
"LinearityFactor(Cent)",52880.39
"LinearityFactor(Low2)",18007.61
"LinearityFactor(Low4)",-132.1419
"LinearityFactor()",.9804096
"LinearityFactor()",-79.65973
"LinearityFactor()",0
"UseH3Factor",#FALSE#
"H3Factor",0
"Axial Mass",46
"Anal Start",0
"Anal End",0
"Calc Linearity Correction from Ref Peaks",#FALSE#
"Temperature",25
"Std Temperature",25
"A_Factor",1.01025
"K_Factor",.04
"TemperatureCorrectionEnabled",#FALSE#
"GC ZeroMethod","Lowest Peak Limit"
"GC AllowZeroToCutPoints",#FALSE#
"GC UseIsotopicShift",#TRUE#
"GC InterpolatePeakHeight",#TRUE#
"GC NumZeroPoints",10
"GC Min Peak Height",.0000000001
"GC No UserPeaks",0
"SmoothingInterval",10
"DropFactor",1
"GradientRejectfactor",10
"SectionSize",100
"BackgroundStartTime",1
"CutOffTime",1000
"UseNewBackgroundCalcn",#FALSE#
"GC Label File","None.lab"
"GC No User Defined Background Points",0
"GC No Auto-detected Peaks to be Removed",0
"GC No Auto-calculated Background Points to Remove",0
"GC Std Peak In Sample",#FALSE#
"GC Std Peak Time",0
"Max Gap For Grouping EA Ref Pulses",20
"Group EA Ref Peaks",#FALSE#
"Use Defined Peak Limits (1)",#FALSE#
"Peak Start (1)",0
"Peak End (1)",0
"End of Data file"


