"Clumped CO2 Iterative Analysis,         Data File Version 10"
"Started analysis at 11:27:31 PM on the Wednesday, February 13, 2019"
"UTC FileTimeLow",-1718649984," UTC FileTimeHigh",30721053
"Time Zone ","Eastern Daylight Time"
"CO Disabled",#FALSE#
"Persective Instrument","PS019"
"User logged in",#FALSE#
"Software Version","Stable 1.69.5"
"Axial Mass is :",46
"No_C_O_Cycles",6
"Num Blocks",1
0
-1
-1
-1
-1
0
-1
0
-1
0
"Sample Name is ","PD4 144.0"
Zero Data
-1.134868752656E-13, -5.823099164318E-14, -6.199449252022E-14, -3.422144380074E-14, 1.111508481826E-13, 4.147593163015E-12, Measured at start of run
Individual Data
No_C_O_Cycles                6 
Cycle_Length   20 
Zero_Measurement_Length      20 
Axial_Mass     46 
 Gas          Bla
0.000000E+00  -1.134432E-13 -1.135291E-13 -1.134790E-13 -1.133896E-13 -1.132859E-13 -1.133681E-13 -1.135076E-13 -1.134969E-13 -1.134289E-13 -1.136221E-13 -1.137401E-13 -1.135398E-13 -1.134754E-13 -1.133431E-13 -1.133860E-13 -1.134647E-13 -1.134862E-13 -1.136328E-13 -1.136471E-13 -1.134719E-13
0.000000E+00  -5.817180E-14 -5.828983E-14 -5.827194E-14 -5.835419E-14 -5.825405E-14 -5.816823E-14 -5.815392E-14 -5.823618E-14 -5.817180E-14 -5.812173E-14 -5.817896E-14 -5.811101E-14 -5.810028E-14 -5.825405E-14 -5.822544E-14 -5.834347E-14 -5.833989E-14 -5.826121E-14 -5.821830E-14 -5.839354E-14
0.000000E+00  -6.201273E-14 -6.198054E-14 -6.196982E-14 -6.195194E-14 -6.197697E-14 -6.190901E-14 -6.197697E-14 -6.198054E-14 -6.216293E-14 -6.215221E-14 -6.208783E-14 -6.214506E-14 -6.203061E-14 -6.192690E-14 -6.189114E-14 -6.184822E-14 -6.197340E-14 -6.190187E-14 -6.197697E-14 -6.203419E-14
0.000000E+00  -3.308061E-14 -3.336671E-14 -3.358129E-14 -3.386739E-14 -3.404621E-14 -3.401044E-14 -3.408197E-14 -3.415349E-14 -3.379587E-14 -3.408197E-14 -3.422502E-14 -3.461841E-14 -3.465417E-14 -3.479722E-14 -3.451112E-14 -3.408197E-14 -3.451112E-14 -3.490451E-14 -3.540519E-14 -3.465417E-14
0.000000E+00  1.119376E-13  1.147987E-13  1.119376E-13  1.140834E-13  1.115800E-13  1.119376E-13  1.112224E-13  1.108647E-13  1.119376E-13  1.112224E-13  1.112224E-13  1.115800E-13  1.112224E-13  1.108647E-13  1.090766E-13  1.105071E-13  1.108647E-13  1.080037E-13  1.083614E-13  1.097919E-13
0.000000E+00  4.273657E-12  4.309420E-12  4.220013E-12  4.255776E-12  4.237894E-12  4.255776E-12  4.237894E-12  4.166369E-12  4.130606E-12  4.202131E-12  4.130606E-12  4.076961E-12  4.148487E-12  4.130606E-12  4.112724E-12  4.076961E-12  4.005436E-12  4.041199E-12  3.969673E-12  3.969673E-12
Gas           Ref
0.000000E+00  -1.130427E-13 -1.129247E-13 -1.130248E-13 -1.131857E-13 -1.131929E-13 -1.130606E-13 -1.131536E-13 -1.133038E-13 -1.131500E-13 -1.130785E-13 -1.130356E-13 -1.129998E-13 -1.131285E-13 -1.131178E-13 -1.130570E-13 -1.130677E-13 -1.130427E-13 -1.130034E-13 -1.132179E-13 -1.132716E-13
0.000000E+00  -3.342036E-14 -3.338102E-14 -3.347758E-14 -3.361348E-14 -3.359559E-14 -3.376010E-14 -3.368858E-14 -3.370288E-14 -3.369573E-14 -3.361705E-14 -3.362778E-14 -3.357771E-14 -3.364566E-14 -3.364924E-14 -3.369573E-14 -3.382448E-14 -3.351692E-14 -3.380659E-14 -3.397110E-14 -3.381374E-14
0.000000E+00  1.978542E-13  1.978685E-13  1.979007E-13  1.980044E-13  1.978149E-13  1.975967E-13  1.973464E-13  1.976110E-13  1.976826E-13  1.977648E-13  1.976325E-13  1.975860E-13  1.974573E-13  1.969602E-13  1.963164E-13  1.966204E-13  1.974144E-13  1.965525E-13  1.959409E-13  1.961734E-13
0.000000E+00  2.230255E-11  2.231332E-11  2.230280E-11  2.231228E-11  2.226557E-11  2.224419E-11  2.225152E-11  2.225599E-11  2.225563E-11  2.225921E-11  2.226801E-11  2.226261E-11  2.227931E-11  2.212438E-11  2.212249E-11  2.222141E-11  2.228124E-11  2.211623E-11  2.211512E-11  2.214888E-11
0.000000E+00  6.382376E-11  6.384164E-11  6.382376E-11  6.383306E-11  6.371969E-11  6.364351E-11  6.367606E-11  6.368178E-11  6.369108E-11  6.369966E-11  6.372935E-11  6.370467E-11  6.374258E-11  6.331485E-11  6.330270E-11  6.357199E-11  6.375474E-11  6.329018E-11  6.327230E-11  6.338066E-11
0.000000E+00  5.342196E-09  5.343484E-09  5.341589E-09  5.343377E-09  5.333542E-09  5.326855E-09  5.329555E-09  5.330502E-09  5.330824E-09  5.331575E-09  5.334079E-09  5.332344E-09  5.335652E-09  5.299567E-09  5.298101E-09  5.320900E-09  5.336814E-09  5.297064E-09  5.295812E-09  5.304503E-09
Gas           Sam
0.000000E+00  -1.102568E-13 -1.102460E-13 -1.099671E-13 -1.099564E-13 -1.097919E-13 -1.097990E-13 -1.097132E-13 -1.096738E-13 -1.097668E-13 -1.097489E-13 -1.096703E-13 -1.095773E-13 -1.095022E-13 -1.093949E-13 -1.095022E-13 -1.094879E-13 -1.093448E-13 -1.092626E-13 -1.091624E-13 -1.091410E-13
0.000000E+00  -3.269437E-14 -3.266576E-14 -3.276589E-14 -3.256920E-14 -3.265861E-14 -3.256920E-14 -3.269795E-14 -3.263000E-14 -3.235463E-14 -3.243688E-14 -3.264073E-14 -3.254059E-14 -3.259423E-14 -3.270153E-14 -3.266218E-14 -3.285530E-14 -3.273013E-14 -3.259781E-14 -3.255847E-14 -3.253344E-14
0.000000E+00  2.069487E-13  2.071883E-13  2.076532E-13  2.081968E-13  2.079394E-13  2.078142E-13  2.079179E-13  2.083792E-13  2.087798E-13  2.085080E-13  2.076711E-13  2.081718E-13  2.093091E-13  2.095201E-13  2.082111E-13  2.077212E-13  2.083828E-13  2.092053E-13  2.089514E-13  2.088763E-13
0.000000E+00  2.234558E-11  2.239003E-11  2.247389E-11  2.247947E-11  2.239529E-11  2.238939E-11  2.240555E-11  2.243287E-11  2.245562E-11  2.233081E-11  2.230896E-11  2.240680E-11  2.245211E-11  2.240938E-11  2.227934E-11  2.230609E-11  2.237948E-11  2.242915E-11  2.232998E-11  2.235616E-11
0.000000E+00  6.374687E-11  6.389243E-11  6.413061E-11  6.414348E-11  6.390566E-11  6.388134E-11  6.392676E-11  6.400222E-11  6.406623E-11  6.372470E-11  6.365317E-11  6.392425E-11  6.407124E-11  6.395001E-11  6.356484E-11  6.363994E-11  6.384200E-11  6.400078E-11  6.372256E-11  6.378549E-11
0.000000E+00  5.308884E-09  5.320667E-09  5.340498E-09  5.342322E-09  5.321937E-09  5.319255E-09  5.323975E-09  5.330091E-09  5.335885E-09  5.306988E-09  5.300819E-09  5.323314E-09  5.335992E-09  5.326407E-09  5.293487E-09  5.299621E-09  5.316966E-09  5.330592E-09  5.306380E-09  5.311691E-09
Gas           Ref
0.000000E+00  -1.130284E-13 -1.132322E-13 -1.129211E-13 -1.130034E-13 -1.129855E-13 -1.129926E-13 -1.131857E-13 -1.131893E-13 -1.130606E-13 -1.131071E-13 -1.130785E-13 -1.129783E-13 -1.130677E-13 -1.128782E-13 -1.129497E-13 -1.130463E-13 -1.127959E-13 -1.128317E-13 -1.130463E-13 -1.130427E-13
0.000000E+00  -3.382448E-14 -3.394249E-14 -3.391031E-14 -3.412846E-14 -3.406051E-14 -3.393177E-14 -3.398898E-14 -3.391388E-14 -3.409627E-14 -3.413919E-14 -3.372792E-14 -3.367427E-14 -3.397110E-14 -3.417495E-14 -3.397826E-14 -3.407839E-14 -3.401760E-14 -3.417137E-14 -3.418210E-14 -3.416780E-14
0.000000E+00  1.952006E-13  1.955189E-13  1.942207E-13  1.938774E-13  1.946320E-13  1.949181E-13  1.950504E-13  1.949682E-13  1.939847E-13  1.939454E-13  1.944460E-13  1.949718E-13  1.941671E-13  1.934518E-13  1.935019E-13  1.943137E-13  1.946034E-13  1.939561E-13  1.931371E-13  1.932515E-13
0.000000E+00  2.207503E-11  2.203179E-11  2.190079E-11  2.194149E-11  2.201692E-11  2.205171E-11  2.204867E-11  2.203820E-11  2.187429E-11  2.189732E-11  2.202407E-11  2.202722E-11  2.189457E-11  2.187694E-11  2.193341E-11  2.200061E-11  2.200415E-11  2.190180E-11  2.184268E-11  2.190176E-11
0.000000E+00  6.317467E-11  6.306022E-11  6.267720E-11  6.279272E-11  6.299621E-11  6.310028E-11  6.308740E-11  6.306809E-11  6.260711E-11  6.266183E-11  6.302446E-11  6.303304E-11  6.266827E-11  6.258780E-11  6.275946E-11  6.295973E-11  6.297762E-11  6.269688E-11  6.250769E-11  6.267255E-11
0.000000E+00  5.287641E-09  5.278253E-09  5.245816E-09  5.255382E-09  5.272924E-09  5.281918E-09  5.280560E-09  5.278914E-09  5.240004E-09  5.244063E-09  5.274748E-09  5.276250E-09  5.245279E-09  5.238538E-09  5.252164E-09  5.269419E-09  5.271368E-09  5.247479E-09  5.231386E-09  5.244993E-09
Gas           Sam
0.000000E+00  -1.101924E-13 -1.101352E-13 -1.101710E-13 -1.098026E-13 -1.098205E-13 -1.098348E-13 -1.096917E-13 -1.096846E-13 -1.096023E-13 -1.095129E-13 -1.096595E-13 -1.095093E-13 -1.092411E-13 -1.092948E-13 -1.094950E-13 -1.095022E-13 -1.094092E-13 -1.094342E-13 -1.092018E-13 -1.092769E-13
0.000000E+00  -3.283027E-14 -3.273371E-14 -3.268007E-14 -3.276232E-14 -3.280166E-14 -3.290895E-14 -3.279093E-14 -3.274444E-14 -3.275874E-14 -3.272298E-14 -3.267649E-14 -3.265146E-14 -3.276589E-14 -3.271941E-14 -3.278378E-14 -3.276947E-14 -3.271941E-14 -3.266218E-14 -3.274086E-14 -3.278378E-14
0.000000E+00  2.044668E-13  2.049961E-13  2.052214E-13  2.054467E-13  2.056040E-13  2.059581E-13  2.059402E-13  2.063157E-13  2.060582E-13  2.061298E-13  2.064302E-13  2.067413E-13  2.065517E-13  2.064981E-13  2.066555E-13  2.066090E-13  2.063980E-13  2.068522E-13  2.068343E-13  2.067198E-13
0.000000E+00  2.219498E-11  2.221240E-11  2.222531E-11  2.223038E-11  2.223174E-11  2.223113E-11  2.223886E-11  2.224483E-11  2.223425E-11  2.222774E-11  2.223400E-11  2.222645E-11  2.222266E-11  2.221747E-11  2.221465E-11  2.220714E-11  2.220170E-11  2.220288E-11  2.220388E-11  2.219637E-11
0.000000E+00  6.333489E-11  6.338138E-11  6.341714E-11  6.344933E-11  6.343287E-11  6.343967E-11  6.345898E-11  6.347006E-11  6.344110E-11  6.343823E-11  6.344575E-11  6.342107E-11  6.340963E-11  6.338852E-11  6.337887E-11  6.337136E-11  6.335669E-11  6.335455E-11  6.335098E-11  6.333381E-11
0.000000E+00  5.273872E-09  5.278163E-09  5.281918E-09  5.283849E-09  5.283206E-09  5.283295E-09  5.285137E-09  5.286049E-09  5.283653E-09  5.282848E-09  5.283599E-09  5.282097E-09  5.280953E-09  5.279415E-09  5.278932E-09  5.277984E-09  5.276303E-09  5.276446E-09  5.276143E-09  5.274605E-09
Gas           Ref
0.000000E+00  -1.130034E-13 -1.129891E-13 -1.129962E-13 -1.130105E-13 -1.130749E-13 -1.130391E-13 -1.131107E-13 -1.130248E-13 -1.129748E-13 -1.128996E-13 -1.129390E-13 -1.130069E-13 -1.130212E-13 -1.129962E-13 -1.130677E-13 -1.128424E-13 -1.128925E-13 -1.128853E-13 -1.130320E-13 -1.130034E-13
0.000000E+00  -3.428939E-14 -3.423932E-14 -3.416780E-14 -3.429655E-14 -3.409270E-14 -3.410700E-14 -3.423217E-14 -3.433588E-14 -3.442887E-14 -3.424290E-14 -3.429297E-14 -3.429297E-14 -3.436450E-14 -3.426078E-14 -3.418210E-14 -3.427509E-14 -3.437880E-14 -3.431443E-14 -3.450039E-14 -3.425005E-14
0.000000E+00  1.918175E-13  1.919569E-13  1.911594E-13  1.905801E-13  1.911380E-13  1.920034E-13  1.915671E-13  1.905658E-13  1.905837E-13  1.915421E-13  1.912846E-13  1.905872E-13  1.906015E-13  1.909305E-13  1.911702E-13  1.911630E-13  1.910414E-13  1.899650E-13  1.904764E-13  1.910808E-13
0.000000E+00  2.177008E-11  2.178067E-11  2.163608E-11  2.165210E-11  2.176933E-11  2.178903E-11  2.166869E-11  2.163275E-11  2.167889E-11  2.176282E-11  2.166315E-11  2.161255E-11  2.167116E-11  2.170109E-11  2.171966E-11  2.173696E-11  2.162045E-11  2.158576E-11  2.168078E-11  2.173189E-11
0.000000E+00  6.229812E-11  6.233961E-11  6.191402E-11  6.196445E-11  6.229026E-11  6.235605E-11  6.203526E-11  6.190794E-11  6.203419E-11  6.228095E-11  6.200809E-11  6.184357E-11  6.200987E-11  6.209391E-11  6.215721E-11  6.218618E-11  6.189257E-11  6.178349E-11  6.203061E-11  6.218797E-11
0.000000E+00  5.214523E-09  5.217706E-09  5.182140E-09  5.185967E-09  5.213308E-09  5.218976E-09  5.191456E-09  5.180710E-09  5.192064E-09  5.212699E-09  5.190348E-09  5.176293E-09  5.190115E-09  5.196964E-09  5.202489E-09  5.205243E-09  5.180370E-09  5.170714E-09  5.191206E-09  5.205690E-09
Gas           Sam
0.000000E+00  -1.102353E-13 -1.102246E-13 -1.100029E-13 -1.100064E-13 -1.100064E-13 -1.099635E-13 -1.097883E-13 -1.098133E-13 -1.097311E-13 -1.094593E-13 -1.095522E-13 -1.095272E-13 -1.095487E-13 -1.095308E-13 -1.096130E-13 -1.095022E-13 -1.094521E-13 -1.092733E-13 -1.093162E-13 -1.093448E-13
0.000000E+00  -3.306988E-14 -3.315213E-14 -3.298405E-14 -3.316644E-14 -3.320935E-14 -3.305558E-14 -3.299835E-14 -3.303054E-14 -3.300551E-14 -3.299120E-14 -3.315213E-14 -3.318790E-14 -3.307346E-14 -3.314856E-14 -3.307346E-14 -3.301981E-14 -3.310922E-14 -3.320220E-14 -3.298405E-14 -3.311995E-14
0.000000E+00  2.014448E-13  2.016773E-13  2.027931E-13  2.029039E-13  2.019705E-13  2.022423E-13  2.023890E-13  2.028431E-13  2.032330E-13  2.032115E-13  2.037193E-13  2.027144E-13  2.022495E-13  2.028503E-13  2.027215E-13  2.024211E-13  2.027215E-13  2.030077E-13  2.036585E-13  2.040305E-13
0.000000E+00  2.187977E-11  2.196846E-11  2.203780E-11  2.195075E-11  2.188520E-11  2.194732E-11  2.197114E-11  2.198595E-11  2.198258E-11  2.198637E-11  2.196688E-11  2.184296E-11  2.186385E-11  2.199235E-11  2.185523E-11  2.184579E-11  2.190838E-11  2.192937E-11  2.195197E-11  2.195340E-11
0.000000E+00  6.244689E-11  6.267577E-11  6.289071E-11  6.264395E-11  6.244081E-11  6.262463E-11  6.269008E-11  6.273621E-11  6.272441E-11  6.273693E-11  6.270010E-11  6.232566E-11  6.237930E-11  6.275588E-11  6.238538E-11  6.233567E-11  6.251376E-11  6.258744E-11  6.263322E-11  6.265181E-11
0.000000E+00  5.200183E-09  5.219011E-09  5.237537E-09  5.217241E-09  5.199825E-09  5.215060E-09  5.220889E-09  5.224734E-09  5.224090E-09  5.225038E-09  5.221747E-09  5.189936E-09  5.194603E-09  5.226378E-09  5.195301E-09  5.191063E-09  5.205672E-09  5.211859E-09  5.215972E-09  5.217527E-09
Gas           Ref
0.000000E+00  -1.129998E-13 -1.129569E-13 -1.129569E-13 -1.131035E-13 -1.130177E-13 -1.128925E-13 -1.129640E-13 -1.128174E-13 -1.127459E-13 -1.129962E-13 -1.130499E-13 -1.131428E-13 -1.131714E-13 -1.131250E-13 -1.129676E-13 -1.130034E-13 -1.128710E-13 -1.129283E-13 -1.128532E-13 -1.129247E-13
0.000000E+00  -3.442171E-14 -3.442887E-14 -3.450755E-14 -3.445748E-14 -3.450039E-14 -3.476504E-14 -3.468636E-14 -3.442171E-14 -3.432158E-14 -3.451827E-14 -3.450039E-14 -3.441098E-14 -3.457192E-14 -3.465060E-14 -3.446821E-14 -3.445748E-14 -3.474001E-14 -3.471497E-14 -3.465775E-14 -3.444317E-14
0.000000E+00  1.884772E-13  1.880373E-13  1.886811E-13  1.892926E-13  1.891245E-13  1.876869E-13  1.875903E-13  1.884808E-13  1.886417E-13  1.886203E-13  1.884379E-13  1.884772E-13  1.875402E-13  1.871468E-13  1.881196E-13  1.879443E-13  1.871540E-13  1.873543E-13  1.879086E-13  1.882948E-13
0.000000E+00  2.138770E-11  2.142518E-11  2.150876E-11  2.153362E-11  2.147768E-11  2.136653E-11  2.140974E-11  2.150461E-11  2.151620E-11  2.150518E-11  2.149828E-11  2.148841E-11  2.133610E-11  2.136893E-11  2.149049E-11  2.133556E-11  2.135148E-11  2.140845E-11  2.146846E-11  2.146796E-11
0.000000E+00  6.121129E-11  6.130570E-11  6.154745E-11  6.162434E-11  6.146806E-11  6.114727E-11  6.126493E-11  6.153244E-11  6.156033E-11  6.154352E-11  6.153280E-11  6.150096E-11  6.107002E-11  6.114512E-11  6.150561E-11  6.107610E-11  6.109434E-11  6.126993E-11  6.143910E-11  6.143230E-11
0.000000E+00  5.122845E-09  5.130856E-09  5.151759E-09  5.158215E-09  5.145519E-09  5.117481E-09  5.127459E-09  5.150687E-09  5.153369E-09  5.151437E-09  5.150096E-09  5.147951E-09  5.111026E-09  5.117284E-09  5.147861E-09  5.111634E-09  5.112993E-09  5.127655E-09  5.142354E-09  5.141889E-09
Gas           Sam
0.000000E+00  -1.102925E-13 -1.100780E-13 -1.099850E-13 -1.098455E-13 -1.097311E-13 -1.097489E-13 -1.098991E-13 -1.100100E-13 -1.098312E-13 -1.096274E-13 -1.096524E-13 -1.097704E-13 -1.096202E-13 -1.095594E-13 -1.094092E-13 -1.094056E-13 -1.093520E-13 -1.093842E-13 -1.095415E-13 -1.095022E-13
0.000000E+00  -3.369573E-14 -3.349546E-14 -3.340605E-14 -3.344539E-14 -3.356698E-14 -3.349546E-14 -3.338459E-14 -3.314856E-14 -3.308419E-14 -3.328088E-14 -3.318790E-14 -3.315929E-14 -3.324512E-14 -3.334168E-14 -3.324154E-14 -3.334525E-14 -3.349903E-14 -3.335241E-14 -3.341320E-14 -3.324870E-14
0.000000E+00  1.989808E-13  1.989951E-13  1.995494E-13  2.002825E-13  2.001109E-13  2.004721E-13  2.004971E-13  2.008333E-13  2.006974E-13  2.004470E-13  2.010479E-13  2.010228E-13  2.011051E-13  2.006938E-13  2.004613E-13  2.006902E-13  2.008655E-13  2.009513E-13  2.008333E-13  2.010836E-13
0.000000E+00  2.171536E-11  2.174651E-11  2.176243E-11  2.177355E-11  2.177720E-11  2.177874E-11  2.177616E-11  2.177695E-11  2.177813E-11  2.177130E-11  2.177534E-11  2.176397E-11  2.176425E-11  2.170535E-11  2.169816E-11  2.170135E-11  2.170796E-11  2.171225E-11  2.171973E-11  2.172527E-11
0.000000E+00  6.196731E-11  6.205565E-11  6.210321E-11  6.213290E-11  6.214148E-11  6.214148E-11  6.214148E-11  6.215507E-11  6.215614E-11  6.213218E-11  6.213575E-11  6.211215E-11  6.211037E-11  6.195086E-11  6.191474E-11  6.192905E-11  6.194943E-11  6.196302E-11  6.197876E-11  6.198984E-11
0.000000E+00  5.160056E-09  5.167907E-09  5.171680E-09  5.174594E-09  5.175345E-09  5.175041E-09  5.175220E-09  5.176346E-09  5.175971E-09  5.174791E-09  5.174755E-09  5.173038E-09  5.172609E-09  5.159002E-09  5.155747E-09  5.157535E-09  5.159305E-09  5.160164E-09  5.161773E-09  5.163061E-09
Gas           Ref
0.000000E+00  -1.131786E-13 -1.130606E-13 -1.131393E-13 -1.131786E-13 -1.130642E-13 -1.129998E-13 -1.130713E-13 -1.132787E-13 -1.131571E-13 -1.131464E-13 -1.130534E-13 -1.130034E-13 -1.130320E-13 -1.129748E-13 -1.130570E-13 -1.130713E-13 -1.129497E-13 -1.130606E-13 -1.131679E-13 -1.130034E-13
0.000000E+00  -3.463272E-14 -3.474358E-14 -3.471497E-14 -3.479007E-14 -3.496531E-14 -3.496888E-14 -3.482941E-14 -3.475073E-14 -3.468278E-14 -3.478649E-14 -3.495101E-14 -3.499034E-14 -3.489736E-14 -3.463629E-14 -3.468636E-14 -3.472928E-14 -3.460768E-14 -3.478292E-14 -3.489021E-14 -3.471139E-14
0.000000E+00  1.858916E-13  1.861348E-13  1.859452E-13  1.851513E-13  1.842715E-13  1.841213E-13  1.840390E-13  1.845755E-13  1.852192E-13  1.856913E-13  1.850082E-13  1.842894E-13  1.851370E-13  1.850082E-13  1.839961E-13  1.844146E-13  1.849546E-13  1.852371E-13  1.851870E-13  1.852621E-13
0.000000E+00  2.125631E-11  2.124877E-11  2.125599E-11  2.110318E-11  2.115346E-11  2.112016E-11  2.111980E-11  2.118128E-11  2.123990E-11  2.123671E-11  2.107825E-11  2.110554E-11  2.123342E-11  2.112338E-11  2.109770E-11  2.114781E-11  2.117173E-11  2.118464E-11  2.118468E-11  2.119573E-11
0.000000E+00  6.083577E-11  6.081611E-11  6.083756E-11  6.041056E-11  6.053251E-11  6.045526E-11  6.044740E-11  6.060940E-11  6.080037E-11  6.078750E-11  6.033546E-11  6.039411E-11  6.076568E-11  6.046241E-11  6.037408E-11  6.053179E-11  6.059223E-11  6.063371E-11  6.063050E-11  6.065768E-11
0.000000E+00  5.091785E-09  5.090390E-09  5.091767E-09  5.056040E-09  5.065839E-09  5.059849E-09  5.059009E-09  5.072742E-09  5.088799E-09  5.087708E-09  5.049657E-09  5.054574E-09  5.086367E-09  5.060761E-09  5.052410E-09  5.066090E-09  5.071114E-09  5.074637E-09  5.075031E-09  5.076640E-09
Gas           Sam
0.000000E+00  -1.102246E-13 -1.102925E-13 -1.100708E-13 -1.101102E-13 -1.099957E-13 -1.098026E-13 -1.096381E-13 -1.096166E-13 -1.098634E-13 -1.098634E-13 -1.097382E-13 -1.096595E-13 -1.097704E-13 -1.096452E-13 -1.096059E-13 -1.096631E-13 -1.094950E-13 -1.093949E-13 -1.093019E-13 -1.095165E-13
0.000000E+00  -3.352764E-14 -3.369573E-14 -3.357414E-14 -3.341678E-14 -3.351692E-14 -3.361348E-14 -3.353837E-14 -3.357414E-14 -3.344181E-14 -3.344539E-14 -3.352407E-14 -3.357414E-14 -3.366712E-14 -3.359917E-14 -3.355983E-14 -3.366712E-14 -3.374937E-14 -3.370646E-14 -3.372792E-14 -3.371719E-14
0.000000E+00  1.966633E-13  1.959517E-13  1.965382E-13  1.972999E-13  1.967742E-13  1.963701E-13  1.968457E-13  1.976969E-13  1.978363E-13  1.974894E-13  1.968779E-13  1.973679E-13  1.979258E-13  1.982655E-13  1.980438E-13  1.969029E-13  1.973214E-13  1.983120E-13  1.975002E-13  1.971497E-13
0.000000E+00  2.145079E-11  2.144196E-11  2.154896E-11  2.157192E-11  2.141170E-11  2.144686E-11  2.152707E-11  2.156241E-11  2.156141E-11  2.148613E-11  2.141084E-11  2.153172E-11  2.155171E-11  2.154857E-11  2.145994E-11  2.139003E-11  2.148559E-11  2.150511E-11  2.137351E-11  2.142157E-11
0.000000E+00  6.122201E-11  6.118303E-11  6.148666E-11  6.155926E-11  6.111366E-11  6.118839E-11  6.142908E-11  6.153923E-11  6.152565E-11  6.133288E-11  6.109541E-11  6.143838E-11  6.150025E-11  6.148773E-11  6.125206E-11  6.104928E-11  6.130320E-11  6.138617E-11  6.100136E-11  6.113654E-11
0.000000E+00  5.098991E-09  5.094861E-09  5.120628E-09  5.126940E-09  5.088996E-09  5.095630E-09  5.115425E-09  5.125134E-09  5.123990E-09  5.107485E-09  5.087762E-09  5.116032E-09  5.121808E-09  5.120699E-09  5.100923E-09  5.083524E-09  5.105036E-09  5.112152E-09  5.079054E-09  5.090838E-09
Gas           Ref
0.000000E+00  -1.131393E-13 -1.130141E-13 -1.129640E-13 -1.127745E-13 -1.127995E-13 -1.128639E-13 -1.129175E-13 -1.130212E-13 -1.130391E-13 -1.130105E-13 -1.129998E-13 -1.131893E-13 -1.132609E-13 -1.131214E-13 -1.129926E-13 -1.130606E-13 -1.132895E-13 -1.131857E-13 -1.130463E-13 -1.129855E-13
0.000000E+00  -3.498677E-14 -3.497962E-14 -3.500465E-14 -3.514055E-14 -3.528718E-14 -3.538731E-14 -3.536585E-14 -3.506545E-14 -3.528718E-14 -3.534797E-14 -3.494385E-14 -3.512267E-14 -3.509763E-14 -3.529075E-14 -3.520492E-14 -3.519062E-14 -3.519062E-14 -3.524784E-14 -3.512624E-14 -3.493312E-14
0.000000E+00  1.832272E-13  1.829984E-13  1.824798E-13  1.824977E-13  1.813461E-13  1.813175E-13  1.815965E-13  1.822366E-13  1.818146E-13  1.817932E-13  1.820506E-13  1.822724E-13  1.822294E-13  1.814749E-13  1.816680E-13  1.826264E-13  1.826693E-13  1.824083E-13  1.813747E-13  1.809134E-13
0.000000E+00  2.101545E-11  2.096642E-11  2.093377E-11  2.094782E-11  2.084461E-11  2.086421E-11  2.092604E-11  2.095455E-11  2.089775E-11  2.090737E-11  2.093126E-11  2.094196E-11  2.087866E-11  2.081564E-11  2.091513E-11  2.096316E-11  2.094961E-11  2.092858E-11  2.078253E-11  2.082980E-11
0.000000E+00  6.014984E-11  6.001145E-11  5.990737E-11  5.996209E-11  5.966311E-11  5.971747E-11  5.988556E-11  5.998641E-11  5.980545E-11  5.984944E-11  5.990308E-11  5.994278E-11  5.977648E-11  5.957907E-11  5.984407E-11  6.000000E-11  5.996817E-11  5.990559E-11  5.949110E-11  5.960124E-11
0.000000E+00  5.034136E-09  5.022674E-09  5.014037E-09  5.018579E-09  4.992865E-09  4.997407E-09  5.012016E-09  5.020921E-09  5.005168E-09  5.008744E-09  5.013644E-09  5.016916E-09  5.003219E-09  4.985587E-09  5.008583E-09  5.021744E-09  5.019205E-09  5.013983E-09  4.979061E-09  4.987787E-09
Gas           Sam
0.000000E+00  -1.104392E-13 -1.103033E-13 -1.103068E-13 -1.102317E-13 -1.099814E-13 -1.101638E-13 -1.099957E-13 -1.099957E-13 -1.096917E-13 -1.096703E-13 -1.096059E-13 -1.095701E-13 -1.095022E-13 -1.096703E-13 -1.098634E-13 -1.099063E-13 -1.096917E-13 -1.096488E-13 -1.094628E-13 -1.092840E-13
0.000000E+00  -3.406051E-14 -3.408197E-14 -3.389600E-14 -3.368858E-14 -3.384951E-14 -3.391746E-14 -3.391746E-14 -3.392104E-14 -3.376010E-14 -3.367785E-14 -3.397468E-14 -3.399256E-14 -3.373864E-14 -3.377798E-14 -3.413919E-14 -3.399256E-14 -3.395680E-14 -3.389958E-14 -3.398541E-14 -3.391746E-14
0.000000E+00  1.946320E-13  1.939990E-13  1.933553E-13  1.944675E-13  1.947822E-13  1.939597E-13  1.936843E-13  1.943602E-13  1.951005E-13  1.952328E-13  1.949610E-13  1.940491E-13  1.946749E-13  1.954653E-13  1.944675E-13  1.945962E-13  1.950397E-13  1.954724E-13  1.952185E-13  1.945533E-13
0.000000E+00  2.136296E-11  2.121930E-11  2.125553E-11  2.135498E-11  2.133860E-11  2.119258E-11  2.122892E-11  2.131364E-11  2.133771E-11  2.133377E-11  2.120117E-11  2.119294E-11  2.131614E-11  2.126078E-11  2.116880E-11  2.122119E-11  2.125499E-11  2.130495E-11  2.118825E-11  2.116669E-11
0.000000E+00  6.096488E-11  6.057149E-11  6.064051E-11  6.094092E-11  6.090230E-11  6.049067E-11  6.057614E-11  6.082326E-11  6.089479E-11  6.087762E-11  6.051892E-11  6.047064E-11  6.082183E-11  6.070167E-11  6.041521E-11  6.056147E-11  6.066197E-11  6.079894E-11  6.048959E-11  6.039517E-11
0.000000E+00  5.077319E-09  5.043523E-09  5.050086E-09  5.075477E-09  5.071919E-09  5.036728E-09  5.043881E-09  5.064999E-09  5.072116E-09  5.069827E-09  5.039750E-09  5.035459E-09  5.065106E-09  5.054896E-09  5.030560E-09  5.043166E-09  5.051517E-09  5.063336E-09  5.037444E-09  5.029308E-09
Gas           Ref
0.000000E+00  -1.129533E-13 -1.129461E-13 -1.130356E-13 -1.130427E-13 -1.130356E-13 -1.129712E-13 -1.130177E-13 -1.129461E-13 -1.130785E-13 -1.130963E-13 -1.129891E-13 -1.129748E-13 -1.130391E-13 -1.131464E-13 -1.131285E-13 -1.129211E-13 -1.130856E-13 -1.129676E-13 -1.130534E-13 -1.131679E-13
0.000000E+00  -3.535870E-14 -3.537301E-14 -3.539446E-14 -3.562692E-14 -3.549460E-14 -3.541950E-14 -3.546241E-14 -3.541950E-14 -3.556255E-14 -3.548744E-14 -3.528002E-14 -3.533367E-14 -3.555897E-14 -3.543738E-14 -3.547672E-14 -3.546957E-14 -3.541235E-14 -3.555540E-14 -3.564123E-14 -3.568772E-14
0.000000E+00  1.790287E-13  1.794829E-13  1.795830E-13  1.788856E-13  1.789429E-13  1.796009E-13  1.798977E-13  1.795472E-13  1.780881E-13  1.784779E-13  1.794256E-13  1.795222E-13  1.796760E-13  1.794686E-13  1.782097E-13  1.786567E-13  1.794113E-13  1.798012E-13  1.793470E-13  1.781132E-13
0.000000E+00  2.068818E-11  2.072023E-11  2.072348E-11  2.060403E-11  2.065213E-11  2.074179E-11  2.074215E-11  2.064005E-11  2.059960E-11  2.067384E-11  2.072144E-11  2.071315E-11  2.071561E-11  2.066519E-11  2.055854E-11  2.064906E-11  2.070639E-11  2.070002E-11  2.066583E-11  2.053895E-11
0.000000E+00  5.921465E-11  5.929261E-11  5.932623E-11  5.896646E-11  5.909234E-11  5.935483E-11  5.936915E-11  5.909592E-11  5.895394E-11  5.915564E-11  5.931908E-11  5.928760E-11  5.929941E-11  5.916243E-11  5.884629E-11  5.909914E-11  5.927151E-11  5.924505E-11  5.916923E-11  5.878907E-11
0.000000E+00  4.955779E-09  4.962843E-09  4.965543E-09  4.934965E-09  4.945891E-09  4.967831E-09  4.968922E-09  4.945873E-09  4.933803E-09  4.950826E-09  4.964899E-09  4.962056E-09  4.963021E-09  4.951738E-09  4.924898E-09  4.945873E-09  4.960572E-09  4.959051E-09  4.952364E-09  4.919480E-09
 Gas          
0.000000E+00  0.000000E+00  0.000000E+00  0.000000E+00  0.000000E+00  0.000000E+00  0.000000E+00  0.000000E+00  0.000000E+00  0.000000E+00  0.000000E+00  0.000000E+00  0.000000E+00  0.000000E+00  0.000000E+00  0.000000E+00  0.000000E+00  0.000000E+00  0.000000E+00  0.000000E+00  0.000000E+00
0.000000E+00  0.000000E+00  0.000000E+00  0.000000E+00  0.000000E+00  0.000000E+00  0.000000E+00  0.000000E+00  0.000000E+00  0.000000E+00  0.000000E+00  0.000000E+00  0.000000E+00  0.000000E+00  0.000000E+00  0.000000E+00  0.000000E+00  0.000000E+00  0.000000E+00  0.000000E+00  0.000000E+00
0.000000E+00  0.000000E+00  0.000000E+00  0.000000E+00  0.000000E+00  0.000000E+00  0.000000E+00  0.000000E+00  0.000000E+00  0.000000E+00  0.000000E+00  0.000000E+00  0.000000E+00  0.000000E+00  0.000000E+00  0.000000E+00  0.000000E+00  0.000000E+00  0.000000E+00  0.000000E+00  0.000000E+00
0.000000E+00  0.000000E+00  0.000000E+00  0.000000E+00  0.000000E+00  0.000000E+00  0.000000E+00  0.000000E+00  0.000000E+00  0.000000E+00  0.000000E+00  0.000000E+00  0.000000E+00  0.000000E+00  0.000000E+00  0.000000E+00  0.000000E+00  0.000000E+00  0.000000E+00  0.000000E+00  0.000000E+00
0.000000E+00  0.000000E+00  0.000000E+00  0.000000E+00  0.000000E+00  0.000000E+00  0.000000E+00  0.000000E+00  0.000000E+00  0.000000E+00  0.000000E+00  0.000000E+00  0.000000E+00  0.000000E+00  0.000000E+00  0.000000E+00  0.000000E+00  0.000000E+00  0.000000E+00  0.000000E+00  0.000000E+00
0.000000E+00  0.000000E+00  0.000000E+00  0.000000E+00  0.000000E+00  0.000000E+00  0.000000E+00  0.000000E+00  0.000000E+00  0.000000E+00  0.000000E+00  0.000000E+00  0.000000E+00  0.000000E+00  0.000000E+00  0.000000E+00  0.000000E+00  0.000000E+00  0.000000E+00  0.000000E+00  0.000000E+00
End of Analysis
"H3 factor",13.13339
"Linearity factor (0)",52.88039
"Linearity factor (1)",18.00761
"Linearity factor (2)",-.1321419
"Linearity factor (3)",9.804096E-04
"Linearity factor (4)",-7.965973E-02
"Linearity factor (5)",0
"Collector Gains :",500,5000,5000,5000,500,500,50,500,1,5
"Number of deflectors available : ",33
"Source HT",8000
"Extraction V",780
"H Defl",310
"Trap",850
"Trap Voltage",24
"Repeller",4
"Filament V",-110
"Delta HP",19
"Z Lens",110
"Delta Z",130
"Max Current",3.5
"Heater Current",1
"Quad 1",120
"Cubic 1",50
"Lin 1",0
"Deflect 1 I",5
"Deflect 1 O",5
"Offset 1",0
"Offset 2",0
"Quad 2",-620
"Cubic 2",0
"Lin 2",0
"Q1 I Cor",0
"Q1 O Cor",0
"Suppressor",-100
"Mop Plate",-15
"ESA H1",790
"ESA H1 delta",0
"ESA H2",800
"ESA H2 delta",0
"ESA H3",820
"ESA H3 delta",0
"ESA HD",0
"ESA HD delta",0
"Batch Started: ","13:02:19 15:29:56"
"Data File: ","C:\Nu Stable\Results\2019\201902013 standard PD4 BSS WNI ZE NTA\Data_9290 PD4 144.0.txt"
"Sample Name: ","PD4 144.0"
"Sample Weight: ",60
"Sample Type: ","Sam"
"Vial Number: ",13
"Sam Beam First CO: ","5.315641e-09"
"Sam Beam Last CO: ","5.048673e-09"
"Ref Beam First CO: ","5.321269e-09"
"Ref Beam Second CO: ","5.256708e-09"
"Ref BeamLast CO: ","4.947664e-09"
"Sam Depletion: ","5 %"
"Ref Depletion: ","7 %"
"Observed CP Temperature: ",70.341
"Std Dev: ","0.000e00"
"Min: ","70.341"
"Max: ","70.341"
"Ave Started: ","13:02:19 22:43:49"
"Ave Stopped: ","13:02:19 22:47:25"
"Num: ",7
"Current Mass: ",46.0319
"Method File Name","C:\Nu Stable\Analyses\DI\040216 12-12-20 6 collectors.rdf"
"Version 6"
"Analysis Type","DI"
"Analysis Calculation Routine ","Clumped CO2 Iterative"
"Gas ID ","CO2"
"Ref Gas Identifier ","AirLiquide01"
"Centring collector ",8
"Num of Ref/Sam cycles ",6
"Cycles length(secs) ",20
"C/O valve stabilisation time ",12
"Offset for zero measurement(amu) ",0
"Zero measurement time ",20
"Spare",0
"Spare",0
0
-1
-1
-1
-1
0
-1
0
-1
0
"Num Clumped Blocks","1"
"Do zero at start of block",#FALSE#
"Balance beams",#FALSE#
"Mag Hysteresis Offset",.001
"Apply Hysteresis Offset",#FALSE#
"Target Beam (A) ",.00000005
"Use CF with Bellows ",#FALSE#
"DI Auto Gas balancing: ","True"
"Pirani pressure",3.398285E-02
"Cold finger status","CF"
"Inlet transducer pressure",.4881771
"Sample operations:  InitialisePrepSampleRun; CheckIfCFRequired; UseCF; SampleTrapped; BalanceRefToSamValue; DepletingBalance; SampleReady;"
"Number of sample chops",0
"Number of sample double chops",0
"Run from bellows",#FALSE#
"Max sample pump-over pressure (mBar)","0.000000e00"
"Max sample pump-over pressure (raw)",0
"Pre-balance Sam Beam","5.516069e-09"
"Min ref beam","2.889779e-09"
"Max ref beam","1.722221e-08"
"Ref bellows position",4933
"Sam bellows position",8449
"Balance %",.1409563
"Initial Sam Beam","5.744403e-09"
"Final Ref Beam","5.505579e-09"
"Final Sam Beam","5.513340e-09"
"Pre-depleted Ref Beam",5.514269E-09
"InletPiraniPressure",3.398285E-02
"Depletion Factor",.96
"Balance End","13/02/19 23:26:58"
"Water Trap Temperature Hot",-195.1766
"Water Trap Temperature Cold",-195.1766
"DP Version",25
"Num Gas Cycles ",1
"UseFrontHeightThreshold(1)",#TRUE#
"FrontHeightThreshold(1)",2
"UseBackHeightThreshold(1)",#TRUE#
"BackHeightThreshold(1)",2.7
"UsePeakWidthLimit(1)",#FALSE#
"PeakWidthLimit(1)",6
"RefGasFrontHeightThreshold(1)",40
"RefGasBackHeightThreshold(1)",10
"Measure_Elemental_Comp",#TRUE#
"Use_TCD_For_Elem_Calcs",#FALSE#
"Sample_Name","PD4 144.0"
"Sample_Type","Sam"
"Sample_Weight",60
"Sample_Vial",13
"Standard_Type",""
"NoAnalysisCycles",1
"Gas1","CO2"
"Ref Gas1","AirLiquide01"
"Analysis_Routine1","Clumped CO2 Iterative"
"ZeroWidth1",10
"NoZeros1",1
"ZeroTime1",10
"Delta wrt Std 1",#FALSE#
"AllowLinearityCorrection",#FALSE#
"Num Collectors",6
"LinearityFactor(Cent)",52880.39
"LinearityFactor(Low2)",18007.61
"LinearityFactor(Low4)",-132.1419
"LinearityFactor()",.9804096
"LinearityFactor()",-79.65973
"LinearityFactor()",0
"UseH3Factor",#FALSE#
"H3Factor",0
"Axial Mass",46
"Anal Start",0
"Anal End",0
"Calc Linearity Correction from Ref Peaks",#FALSE#
"Temperature",25
"Std Temperature",25
"A_Factor",1.01025
"K_Factor",.04
"TemperatureCorrectionEnabled",#FALSE#
"GC ZeroMethod","Lowest Peak Limit"
"GC AllowZeroToCutPoints",#FALSE#
"GC UseIsotopicShift",#TRUE#
"GC InterpolatePeakHeight",#TRUE#
"GC NumZeroPoints",10
"GC Min Peak Height",.0000000001
"GC No UserPeaks",0
"SmoothingInterval",10
"DropFactor",1
"GradientRejectfactor",10
"SectionSize",100
"BackgroundStartTime",1
"CutOffTime",1000
"UseNewBackgroundCalcn",#FALSE#
"GC Label File","None.lab"
"GC No User Defined Background Points",0
"GC No Auto-detected Peaks to be Removed",0
"GC No Auto-calculated Background Points to Remove",0
"GC Std Peak In Sample",#FALSE#
"GC Std Peak Time",0
"Max Gap For Grouping EA Ref Pulses",20
"Group EA Ref Peaks",#FALSE#
"Use Defined Peak Limits (1)",#FALSE#
"Peak Start (1)",0
"Peak End (1)",0
"DP Version",25
"Num Gas Cycles ",1
"UseFrontHeightThreshold(1)",#TRUE#
"FrontHeightThreshold(1)",2
"UseBackHeightThreshold(1)",#TRUE#
"BackHeightThreshold(1)",2.7
"UsePeakWidthLimit(1)",#FALSE#
"PeakWidthLimit(1)",6
"RefGasFrontHeightThreshold(1)",40
"RefGasBackHeightThreshold(1)",10
"Measure_Elemental_Comp",#TRUE#
"Use_TCD_For_Elem_Calcs",#FALSE#
"Sample_Name","PD4 144.0"
"Sample_Type","Sam"
"Sample_Weight",60
"Sample_Vial",13
"Standard_Type",""
"NoAnalysisCycles",1
"Gas1","CO2"
"Ref Gas1","AirLiquide01"
"Analysis_Routine1","Clumped CO2 Iterative"
"ZeroWidth1",10
"NoZeros1",1
"ZeroTime1",10
"Delta wrt Std 1",#FALSE#
"AllowLinearityCorrection",#FALSE#
"Num Collectors",6
"LinearityFactor(Cent)",52880.39
"LinearityFactor(Low2)",18007.61
"LinearityFactor(Low4)",-132.1419
"LinearityFactor()",.9804096
"LinearityFactor()",-79.65973
"LinearityFactor()",0
"UseH3Factor",#FALSE#
"H3Factor",0
"Axial Mass",46
"Anal Start",0
"Anal End",0
"Calc Linearity Correction from Ref Peaks",#FALSE#
"Temperature",25
"Std Temperature",25
"A_Factor",1.01025
"K_Factor",.04
"TemperatureCorrectionEnabled",#FALSE#
"GC ZeroMethod","Lowest Peak Limit"
"GC AllowZeroToCutPoints",#FALSE#
"GC UseIsotopicShift",#TRUE#
"GC InterpolatePeakHeight",#TRUE#
"GC NumZeroPoints",10
"GC Min Peak Height",.0000000001
"GC No UserPeaks",0
"SmoothingInterval",10
"DropFactor",1
"GradientRejectfactor",10
"SectionSize",100
"BackgroundStartTime",1
"CutOffTime",1000
"UseNewBackgroundCalcn",#FALSE#
"GC Label File","None.lab"
"GC No User Defined Background Points",0
"GC No Auto-detected Peaks to be Removed",0
"GC No Auto-calculated Background Points to Remove",0
"GC Std Peak In Sample",#FALSE#
"GC Std Peak Time",0
"Max Gap For Grouping EA Ref Pulses",20
"Group EA Ref Peaks",#FALSE#
"Use Defined Peak Limits (1)",#FALSE#
"Peak Start (1)",0
"Peak End (1)",0
"End of Data file"


