"Clumped CO2 Iterative Analysis,         Data File Version 10"
"Started analysis at 1:12:41 AM on the Thursday, February 14, 2019"
"UTC FileTimeLow",1251807872," UTC FileTimeHigh",30721068
"Time Zone ","Eastern Daylight Time"
"CO Disabled",#FALSE#
"Persective Instrument","PS019"
"User logged in",#FALSE#
"Software Version","Stable 1.69.5"
"Axial Mass is :",46
"No_C_O_Cycles",6
"Num Blocks",1
0
-1
-1
-1
-1
0
-1
0
-1
0
"Sample Name is ","PD4 148 L BROWN"
Zero Data
-1.127791280774E-13, -5.803823066130E-14, -6.165546012919E-14, -3.412309582167E-14, 1.098991503270E-13, 4.058186143900E-12, Measured at start of run
Individual Data
No_C_O_Cycles                6 
Cycle_Length   20 
Zero_Measurement_Length      20 
Axial_Mass     46 
 Gas          Bla
0.000000E+00  -1.128782E-13 -1.127888E-13 -1.126636E-13 -1.127888E-13 -1.128925E-13 -1.126600E-13 -1.126350E-13 -1.126994E-13 -1.127852E-13 -1.127888E-13 -1.128675E-13 -1.128424E-13 -1.129318E-13 -1.129283E-13 -1.127959E-13 -1.126064E-13 -1.127065E-13 -1.128532E-13 -1.127494E-13 -1.127208E-13
0.000000E+00  -5.798584E-14 -5.804663E-14 -5.804306E-14 -5.796080E-14 -5.799657E-14 -5.803233E-14 -5.801802E-14 -5.812173E-14 -5.807882E-14 -5.800372E-14 -5.805379E-14 -5.802876E-14 -5.794650E-14 -5.817180E-14 -5.803591E-14 -5.801087E-14 -5.800372E-14 -5.801445E-14 -5.820399E-14 -5.800730E-14
0.000000E+00  -6.158715E-14 -6.153351E-14 -6.154423E-14 -6.150132E-14 -6.173020E-14 -6.179100E-14 -6.174451E-14 -6.170517E-14 -6.179816E-14 -6.181604E-14 -6.161219E-14 -6.160861E-14 -6.158715E-14 -6.160504E-14 -6.160861E-14 -6.169087E-14 -6.185180E-14 -6.166226E-14 -6.162649E-14 -6.150490E-14
0.000000E+00  -3.315213E-14 -3.383163E-14 -3.343824E-14 -3.422502E-14 -3.415349E-14 -3.376010E-14 -3.408197E-14 -3.411773E-14 -3.415349E-14 -3.422502E-14 -3.408197E-14 -3.440384E-14 -3.401044E-14 -3.436807E-14 -3.422502E-14 -3.443960E-14 -3.397468E-14 -3.461841E-14 -3.451112E-14 -3.468994E-14
0.000000E+00  1.122953E-13  1.105071E-13  1.112224E-13  1.094342E-13  1.108647E-13  1.108647E-13  1.119376E-13  1.105071E-13  1.097919E-13  1.105071E-13  1.105071E-13  1.083614E-13  1.080037E-13  1.087190E-13  1.097919E-13  1.083614E-13  1.080037E-13  1.083614E-13  1.097919E-13  1.101495E-13
0.000000E+00  4.255776E-12  4.255776E-12  4.166369E-12  4.184250E-12  4.184250E-12  4.130606E-12  4.130606E-12  4.076961E-12  4.076961E-12  4.076961E-12  4.076961E-12  4.059080E-12  4.023317E-12  3.898147E-12  3.933910E-12  3.969673E-12  3.933910E-12  3.880266E-12  3.933910E-12  3.916029E-12
Gas           Ref
0.000000E+00  -1.122523E-13 -1.122023E-13 -1.122273E-13 -1.121236E-13 -1.122845E-13 -1.122631E-13 -1.123775E-13 -1.121093E-13 -1.120628E-13 -1.120485E-13 -1.120878E-13 -1.121844E-13 -1.123096E-13 -1.122523E-13 -1.120986E-13 -1.121915E-13 -1.122810E-13 -1.122631E-13 -1.121558E-13 -1.122130E-13
0.000000E+00  -1.989486E-14 -1.988055E-14 -2.008440E-14 -2.015235E-14 -2.048852E-14 -2.047064E-14 -2.022745E-14 -2.033474E-14 -2.045633E-14 -2.045276E-14 -2.024891E-14 -2.045633E-14 -2.033474E-14 -2.032759E-14 -2.029898E-14 -2.019884E-14 -2.044203E-14 -2.058866E-14 -2.033832E-14 -2.025249E-14
0.000000E+00  3.393928E-13  3.392855E-13  3.393713E-13  3.389851E-13  3.376404E-13  3.367570E-13  3.370431E-13  3.382376E-13  3.369215E-13  3.369251E-13  3.373435E-13  3.379300E-13  3.380302E-13  3.384450E-13  3.384307E-13  3.382233E-13  3.372076E-13  3.365568E-13  3.369537E-13  3.368894E-13
0.000000E+00  3.438778E-11  3.438974E-11  3.438277E-11  3.435566E-11  3.417130E-11  3.419702E-11  3.424816E-11  3.424559E-11  3.417245E-11  3.424344E-11  3.427455E-11  3.428982E-11  3.429915E-11  3.429815E-11  3.430580E-11  3.430170E-11  3.409728E-11  3.411834E-11  3.420152E-11  3.417670E-11
0.000000E+00  9.828374E-11  9.828374E-11  9.828231E-11  9.819148E-11  9.766325E-11  9.774051E-11  9.787783E-11  9.788499E-11  9.766719E-11  9.785674E-11  9.795007E-11  9.799657E-11  9.803376E-11  9.802017E-11  9.804377E-11  9.805021E-11  9.747336E-11  9.749804E-11  9.774515E-11  9.767220E-11
0.000000E+00  8.228793E-09  8.228024E-09  8.228256E-09  8.221551E-09  8.175703E-09  8.182569E-09  8.193513E-09  8.194532E-09  8.175918E-09  8.192422E-09  8.200146E-09  8.204188E-09  8.207049E-09  8.206102E-09  8.208533E-09  8.208622E-09  8.159734E-09  8.162042E-09  8.182855E-09  8.176472E-09
Gas           Sam
0.000000E+00  -1.087440E-13 -1.086618E-13 -1.084972E-13 -1.083971E-13 -1.084150E-13 -1.082719E-13 -1.082862E-13 -1.082934E-13 -1.082004E-13 -1.082612E-13 -1.081253E-13 -1.081039E-13 -1.080538E-13 -1.080502E-13 -1.080216E-13 -1.078678E-13 -1.079036E-13 -1.080323E-13 -1.078642E-13 -1.077140E-13
0.000000E+00  -1.911165E-14 -1.901867E-14 -1.891138E-14 -1.861455E-14 -1.862885E-14 -1.881840E-14 -1.891853E-14 -1.890780E-14 -1.888277E-14 -1.889350E-14 -1.896145E-14 -1.895787E-14 -1.890780E-14 -1.885058E-14 -1.880767E-14 -1.884701E-14 -1.882197E-14 -1.886131E-14 -1.885774E-14 -1.886131E-14
0.000000E+00  3.498963E-13  3.494600E-13  3.493384E-13  3.504470E-13  3.513053E-13  3.501466E-13  3.501895E-13  3.511873E-13  3.521923E-13  3.507045E-13  3.504649E-13  3.515378E-13  3.522137E-13  3.509549E-13  3.509763E-13  3.517560E-13  3.519455E-13  3.518275E-13  3.523031E-13  3.518096E-13
0.000000E+00  3.454134E-11  3.447321E-11  3.449682E-11  3.460193E-11  3.454360E-11  3.445161E-11  3.449549E-11  3.456391E-11  3.457739E-11  3.442844E-11  3.446710E-11  3.455053E-11  3.457628E-11  3.440869E-11  3.444772E-11  3.452378E-11  3.452185E-11  3.452139E-11  3.455189E-11  3.442568E-11
0.000000E+00  9.851584E-11  9.832773E-11  9.838781E-11  9.868036E-11  9.853838E-11  9.826658E-11  9.837779E-11  9.858093E-11  9.862099E-11  9.818397E-11  9.829483E-11  9.853229E-11  9.863493E-11  9.813211E-11  9.823761E-11  9.844360E-11  9.845433E-11  9.846435E-11  9.854231E-11  9.820399E-11
0.000000E+00  8.204939E-09  8.188345E-09  8.193513E-09  8.217688E-09  8.207228E-09  8.182998E-09  8.192350E-09  8.209660E-09  8.213808E-09  8.176776E-09  8.185466E-09  8.205797E-09  8.214451E-09  8.172145E-09  8.181228E-09  8.198484E-09  8.198985E-09  8.200289E-09  8.206870E-09  8.178350E-09
Gas           Ref
0.000000E+00  -1.121129E-13 -1.122488E-13 -1.122953E-13 -1.122309E-13 -1.123167E-13 -1.123453E-13 -1.123382E-13 -1.122810E-13 -1.122595E-13 -1.122917E-13 -1.121629E-13 -1.119305E-13 -1.119591E-13 -1.120950E-13 -1.121164E-13 -1.119305E-13 -1.119448E-13 -1.121057E-13 -1.121129E-13 -1.121379E-13
0.000000E+00  -2.056720E-14 -2.069595E-14 -2.087476E-14 -2.076389E-14 -2.062442E-14 -2.057793E-14 -2.064588E-14 -2.050283E-14 -2.053859E-14 -2.084257E-14 -2.078535E-14 -2.093198E-14 -2.092840E-14 -2.077462E-14 -2.062442E-14 -2.050640E-14 -2.049925E-14 -2.072813E-14 -2.086403E-14 -2.066018E-14
0.000000E+00  3.326479E-13  3.325477E-13  3.321114E-13  3.331092E-13  3.336743E-13  3.335312E-13  3.318003E-13  3.319505E-13  3.324655E-13  3.323689E-13  3.319219E-13  3.320936E-13  3.325549E-13  3.330270E-13  3.331485E-13  3.330448E-13  3.324798E-13  3.312388E-13  3.312424E-13  3.316286E-13
0.000000E+00  3.390044E-11  3.376672E-11  3.381142E-11  3.387930E-11  3.391427E-11  3.387276E-11  3.374719E-11  3.377820E-11  3.384994E-11  3.377423E-11  3.372033E-11  3.378556E-11  3.382930E-11  3.385173E-11  3.385416E-11  3.385444E-11  3.375645E-11  3.367001E-11  3.373350E-11  3.373014E-11
0.000000E+00  9.688614E-11  9.651491E-11  9.663866E-11  9.682820E-11  9.693227E-11  9.683499E-11  9.645090E-11  9.653887E-11  9.675059E-11  9.654030E-11  9.637472E-11  9.654066E-11  9.669230E-11  9.672949E-11  9.675309E-11  9.676847E-11  9.650490E-11  9.622952E-11  9.639725E-11  9.642229E-11
0.000000E+00  8.110454E-09  8.079340E-09  8.089872E-09  8.105840E-09  8.114548E-09  8.106949E-09  8.074100E-09  8.081521E-09  8.100333E-09  8.082075E-09  8.067520E-09  8.081807E-09  8.094539E-09  8.098509E-09  8.100047E-09  8.101567E-09  8.078571E-09  8.055844E-09  8.069541E-09  8.072473E-09
Gas           Sam
0.000000E+00  -1.088942E-13 -1.087762E-13 -1.086403E-13 -1.086224E-13 -1.084400E-13 -1.084651E-13 -1.083792E-13 -1.083470E-13 -1.085259E-13 -1.082791E-13 -1.080681E-13 -1.080395E-13 -1.081611E-13 -1.081575E-13 -1.079715E-13 -1.078428E-13 -1.078964E-13 -1.079322E-13 -1.079429E-13 -1.078678E-13
0.000000E+00  -1.920106E-14 -1.918675E-14 -1.915814E-14 -1.924755E-14 -1.936557E-14 -1.921894E-14 -1.912596E-14 -1.919748E-14 -1.918675E-14 -1.934053E-14 -1.940848E-14 -1.946213E-14 -1.925113E-14 -1.918675E-14 -1.935841E-14 -1.963379E-14 -1.945140E-14 -1.944425E-14 -1.937630E-14 -1.933338E-14
0.000000E+00  3.457085E-13  3.460411E-13  3.453580E-13  3.457728E-13  3.464738E-13  3.472820E-13  3.464666E-13  3.459838E-13  3.471926E-13  3.473035E-13  3.473500E-13  3.474716E-13  3.474430E-13  3.470746E-13  3.470853E-13  3.459981E-13  3.464309E-13  3.458015E-13  3.464631E-13  3.470031E-13
0.000000E+00  3.420092E-11  3.415811E-11  3.412202E-11  3.419920E-11  3.422459E-11  3.422198E-11  3.407492E-11  3.414401E-11  3.423200E-11  3.416998E-11  3.418347E-11  3.420578E-11  3.420835E-11  3.418629E-11  3.407710E-11  3.403269E-11  3.409649E-11  3.403419E-11  3.410493E-11  3.413543E-11
0.000000E+00  9.755561E-11  9.744153E-11  9.731207E-11  9.754560E-11  9.762177E-11  9.762106E-11  9.718690E-11  9.737001E-11  9.763715E-11  9.746334E-11  9.750626E-11  9.756849E-11  9.756741E-11  9.749661E-11  9.721729E-11  9.706601E-11  9.726414E-11  9.706923E-11  9.726486E-11  9.734926E-11
0.000000E+00  8.124240E-09  8.114423E-09  8.103891E-09  8.122703E-09  8.129462E-09  8.130391E-09  8.093234E-09  8.108290E-09  8.131733E-09  8.116641E-09  8.119788E-09  8.125348E-09  8.126225E-09  8.119770E-09  8.095308E-09  8.083184E-09  8.099546E-09  8.083471E-09  8.099796E-09  8.107253E-09
Gas           Ref
0.000000E+00  -1.120628E-13 -1.120521E-13 -1.121093E-13 -1.119484E-13 -1.120235E-13 -1.120735E-13 -1.121880E-13 -1.121665E-13 -1.120735E-13 -1.120413E-13 -1.120556E-13 -1.120700E-13 -1.121558E-13 -1.120950E-13 -1.120735E-13 -1.120235E-13 -1.120413E-13 -1.120378E-13 -1.121558E-13 -1.121844E-13
0.000000E+00  -2.113583E-14 -2.094271E-14 -2.103927E-14 -2.108934E-14 -2.107861E-14 -2.117874E-14 -2.102139E-14 -2.098920E-14 -2.092840E-14 -2.113225E-14 -2.122523E-14 -2.121808E-14 -2.119305E-14 -2.125742E-14 -2.106788E-14 -2.107145E-14 -2.111437E-14 -2.119662E-14 -2.125384E-14 -2.130749E-14
0.000000E+00  3.282777E-13  3.281561E-13  3.271583E-13  3.270689E-13  3.283349E-13  3.277734E-13  3.275445E-13  3.279737E-13  3.280273E-13  3.276303E-13  3.268007E-13  3.275588E-13  3.277162E-13  3.272691E-13  3.274515E-13  3.272549E-13  3.275481E-13  3.277484E-13  3.275052E-13  3.262284E-13
0.000000E+00  3.346899E-11  3.345487E-11  3.334143E-11  3.341131E-11  3.349946E-11  3.338756E-11  3.341274E-11  3.342436E-11  3.343055E-11  3.334576E-11  3.329311E-11  3.343277E-11  3.337472E-11  3.337125E-11  3.338663E-11  3.338988E-11  3.340426E-11  3.339843E-11  3.340995E-11  3.319223E-11
0.000000E+00  9.565697E-11  9.563265E-11  9.528968E-11  9.548316E-11  9.575209E-11  9.544203E-11  9.549389E-11  9.553609E-11  9.554932E-11  9.530792E-11  9.515056E-11  9.554253E-11  9.540019E-11  9.538731E-11  9.541806E-11  9.544238E-11  9.547636E-11  9.546384E-11  9.548816E-11  9.489771E-11
0.000000E+00  8.007957E-09  8.005883E-09  7.977058E-09  7.992776E-09  8.016612E-09  7.989128E-09  7.993902E-09  7.997765E-09  7.999195E-09  7.979562E-09  7.964702E-09  7.998122E-09  7.986768E-09  7.985427E-09  7.988019E-09  7.989808E-09  7.992812E-09  7.991882E-09  7.993956E-09  7.944139E-09
Gas           Sam
0.000000E+00  -1.088298E-13 -1.088334E-13 -1.086725E-13 -1.085008E-13 -1.084865E-13 -1.084257E-13 -1.084543E-13 -1.084865E-13 -1.084186E-13 -1.081790E-13 -1.082290E-13 -1.082970E-13 -1.081790E-13 -1.079680E-13 -1.078642E-13 -1.079179E-13 -1.079358E-13 -1.079930E-13 -1.078750E-13 -1.078070E-13
0.000000E+00  -1.971604E-14 -1.975538E-14 -1.951577E-14 -1.971247E-14 -1.989128E-14 -1.981618E-14 -1.969101E-14 -1.947643E-14 -1.950862E-14 -1.969458E-14 -1.980187E-14 -1.972677E-14 -1.970531E-14 -1.972320E-14 -1.972677E-14 -1.975538E-14 -1.966240E-14 -1.976253E-14 -1.981618E-14 -1.975538E-14
0.000000E+00  3.414348E-13  3.407446E-13  3.411129E-13  3.418353E-13  3.422109E-13  3.412417E-13  3.422216E-13  3.422752E-13  3.425184E-13  3.427294E-13  3.428474E-13  3.430513E-13  3.433767E-13  3.434769E-13  3.427759E-13  3.415421E-13  3.422144E-13  3.416065E-13  3.421644E-13  3.425291E-13
0.000000E+00  3.378878E-11  3.374752E-11  3.380044E-11  3.389446E-11  3.376668E-11  3.373990E-11  3.385706E-11  3.381067E-11  3.382465E-11  3.384422E-11  3.386085E-11  3.386052E-11  3.386085E-11  3.386382E-11  3.365214E-11  3.367735E-11  3.375295E-11  3.364781E-11  3.372148E-11  3.376561E-11
0.000000E+00  9.637938E-11  9.624705E-11  9.640190E-11  9.666082E-11  9.632894E-11  9.622630E-11  9.656069E-11  9.642586E-11  9.647414E-11  9.654030E-11  9.657320E-11  9.657357E-11  9.657142E-11  9.658573E-11  9.600458E-11  9.604964E-11  9.626887E-11  9.596560E-11  9.617016E-11  9.628961E-11
0.000000E+00  8.026250E-09  8.015128E-09  8.028056E-09  8.050372E-09  8.021833E-09  8.012875E-09  8.042093E-09  8.030113E-09  8.034404E-09  8.039464E-09  8.042718E-09  8.042969E-09  8.042736E-09  8.043452E-09  7.995190E-09  7.997944E-09  8.017095E-09  7.991631E-09  8.008368E-09  8.019097E-09
Gas           Ref
0.000000E+00  -1.121701E-13 -1.122631E-13 -1.120556E-13 -1.121486E-13 -1.122953E-13 -1.121486E-13 -1.121379E-13 -1.121915E-13 -1.121880E-13 -1.121129E-13 -1.120485E-13 -1.122523E-13 -1.121272E-13 -1.121093E-13 -1.121558E-13 -1.122452E-13 -1.121772E-13 -1.121343E-13 -1.120378E-13 -1.119233E-13
0.000000E+00  -2.155425E-14 -2.158286E-14 -2.168657E-14 -2.169730E-14 -2.168300E-14 -2.156856E-14 -2.152922E-14 -2.165081E-14 -2.170088E-14 -2.180459E-14 -2.184751E-14 -2.175810E-14 -2.155783E-14 -2.161147E-14 -2.170446E-14 -2.168300E-14 -2.164366E-14 -2.158286E-14 -2.179029E-14 -2.178313E-14
0.000000E+00  3.225127E-13  3.220263E-13  3.222838E-13  3.222445E-13  3.230992E-13  3.231850E-13  3.224161E-13  3.215149E-13  3.222874E-13  3.214291E-13  3.216043E-13  3.222445E-13  3.226879E-13  3.218153E-13  3.213075E-13  3.222588E-13  3.221551E-13  3.212896E-13  3.210715E-13  3.216186E-13
0.000000E+00  3.289250E-11  3.296964E-11  3.289811E-11  3.292497E-11  3.299356E-11  3.300394E-11  3.293076E-11  3.287623E-11  3.295937E-11  3.285799E-11  3.293606E-11  3.296678E-11  3.298333E-11  3.282466E-11  3.284229E-11  3.299381E-11  3.287322E-11  3.280853E-11  3.286975E-11  3.292096E-11
0.000000E+00  9.401080E-11  9.421752E-11  9.404549E-11  9.409198E-11  9.429977E-11  9.433838E-11  9.413276E-11  9.395752E-11  9.420822E-11  9.390744E-11  9.412524E-11  9.421394E-11  9.427115E-11  9.382412E-11  9.386632E-11  9.429690E-11  9.397397E-11  9.377477E-11  9.394643E-11  9.407017E-11
0.000000E+00  7.869233E-09  7.887597E-09  7.872738E-09  7.876904E-09  7.893713E-09  7.897450E-09  7.880642E-09  7.865425E-09  7.886829E-09  7.861133E-09  7.879908E-09  7.887777E-09  7.891996E-09  7.854999E-09  7.857736E-09  7.894518E-09  7.867534E-09  7.849779E-09  7.864334E-09  7.875009E-09
Gas           Sam
0.000000E+00  -1.090444E-13 -1.090158E-13 -1.086331E-13 -1.087082E-13 -1.087905E-13 -1.087440E-13 -1.084722E-13 -1.084865E-13 -1.084043E-13 -1.084972E-13 -1.083971E-13 -1.084472E-13 -1.082684E-13 -1.082255E-13 -1.081790E-13 -1.081861E-13 -1.081217E-13 -1.080860E-13 -1.079787E-13 -1.078857E-13
0.000000E+00  -2.009155E-14 -2.021672E-14 -2.008440E-14 -2.025964E-14 -2.013804E-14 -2.014162E-14 -2.007010E-14 -2.024176E-14 -2.001287E-14 -2.005579E-14 -2.020242E-14 -2.019884E-14 -2.010586E-14 -2.038481E-14 -2.010228E-14 -2.020957E-14 -2.019884E-14 -2.023103E-14 -2.018454E-14 -2.021672E-14
0.000000E+00  3.365746E-13  3.365103E-13  3.371254E-13  3.368858E-13  3.375402E-13  3.385452E-13  3.385666E-13  3.372434E-13  3.375009E-13  3.387419E-13  3.380516E-13  3.379622E-13  3.383306E-13  3.383807E-13  3.372792E-13  3.374222E-13  3.384164E-13  3.374222E-13  3.378764E-13  3.385058E-13
0.000000E+00  3.336435E-11  3.348237E-11  3.336532E-11  3.341156E-11  3.346921E-11  3.349421E-11  3.340308E-11  3.334300E-11  3.343692E-11  3.345047E-11  3.338427E-11  3.342543E-11  3.349185E-11  3.332297E-11  3.331954E-11  3.338827E-11  3.342934E-11  3.328496E-11  3.333438E-11  3.340466E-11
0.000000E+00  9.516523E-11  9.550247E-11  9.518383E-11  9.530148E-11  9.546063E-11  9.553037E-11  9.529433E-11  9.511015E-11  9.534761E-11  9.542021E-11  9.523568E-11  9.533009E-11  9.552428E-11  9.506473E-11  9.503970E-11  9.523139E-11  9.537551E-11  9.492920E-11  9.507081E-11  9.527144E-11
0.000000E+00  7.925452E-09  7.953133E-09  7.927259E-09  7.935681E-09  7.949682E-09  7.956226E-09  7.935645E-09  7.920231E-09  7.940240E-09  7.946606E-09  7.930907E-09  7.938613E-09  7.955297E-09  7.917012E-09  7.914312E-09  7.930709E-09  7.943298E-09  7.905371E-09  7.916923E-09  7.934018E-09
Gas           Ref
0.000000E+00  -1.120986E-13 -1.121415E-13 -1.120449E-13 -1.121558E-13 -1.121093E-13 -1.120843E-13 -1.121594E-13 -1.122631E-13 -1.121379E-13 -1.121665E-13 -1.122452E-13 -1.121415E-13 -1.121558E-13 -1.118983E-13 -1.119305E-13 -1.121808E-13 -1.122237E-13 -1.121772E-13 -1.121701E-13 -1.121272E-13
0.000000E+00  -2.206208E-14 -2.220871E-14 -2.218368E-14 -2.209069E-14 -2.195122E-14 -2.200844E-14 -2.210500E-14 -2.226593E-14 -2.207639E-14 -2.199413E-14 -2.188327E-14 -2.205493E-14 -2.223017E-14 -2.212288E-14 -2.213361E-14 -2.218368E-14 -2.218368E-14 -2.206924E-14 -2.201559E-14 -2.209427E-14
0.000000E+00  3.184500E-13  3.184393E-13  3.185108E-13  3.184751E-13  3.180674E-13  3.179958E-13  3.166798E-13  3.171161E-13  3.169337E-13  3.172556E-13  3.175166E-13  3.177026E-13  3.168836E-13  3.169373E-13  3.177491E-13  3.165260E-13  3.163221E-13  3.168193E-13  3.170481E-13  3.174487E-13
0.000000E+00  3.259037E-11  3.260890E-11  3.261036E-11  3.261440E-11  3.261848E-11  3.248284E-11  3.244975E-11  3.249292E-11  3.244521E-11  3.251953E-11  3.254824E-11  3.251108E-11  3.240687E-11  3.250511E-11  3.253651E-11  3.237250E-11  3.243431E-11  3.248963E-11  3.251316E-11  3.253276E-11
0.000000E+00  9.315607E-11  9.320864E-11  9.320972E-11  9.321007E-11  9.323368E-11  9.286746E-11  9.273227E-11  9.288319E-11  9.272728E-11  9.295437E-11  9.302553E-11  9.294864E-11  9.262106E-11  9.289392E-11  9.301195E-11  9.254059E-11  9.269223E-11  9.285924E-11  9.293756E-11  9.298083E-11
0.000000E+00  7.798566E-09  7.802464E-09  7.803591E-09  7.803823E-09  7.805182E-09  7.774408E-09  7.763161E-09  7.775839E-09  7.762893E-09  7.781560E-09  7.788105E-09  7.781436E-09  7.753397E-09  7.776769E-09  7.787068E-09  7.746602E-09  7.759335E-09  7.773961E-09  7.779415E-09  7.784601E-09
Gas           Sam
0.000000E+00  -1.090659E-13 -1.089049E-13 -1.087082E-13 -1.086510E-13 -1.088012E-13 -1.086403E-13 -1.087011E-13 -1.084865E-13 -1.085259E-13 -1.085116E-13 -1.084615E-13 -1.084508E-13 -1.082612E-13 -1.082076E-13 -1.081861E-13 -1.082147E-13 -1.081861E-13 -1.080895E-13 -1.080180E-13 -1.081110E-13
0.000000E+00  -2.062799E-14 -2.086403E-14 -2.073171E-14 -2.063515E-14 -2.058150E-14 -2.050640E-14 -2.058150E-14 -2.037050E-14 -2.033116E-14 -2.027752E-14 -2.054216E-14 -2.064945E-14 -2.057793E-14 -2.059938E-14 -2.046706E-14 -2.055647E-14 -2.068879E-14 -2.073886E-14 -2.053859E-14 -2.040984E-14
0.000000E+00  3.331700E-13  3.323618E-13  3.323153E-13  3.328195E-13  3.324977E-13  3.329555E-13  3.334382E-13  3.338173E-13  3.342429E-13  3.340355E-13  3.332344E-13  3.327695E-13  3.330305E-13  3.328553E-13  3.339461E-13  3.344432E-13  3.339139E-13  3.329733E-13  3.339783E-13  3.341785E-13
0.000000E+00  3.317803E-11  3.299403E-11  3.310950E-11  3.300204E-11  3.305558E-11  3.310339E-11  3.312377E-11  3.314531E-11  3.315153E-11  3.315507E-11  3.295108E-11  3.302607E-11  3.295240E-11  3.299432E-11  3.305043E-11  3.308122E-11  3.295344E-11  3.293717E-11  3.310443E-11  3.299911E-11
0.000000E+00  9.464774E-11  9.411272E-11  9.443137E-11  9.413812E-11  9.427616E-11  9.442600E-11  9.449073E-11  9.454187E-11  9.456262E-11  9.457156E-11  9.400436E-11  9.418997E-11  9.400186E-11  9.410128E-11  9.427867E-11  9.435842E-11  9.401652E-11  9.395322E-11  9.441349E-11  9.412381E-11
0.000000E+00  7.882054E-09  7.837154E-09  7.863314E-09  7.839711E-09  7.850995E-09  7.863761E-09  7.868983E-09  7.873918E-09  7.875009E-09  7.876153E-09  7.828678E-09  7.843520E-09  7.828071E-09  7.836277E-09  7.851209E-09  7.858379E-09  7.829590E-09  7.823654E-09  7.862456E-09  7.838423E-09
Gas           Ref
0.000000E+00  -1.120235E-13 -1.120235E-13 -1.122273E-13 -1.121272E-13 -1.121379E-13 -1.121379E-13 -1.119877E-13 -1.120342E-13 -1.120092E-13 -1.119305E-13 -1.120628E-13 -1.120914E-13 -1.121200E-13 -1.121594E-13 -1.121772E-13 -1.121343E-13 -1.122166E-13 -1.122380E-13 -1.121844E-13 -1.121665E-13
0.000000E+00  -2.242329E-14 -2.252700E-14 -2.261283E-14 -2.258422E-14 -2.262356E-14 -2.261998E-14 -2.267720E-14 -2.254488E-14 -2.250197E-14 -2.272370E-14 -2.282026E-14 -2.283456E-14 -2.267363E-14 -2.250912E-14 -2.259495E-14 -2.250912E-14 -2.256634E-14 -2.275588E-14 -2.274158E-14 -2.263787E-14
0.000000E+00  3.126851E-13  3.122130E-13  3.135470E-13  3.132036E-13  3.122380E-13  3.123739E-13  3.129569E-13  3.132859E-13  3.130355E-13  3.131679E-13  3.121129E-13  3.115728E-13  3.118840E-13  3.115335E-13  3.119376E-13  3.124634E-13  3.127208E-13  3.115621E-13  3.114942E-13  3.121629E-13
0.000000E+00  3.205629E-11  3.210893E-11  3.224372E-11  3.209939E-11  3.204080E-11  3.211465E-11  3.214917E-11  3.217492E-11  3.215342E-11  3.215732E-11  3.198044E-11  3.207403E-11  3.198652E-11  3.205672E-11  3.209305E-11  3.210321E-11  3.210811E-11  3.193177E-11  3.202575E-11  3.204316E-11
0.000000E+00  9.163686E-11  9.177669E-11  9.215793E-11  9.176526E-11  9.159896E-11  9.178600E-11  9.189471E-11  9.196732E-11  9.190258E-11  9.192618E-11  9.141656E-11  9.166512E-11  9.144697E-11  9.162328E-11  9.172269E-11  9.175560E-11  9.178957E-11  9.127745E-11  9.151134E-11  9.160932E-11
0.000000E+00  7.670804E-09  7.682426E-09  7.715095E-09  7.682104E-09  7.667548E-09  7.683409E-09  7.693084E-09  7.698627E-09  7.694013E-09  7.695694E-09  7.652511E-09  7.673610E-09  7.655407E-09  7.669390E-09  7.678671E-09  7.681336E-09  7.684393E-09  7.640780E-09  7.660593E-09  7.668944E-09
Gas           Sam
0.000000E+00  -1.091517E-13 -1.090122E-13 -1.088513E-13 -1.088942E-13 -1.088048E-13 -1.087404E-13 -1.085795E-13 -1.085831E-13 -1.084901E-13 -1.084615E-13 -1.084150E-13 -1.084293E-13 -1.083041E-13 -1.082183E-13 -1.082398E-13 -1.081074E-13 -1.082183E-13 -1.081182E-13 -1.080538E-13 -1.080538E-13
0.000000E+00  -2.089264E-14 -2.097847E-14 -2.088191E-14 -2.072098E-14 -2.093198E-14 -2.103569E-14 -2.091410E-14 -2.094628E-14 -2.122166E-14 -2.118589E-14 -2.099635E-14 -2.114298E-14 -2.117517E-14 -2.100350E-14 -2.089622E-14 -2.108218E-14 -2.104284E-14 -2.103927E-14 -2.086045E-14 -2.105715E-14
0.000000E+00  3.284386E-13  3.274873E-13  3.276089E-13  3.287497E-13  3.288320E-13  3.290752E-13  3.296152E-13  3.296188E-13  3.285602E-13  3.289715E-13  3.296831E-13  3.295437E-13  3.298012E-13  3.297475E-13  3.297940E-13  3.290752E-13  3.294078E-13  3.296831E-13  3.289321E-13  3.294900E-13
0.000000E+00  3.275842E-11  3.265485E-11  3.274716E-11  3.277559E-11  3.274773E-11  3.276107E-11  3.277426E-11  3.271569E-11  3.262095E-11  3.274297E-11  3.267030E-11  3.269959E-11  3.272731E-11  3.274827E-11  3.264212E-11  3.258433E-11  3.269369E-11  3.257013E-11  3.259026E-11  3.265660E-11
0.000000E+00  9.344789E-11  9.313354E-11  9.338924E-11  9.349296E-11  9.341141E-11  9.345648E-11  9.349223E-11  9.331843E-11  9.304627E-11  9.338710E-11  9.319433E-11  9.328446E-11  9.333918E-11  9.340677E-11  9.312782E-11  9.293506E-11  9.324620E-11  9.293005E-11  9.296152E-11  9.315321E-11
0.000000E+00  7.782598E-09  7.755490E-09  7.777144E-09  7.786192E-09  7.778628E-09  7.782938E-09  7.785906E-09  7.771958E-09  7.748945E-09  7.777126E-09  7.760943E-09  7.768543E-09  7.773532E-09  7.778699E-09  7.755543E-09  7.739003E-09  7.765109E-09  7.738699E-09  7.740952E-09  7.757046E-09
Gas           Ref
0.000000E+00  -1.122309E-13 -1.119913E-13 -1.120199E-13 -1.120592E-13 -1.120914E-13 -1.120092E-13 -1.119555E-13 -1.119198E-13 -1.120449E-13 -1.120878E-13 -1.121379E-13 -1.121450E-13 -1.119913E-13 -1.121737E-13 -1.121308E-13 -1.122452E-13 -1.120628E-13 -1.120056E-13 -1.121164E-13 -1.122559E-13
0.000000E+00  -2.304914E-14 -2.293112E-14 -2.293827E-14 -2.304556E-14 -2.304914E-14 -2.298119E-14 -2.308490E-14 -2.312066E-14 -2.308848E-14 -2.298477E-14 -2.298119E-14 -2.283098E-14 -2.301695E-14 -2.316716E-14 -2.323153E-14 -2.316000E-14 -2.309921E-14 -2.294543E-14 -2.298119E-14 -2.296688E-14
0.000000E+00  3.091481E-13  3.079322E-13  3.073779E-13  3.071991E-13  3.073421E-13  3.078070E-13  3.076604E-13  3.078285E-13  3.069916E-13  3.071096E-13  3.072384E-13  3.077498E-13  3.079930E-13  3.077605E-13  3.066769E-13  3.067663E-13  3.065875E-13  3.066626E-13  3.070274E-13  3.072742E-13
0.000000E+00  3.181600E-11  3.161698E-11  3.169720E-11  3.162020E-11  3.167488E-11  3.174415E-11  3.165507E-11  3.169555E-11  3.160404E-11  3.168078E-11  3.170217E-11  3.170796E-11  3.172613E-11  3.164577E-11  3.155386E-11  3.164194E-11  3.160543E-11  3.163232E-11  3.166651E-11  3.162392E-11
0.000000E+00  9.095630E-11  9.037659E-11  9.060117E-11  9.037694E-11  9.053251E-11  9.073636E-11  9.050533E-11  9.061155E-11  9.032437E-11  9.053967E-11  9.060546E-11  9.065196E-11  9.068164E-11  9.046205E-11  9.019312E-11  9.045454E-11  9.033831E-11  9.041127E-11  9.050462E-11  9.041592E-11
0.000000E+00  7.613886E-09  7.565660E-09  7.584346E-09  7.565554E-09  7.578374E-09  7.596131E-09  7.576336E-09  7.585259E-09  7.561029E-09  7.578714E-09  7.585276E-09  7.589014E-09  7.591982E-09  7.573350E-09  7.549853E-09  7.572115E-09  7.562531E-09  7.568683E-09  7.577247E-09  7.569290E-09
 Gas          
0.000000E+00  0.000000E+00  0.000000E+00  0.000000E+00  0.000000E+00  0.000000E+00  0.000000E+00  0.000000E+00  0.000000E+00  0.000000E+00  0.000000E+00  0.000000E+00  0.000000E+00  0.000000E+00  0.000000E+00  0.000000E+00  0.000000E+00  0.000000E+00  0.000000E+00  0.000000E+00  0.000000E+00
0.000000E+00  0.000000E+00  0.000000E+00  0.000000E+00  0.000000E+00  0.000000E+00  0.000000E+00  0.000000E+00  0.000000E+00  0.000000E+00  0.000000E+00  0.000000E+00  0.000000E+00  0.000000E+00  0.000000E+00  0.000000E+00  0.000000E+00  0.000000E+00  0.000000E+00  0.000000E+00  0.000000E+00
0.000000E+00  0.000000E+00  0.000000E+00  0.000000E+00  0.000000E+00  0.000000E+00  0.000000E+00  0.000000E+00  0.000000E+00  0.000000E+00  0.000000E+00  0.000000E+00  0.000000E+00  0.000000E+00  0.000000E+00  0.000000E+00  0.000000E+00  0.000000E+00  0.000000E+00  0.000000E+00  0.000000E+00
0.000000E+00  0.000000E+00  0.000000E+00  0.000000E+00  0.000000E+00  0.000000E+00  0.000000E+00  0.000000E+00  0.000000E+00  0.000000E+00  0.000000E+00  0.000000E+00  0.000000E+00  0.000000E+00  0.000000E+00  0.000000E+00  0.000000E+00  0.000000E+00  0.000000E+00  0.000000E+00  0.000000E+00
0.000000E+00  0.000000E+00  0.000000E+00  0.000000E+00  0.000000E+00  0.000000E+00  0.000000E+00  0.000000E+00  0.000000E+00  0.000000E+00  0.000000E+00  0.000000E+00  0.000000E+00  0.000000E+00  0.000000E+00  0.000000E+00  0.000000E+00  0.000000E+00  0.000000E+00  0.000000E+00  0.000000E+00
0.000000E+00  0.000000E+00  0.000000E+00  0.000000E+00  0.000000E+00  0.000000E+00  0.000000E+00  0.000000E+00  0.000000E+00  0.000000E+00  0.000000E+00  0.000000E+00  0.000000E+00  0.000000E+00  0.000000E+00  0.000000E+00  0.000000E+00  0.000000E+00  0.000000E+00  0.000000E+00  0.000000E+00
End of Analysis
"H3 factor",13.13339
"Linearity factor (0)",52.88039
"Linearity factor (1)",18.00761
"Linearity factor (2)",-.1321419
"Linearity factor (3)",9.804096E-04
"Linearity factor (4)",-7.965973E-02
"Linearity factor (5)",0
"Collector Gains :",500,5000,5000,5000,500,500,50,500,1,5
"Number of deflectors available : ",33
"Source HT",8000
"Extraction V",780
"H Defl",310
"Trap",850
"Trap Voltage",24
"Repeller",4
"Filament V",-110
"Delta HP",19
"Z Lens",110
"Delta Z",130
"Max Current",3.5
"Heater Current",1
"Quad 1",120
"Cubic 1",50
"Lin 1",0
"Deflect 1 I",5
"Deflect 1 O",5
"Offset 1",0
"Offset 2",0
"Quad 2",-620
"Cubic 2",0
"Lin 2",0
"Q1 I Cor",0
"Q1 O Cor",0
"Suppressor",-100
"Mop Plate",-15
"ESA H1",790
"ESA H1 delta",0
"ESA H2",800
"ESA H2 delta",0
"ESA H3",820
"ESA H3 delta",0
"ESA HD",0
"ESA HD delta",0
"Batch Started: ","13:02:19 15:29:56"
"Data File: ","C:\Nu Stable\Results\2019\201902013 standard PD4 BSS WNI ZE NTA\Data_9292 PD4 148 L BROWN.txt"
"Sample Name: ","PD4 148 L BROWN"
"Sample Weight: ",98
"Sample Type: ","Sam"
"Vial Number: ",15
"Sam Beam First CO: ","8.192410e-09"
"Sam Beam Last CO: ","7.762192e-09"
"Ref Beam First CO: ","8.192793e-09"
"Ref Beam Second CO: ","8.084214e-09"
"Ref BeamLast CO: ","7.573173e-09"
"Sam Depletion: ","5 %"
"Ref Depletion: ","8 %"
"Observed CP Temperature: ",69.739
"Std Dev: ","0.000e00"
"Min: ","69.739"
"Max: ","69.739"
"Ave Started: ","14:02:19 00:29:00"
"Ave Stopped: ","13:02:19 23:27:24"
"Num: ",35
"Current Mass: ",46.03193
"Method File Name","C:\Nu Stable\Analyses\DI\040216 12-12-20 6 collectors.rdf"
"Version 6"
"Analysis Type","DI"
"Analysis Calculation Routine ","Clumped CO2 Iterative"
"Gas ID ","CO2"
"Ref Gas Identifier ","AirLiquide01"
"Centring collector ",8
"Num of Ref/Sam cycles ",6
"Cycles length(secs) ",20
"C/O valve stabilisation time ",12
"Offset for zero measurement(amu) ",0
"Zero measurement time ",20
"Spare",0
"Spare",0
0
-1
-1
-1
-1
0
-1
0
-1
0
"Num Clumped Blocks","1"
"Do zero at start of block",#FALSE#
"Balance beams",#FALSE#
"Mag Hysteresis Offset",.001
"Apply Hysteresis Offset",#FALSE#
"Target Beam (A) ",.00000005
"Use CF with Bellows ",#FALSE#
"DI Auto Gas balancing: ","True"
"Pirani pressure",3.398285E-02
"Cold finger status","CF"
"Inlet transducer pressure",1.739398
"Sample operations:  InitialisePrepSampleRun; CheckIfCFRequired; UseCF; SampleTrapped; BalanceRefToSamValue; DepletingBalance; SampleReady;"
"Number of sample chops",0
"Number of sample double chops",0
"Run from bellows",#FALSE#
"Max sample pump-over pressure (mBar)","0.000000e00"
"Max sample pump-over pressure (raw)",0
"Pre-balance Sam Beam","8.474415e-09"
"Min ref beam","3.792075e-09"
"Max ref beam","2.323591e-08"
"Ref bellows position",4366
"Sam bellows position",8446
"Balance %",.421015
"Initial Sam Beam","8.894428e-09"
"Final Ref Beam","8.503004e-09"
"Final Sam Beam","8.538803e-09"
"Pre-depleted Ref Beam",8.483048E-09
"InletPiraniPressure",3.398285E-02
"Depletion Factor",.96
"Balance End","14/02/19 01:12:08"
"Water Trap Temperature Hot",-195.1766
"Water Trap Temperature Cold",-195.1766
"DP Version",25
"Num Gas Cycles ",1
"UseFrontHeightThreshold(1)",#TRUE#
"FrontHeightThreshold(1)",2
"UseBackHeightThreshold(1)",#TRUE#
"BackHeightThreshold(1)",2.7
"UsePeakWidthLimit(1)",#FALSE#
"PeakWidthLimit(1)",6
"RefGasFrontHeightThreshold(1)",40
"RefGasBackHeightThreshold(1)",10
"Measure_Elemental_Comp",#TRUE#
"Use_TCD_For_Elem_Calcs",#FALSE#
"Sample_Name","PD4 148 L BROWN"
"Sample_Type","Sam"
"Sample_Weight",98
"Sample_Vial",15
"Standard_Type",""
"NoAnalysisCycles",1
"Gas1","CO2"
"Ref Gas1","AirLiquide01"
"Analysis_Routine1","Clumped CO2 Iterative"
"ZeroWidth1",10
"NoZeros1",1
"ZeroTime1",10
"Delta wrt Std 1",#FALSE#
"AllowLinearityCorrection",#FALSE#
"Num Collectors",6
"LinearityFactor(Cent)",52880.39
"LinearityFactor(Low2)",18007.61
"LinearityFactor(Low4)",-132.1419
"LinearityFactor()",.9804096
"LinearityFactor()",-79.65973
"LinearityFactor()",0
"UseH3Factor",#FALSE#
"H3Factor",0
"Axial Mass",46
"Anal Start",0
"Anal End",0
"Calc Linearity Correction from Ref Peaks",#FALSE#
"Temperature",25
"Std Temperature",25
"A_Factor",1.01025
"K_Factor",.04
"TemperatureCorrectionEnabled",#FALSE#
"GC ZeroMethod","Lowest Peak Limit"
"GC AllowZeroToCutPoints",#FALSE#
"GC UseIsotopicShift",#TRUE#
"GC InterpolatePeakHeight",#TRUE#
"GC NumZeroPoints",10
"GC Min Peak Height",.0000000001
"GC No UserPeaks",0
"SmoothingInterval",10
"DropFactor",1
"GradientRejectfactor",10
"SectionSize",100
"BackgroundStartTime",1
"CutOffTime",1000
"UseNewBackgroundCalcn",#FALSE#
"GC Label File","None.lab"
"GC No User Defined Background Points",0
"GC No Auto-detected Peaks to be Removed",0
"GC No Auto-calculated Background Points to Remove",0
"GC Std Peak In Sample",#FALSE#
"GC Std Peak Time",0
"Max Gap For Grouping EA Ref Pulses",20
"Group EA Ref Peaks",#FALSE#
"Use Defined Peak Limits (1)",#FALSE#
"Peak Start (1)",0
"Peak End (1)",0
"DP Version",25
"Num Gas Cycles ",1
"UseFrontHeightThreshold(1)",#TRUE#
"FrontHeightThreshold(1)",2
"UseBackHeightThreshold(1)",#TRUE#
"BackHeightThreshold(1)",2.7
"UsePeakWidthLimit(1)",#FALSE#
"PeakWidthLimit(1)",6
"RefGasFrontHeightThreshold(1)",40
"RefGasBackHeightThreshold(1)",10
"Measure_Elemental_Comp",#TRUE#
"Use_TCD_For_Elem_Calcs",#FALSE#
"Sample_Name","PD4 148 L BROWN"
"Sample_Type","Sam"
"Sample_Weight",98
"Sample_Vial",15
"Standard_Type",""
"NoAnalysisCycles",1
"Gas1","CO2"
"Ref Gas1","AirLiquide01"
"Analysis_Routine1","Clumped CO2 Iterative"
"ZeroWidth1",10
"NoZeros1",1
"ZeroTime1",10
"Delta wrt Std 1",#FALSE#
"AllowLinearityCorrection",#FALSE#
"Num Collectors",6
"LinearityFactor(Cent)",52880.39
"LinearityFactor(Low2)",18007.61
"LinearityFactor(Low4)",-132.1419
"LinearityFactor()",.9804096
"LinearityFactor()",-79.65973
"LinearityFactor()",0
"UseH3Factor",#FALSE#
"H3Factor",0
"Axial Mass",46
"Anal Start",0
"Anal End",0
"Calc Linearity Correction from Ref Peaks",#FALSE#
"Temperature",25
"Std Temperature",25
"A_Factor",1.01025
"K_Factor",.04
"TemperatureCorrectionEnabled",#FALSE#
"GC ZeroMethod","Lowest Peak Limit"
"GC AllowZeroToCutPoints",#FALSE#
"GC UseIsotopicShift",#TRUE#
"GC InterpolatePeakHeight",#TRUE#
"GC NumZeroPoints",10
"GC Min Peak Height",.0000000001
"GC No UserPeaks",0
"SmoothingInterval",10
"DropFactor",1
"GradientRejectfactor",10
"SectionSize",100
"BackgroundStartTime",1
"CutOffTime",1000
"UseNewBackgroundCalcn",#FALSE#
"GC Label File","None.lab"
"GC No User Defined Background Points",0
"GC No Auto-detected Peaks to be Removed",0
"GC No Auto-calculated Background Points to Remove",0
"GC Std Peak In Sample",#FALSE#
"GC Std Peak Time",0
"Max Gap For Grouping EA Ref Pulses",20
"Group EA Ref Peaks",#FALSE#
"Use Defined Peak Limits (1)",#FALSE#
"Peak Start (1)",0
"Peak End (1)",0
"End of Data file"


