"Clumped CO2 Iterative Analysis,         Data File Version 10"
"Started analysis at 6:27:56 AM on the Thursday, February 14, 2019"
"UTC FileTimeLow",1423246848," UTC FileTimeHigh",30721112
"Time Zone ","Eastern Daylight Time"
"CO Disabled",#FALSE#
"Persective Instrument","PS019"
"User logged in",#FALSE#
"Software Version","Stable 1.69.5"
"Axial Mass is :",46
"No_C_O_Cycles",6
"Num Blocks",1
0
-1
-1
-1
-1
0
-1
0
-1
0
"Sample Name is ","WNI-4"
Zero Data
-1.111209834949E-13, -5.762677932498E-14, -6.088208855516E-14, -3.235283592542E-14, 1.107574576216E-13, 4.080537839048E-12, Measured at start of run
Individual Data
No_C_O_Cycles                6 
Cycle_Length   20 
Zero_Measurement_Length      20 
Axial_Mass     46 
 Gas          Bla
0.000000E+00  -1.110328E-13 -1.110686E-13 -1.111187E-13 -1.110793E-13 -1.111759E-13 -1.111866E-13 -1.111508E-13 -1.112402E-13 -1.111830E-13 -1.110793E-13 -1.110364E-13 -1.110293E-13 -1.109971E-13 -1.111151E-13 -1.111508E-13 -1.111580E-13 -1.111508E-13 -1.111473E-13 -1.110793E-13 -1.112402E-13
0.000000E+00  -5.766755E-14 -5.774265E-14 -5.771761E-14 -5.759602E-14 -5.767828E-14 -5.771046E-14 -5.767470E-14 -5.761033E-14 -5.741721E-14 -5.768901E-14 -5.768901E-14 -5.761033E-14 -5.762106E-14 -5.757099E-14 -5.755668E-14 -5.740648E-14 -5.761390E-14 -5.767113E-14 -5.760318E-14 -5.768901E-14
0.000000E+00  -6.089693E-14 -6.090766E-14 -6.093269E-14 -6.096130E-14 -6.105786E-14 -6.081468E-14 -6.091839E-14 -6.093269E-14 -6.091839E-14 -6.077176E-14 -6.095415E-14 -6.083971E-14 -6.081110E-14 -6.081825E-14 -6.076103E-14 -6.096488E-14 -6.084328E-14 -6.090408E-14 -6.082183E-14 -6.081110E-14
0.000000E+00  -3.172162E-14 -3.215078E-14 -3.132823E-14 -3.122094E-14 -3.222230E-14 -3.232959E-14 -3.215078E-14 -3.172162E-14 -3.218654E-14 -3.197196E-14 -3.225806E-14 -3.261569E-14 -3.240112E-14 -3.318790E-14 -3.261569E-14 -3.250841E-14 -3.300908E-14 -3.283027E-14 -3.322366E-14 -3.340248E-14
0.000000E+00  1.130105E-13  1.151563E-13  1.126529E-13  1.137258E-13  1.105071E-13  1.137258E-13  1.108647E-13  1.122953E-13  1.097919E-13  1.101495E-13  1.090766E-13  1.097919E-13  1.087190E-13  1.083614E-13  1.108647E-13  1.094342E-13  1.080037E-13  1.087190E-13  1.094342E-13  1.108647E-13
0.000000E+00  4.237894E-12  4.273657E-12  4.273657E-12  4.166369E-12  4.166369E-12  4.130606E-12  4.166369E-12  4.166369E-12  4.148487E-12  4.005436E-12  4.023317E-12  3.969673E-12  4.076961E-12  3.969673E-12  3.951792E-12  3.951792E-12  3.987555E-12  3.987555E-12  3.969673E-12  3.987555E-12
Gas           Ref
0.000000E+00  -1.106609E-13 -1.105965E-13 -1.105715E-13 -1.104642E-13 -1.106466E-13 -1.106323E-13 -1.105858E-13 -1.105929E-13 -1.104642E-13 -1.104570E-13 -1.104821E-13 -1.106502E-13 -1.105321E-13 -1.105143E-13 -1.105536E-13 -1.105143E-13 -1.106537E-13 -1.105465E-13 -1.103283E-13 -1.105393E-13
0.000000E+00  -2.250554E-14 -2.244832E-14 -2.242686E-14 -2.253058E-14 -2.251985E-14 -2.244832E-14 -2.236965E-14 -2.232315E-14 -2.237680E-14 -2.249124E-14 -2.251270E-14 -2.244475E-14 -2.258780E-14 -2.235534E-14 -2.238395E-14 -2.253415E-14 -2.254488E-14 -2.251627E-14 -2.249124E-14 -2.256276E-14
0.000000E+00  3.095701E-13  3.089371E-13  3.093985E-13  3.094199E-13  3.098455E-13  3.098097E-13  3.101781E-13  3.101102E-13  3.100136E-13  3.099993E-13  3.087583E-13  3.089729E-13  3.088119E-13  3.083292E-13  3.087762E-13  3.092125E-13  3.095701E-13  3.095236E-13  3.082183E-13  3.084043E-13
0.000000E+00  3.170792E-11  3.177348E-11  3.177752E-11  3.179300E-11  3.182000E-11  3.183081E-11  3.183592E-11  3.182859E-11  3.183992E-11  3.176600E-11  3.165335E-11  3.174651E-11  3.165342E-11  3.169294E-11  3.175406E-11  3.176507E-11  3.177527E-11  3.170203E-11  3.162385E-11  3.172749E-11
0.000000E+00  9.063157E-11  9.080502E-11  9.084150E-11  9.086296E-11  9.095522E-11  9.097203E-11  9.100136E-11  9.097596E-11  9.101101E-11  9.080860E-11  9.047100E-11  9.073243E-11  9.050174E-11  9.059295E-11  9.075102E-11  9.078750E-11  9.082361E-11  9.063694E-11  9.039124E-11  9.069237E-11
0.000000E+00  7.586993E-09  7.601083E-09  7.604821E-09  7.606663E-09  7.614191E-09  7.615621E-09  7.618214E-09  7.616283E-09  7.618769E-09  7.602031E-09  7.574494E-09  7.595415E-09  7.575763E-09  7.583703E-09  7.597257E-09  7.600029E-09  7.603623E-09  7.587744E-09  7.567001E-09  7.592321E-09
Gas           Sam
0.000000E+00  -1.068379E-13 -1.069058E-13 -1.067484E-13 -1.068343E-13 -1.065911E-13 -1.063765E-13 -1.066054E-13 -1.066519E-13 -1.067985E-13 -1.065625E-13 -1.064302E-13 -1.064015E-13 -1.063586E-13 -1.063944E-13 -1.063264E-13 -1.063586E-13 -1.063372E-13 -1.062442E-13 -1.061834E-13 -1.062907E-13
0.000000E+00  -2.080681E-14 -2.055289E-14 -2.059581E-14 -2.066733E-14 -2.051713E-14 -2.074601E-14 -2.039911E-14 -2.029540E-14 -2.038838E-14 -2.037765E-14 -2.037408E-14 -2.032759E-14 -2.049567E-14 -2.044918E-14 -2.051713E-14 -2.031328E-14 -2.022388E-14 -2.027752E-14 -2.029898E-14 -2.067806E-14
0.000000E+00  3.248337E-13  3.261212E-13  3.263322E-13  3.253844E-13  3.258208E-13  3.265932E-13  3.268293E-13  3.268293E-13  3.269938E-13  3.269652E-13  3.260282E-13  3.265074E-13  3.261390E-13  3.265360E-13  3.271475E-13  3.275875E-13  3.280953E-13  3.282633E-13  3.282777E-13  3.267470E-13
0.000000E+00  3.237644E-11  3.247851E-11  3.235073E-11  3.234844E-11  3.242862E-11  3.245358E-11  3.246921E-11  3.244010E-11  3.246445E-11  3.237336E-11  3.229486E-11  3.236539E-11  3.230616E-11  3.238495E-11  3.241031E-11  3.243670E-11  3.244342E-11  3.243584E-11  3.241707E-11  3.224119E-11
0.000000E+00  9.173164E-11  9.202274E-11  9.167299E-11  9.165224E-11  9.187898E-11  9.194514E-11  9.199843E-11  9.191582E-11  9.197875E-11  9.174630E-11  9.150776E-11  9.169837E-11  9.153136E-11  9.174952E-11  9.182354E-11  9.189399E-11  9.193048E-11  9.190115E-11  9.185609E-11  9.134790E-11
0.000000E+00  7.645323E-09  7.669766E-09  7.640745E-09  7.638063E-09  7.656499E-09  7.662703E-09  7.668049E-09  7.661237E-09  7.665832E-09  7.645859E-09  7.625491E-09  7.642604E-09  7.627637E-09  7.646020E-09  7.652761E-09  7.658429E-09  7.661541E-09  7.660074E-09  7.655908E-09  7.612760E-09
Gas           Ref
0.000000E+00  -1.103498E-13 -1.104821E-13 -1.105965E-13 -1.104570E-13 -1.104642E-13 -1.106645E-13 -1.106573E-13 -1.106073E-13 -1.105000E-13 -1.105465E-13 -1.105429E-13 -1.105000E-13 -1.106037E-13 -1.106394E-13 -1.105608E-13 -1.105071E-13 -1.104499E-13 -1.103927E-13 -1.104606E-13 -1.106073E-13
0.000000E+00  -2.288821E-14 -2.285602E-14 -2.277376E-14 -2.282741E-14 -2.269509E-14 -2.283456E-14 -2.284887E-14 -2.299907E-14 -2.301338E-14 -2.295615E-14 -2.297046E-14 -2.298119E-14 -2.295615E-14 -2.300980E-14 -2.309563E-14 -2.268793E-14 -2.276304E-14 -2.288463E-14 -2.298477E-14 -2.267363E-14
0.000000E+00  3.058508E-13  3.060511E-13  3.063801E-13  3.064373E-13  3.063586E-13  3.060582E-13  3.061083E-13  3.046027E-13  3.041842E-13  3.039303E-13  3.042236E-13  3.045955E-13  3.047994E-13  3.046313E-13  3.034583E-13  3.042343E-13  3.045705E-13  3.038374E-13  3.042736E-13  3.046313E-13
0.000000E+00  3.147064E-11  3.147676E-11  3.147729E-11  3.148988E-11  3.148641E-11  3.147457E-11  3.134636E-11  3.129726E-11  3.135849E-11  3.127166E-11  3.134526E-11  3.138548E-11  3.138656E-11  3.134640E-11  3.125216E-11  3.139314E-11  3.128024E-11  3.126404E-11  3.133081E-11  3.135169E-11
0.000000E+00  8.995529E-11  8.997390E-11  8.999356E-11  9.001681E-11  9.000000E-11  8.997317E-11  8.961806E-11  8.944889E-11  8.963594E-11  8.939346E-11  8.957764E-11  8.970532E-11  8.972034E-11  8.960804E-11  8.933553E-11  8.971497E-11  8.943817E-11  8.937236E-11  8.955726E-11  8.960983E-11
0.000000E+00  7.529970E-09  7.531918E-09  7.533402E-09  7.535727E-09  7.534743E-09  7.531775E-09  7.502647E-09  7.487519E-09  7.503845E-09  7.482852E-09  7.499195E-09  7.509388E-09  7.510997E-09  7.501932E-09  7.477684E-09  7.510496E-09  7.486893E-09  7.481064E-09  7.496781E-09  7.502128E-09
Gas           Sam
0.000000E+00  -1.070882E-13 -1.069022E-13 -1.069416E-13 -1.070381E-13 -1.070667E-13 -1.067628E-13 -1.068808E-13 -1.067127E-13 -1.066018E-13 -1.064159E-13 -1.064874E-13 -1.063694E-13 -1.064659E-13 -1.062800E-13 -1.062656E-13 -1.061226E-13 -1.060403E-13 -1.059617E-13 -1.061476E-13 -1.061262E-13
0.000000E+00  -2.077105E-14 -2.080323E-14 -2.070667E-14 -2.071025E-14 -2.073886E-14 -2.075316E-14 -2.086045E-14 -2.078535E-14 -2.107145E-14 -2.109291E-14 -2.102496E-14 -2.081754E-14 -2.101423E-14 -2.088549E-14 -2.072456E-14 -2.083542E-14 -2.098920E-14 -2.103211E-14 -2.106788E-14 -2.110364E-14
0.000000E+00  3.215650E-13  3.221622E-13  3.223553E-13  3.229418E-13  3.217473E-13  3.217903E-13  3.224447E-13  3.230599E-13  3.223196E-13  3.221765E-13  3.229490E-13  3.233925E-13  3.221515E-13  3.227523E-13  3.231207E-13  3.230348E-13  3.236034E-13  3.239003E-13  3.227559E-13  3.226200E-13
0.000000E+00  3.210951E-11  3.212585E-11  3.215310E-11  3.213304E-11  3.198309E-11  3.200683E-11  3.210747E-11  3.207103E-11  3.197893E-11  3.203698E-11  3.209105E-11  3.207646E-11  3.195358E-11  3.209906E-11  3.200790E-11  3.201427E-11  3.206602E-11  3.204256E-11  3.192676E-11  3.198670E-11
0.000000E+00  9.097704E-11  9.103891E-11  9.109792E-11  9.105965E-11  9.062513E-11  9.069488E-11  9.096274E-11  9.088406E-11  9.060296E-11  9.076175E-11  9.091803E-11  9.090087E-11  9.053466E-11  9.094128E-11  9.069630E-11  9.070453E-11  9.085903E-11  9.079965E-11  9.045884E-11  9.060726E-11
0.000000E+00  7.581807E-09  7.586618E-09  7.591892E-09  7.589210E-09  7.552303E-09  7.558508E-09  7.580752E-09  7.574834E-09  7.550425E-09  7.564105E-09  7.577284E-09  7.575888E-09  7.544578E-09  7.578964E-09  7.558758E-09  7.558740E-09  7.572384E-09  7.568128E-09  7.538356E-09  7.550765E-09
Gas           Ref
0.000000E+00  -1.105250E-13 -1.106073E-13 -1.105429E-13 -1.104249E-13 -1.105321E-13 -1.105679E-13 -1.106359E-13 -1.106609E-13 -1.104141E-13 -1.104499E-13 -1.104106E-13 -1.106180E-13 -1.105500E-13 -1.104213E-13 -1.103211E-13 -1.102353E-13 -1.104356E-13 -1.106144E-13 -1.103891E-13 -1.103927E-13
0.000000E+00  -2.315285E-14 -2.305271E-14 -2.335670E-14 -2.349975E-14 -2.345326E-14 -2.344968E-14 -2.335670E-14 -2.304198E-14 -2.324583E-14 -2.329233E-14 -2.343538E-14 -2.331378E-14 -2.334597E-14 -2.339961E-14 -2.344611E-14 -2.352836E-14 -2.335670E-14 -2.347472E-14 -2.342465E-14 -2.344253E-14
0.000000E+00  3.018918E-13  3.016916E-13  3.005472E-13  3.003004E-13  2.998212E-13  2.996245E-13  3.004470E-13  3.010371E-13  3.002575E-13  2.995995E-13  3.002754E-13  3.002897E-13  3.006259E-13  3.009048E-13  3.009906E-13  3.007761E-13  2.994886E-13  2.989486E-13  2.996388E-13  2.985588E-13
0.000000E+00  3.110475E-11  3.109584E-11  3.091249E-11  3.097490E-11  3.090748E-11  3.096663E-11  3.102775E-11  3.104899E-11  3.087844E-11  3.092851E-11  3.098652E-11  3.100926E-11  3.101742E-11  3.103122E-11  3.101759E-11  3.102278E-11  3.083170E-11  3.086574E-11  3.090559E-11  3.083195E-11
0.000000E+00  8.890995E-11  8.888277E-11  8.837493E-11  8.852836E-11  8.834275E-11  8.850010E-11  8.867963E-11  8.875295E-11  8.826943E-11  8.839604E-11  8.857378E-11  8.863100E-11  8.867534E-11  8.870396E-11  8.866998E-11  8.867714E-11  8.814319E-11  8.822438E-11  8.836278E-11  8.813032E-11
0.000000E+00  7.443244E-09  7.441510E-09  7.398559E-09  7.410808E-09  7.395376E-09  7.408626E-09  7.424004E-09  7.430209E-09  7.389511E-09  7.399525E-09  7.414938E-09  7.420160E-09  7.423289E-09  7.425935E-09  7.423146E-09  7.423611E-09  7.378210E-09  7.384719E-09  7.396914E-09  7.377638E-09
Gas           Sam
0.000000E+00  -1.070989E-13 -1.070059E-13 -1.071597E-13 -1.069845E-13 -1.067949E-13 -1.065768E-13 -1.065088E-13 -1.066626E-13 -1.065911E-13 -1.066411E-13 -1.063407E-13 -1.063300E-13 -1.063694E-13 -1.063944E-13 -1.064051E-13 -1.063121E-13 -1.063372E-13 -1.064123E-13 -1.062585E-13 -1.061262E-13
0.000000E+00  -2.114656E-14 -2.135040E-14 -2.137544E-14 -2.136113E-14 -2.130749E-14 -2.107861E-14 -2.135756E-14 -2.125384E-14 -2.125384E-14 -2.151849E-14 -2.150776E-14 -2.147557E-14 -2.139332E-14 -2.126100E-14 -2.112510E-14 -2.130391E-14 -2.130749E-14 -2.122166E-14 -2.123239E-14 -2.126815E-14
0.000000E+00  3.187576E-13  3.175738E-13  3.172055E-13  3.177384E-13  3.173199E-13  3.176382E-13  3.185502E-13  3.189865E-13  3.188434E-13  3.179386E-13  3.185538E-13  3.179386E-13  3.179994E-13  3.187505E-13  3.192297E-13  3.184000E-13  3.189471E-13  3.190544E-13  3.188828E-13  3.188398E-13
0.000000E+00  3.186045E-11  3.164691E-11  3.171257E-11  3.166501E-11  3.169108E-11  3.174834E-11  3.176940E-11  3.179179E-11  3.170453E-11  3.163339E-11  3.171723E-11  3.162149E-11  3.170238E-11  3.173225E-11  3.170857E-11  3.158834E-11  3.174762E-11  3.166494E-11  3.168615E-11  3.169920E-11
0.000000E+00  9.027251E-11  8.968565E-11  8.984694E-11  8.972784E-11  8.977720E-11  8.994958E-11  9.002110E-11  9.008905E-11  8.984336E-11  8.960947E-11  8.987090E-11  8.958873E-11  8.982118E-11  8.990880E-11  8.986088E-11  8.951148E-11  8.994421E-11  8.972749E-11  8.977828E-11  8.982190E-11
0.000000E+00  7.523622E-09  7.474108E-09  7.487340E-09  7.478041E-09  7.482065E-09  7.496513E-09  7.502253E-09  7.508368E-09  7.488413E-09  7.468457E-09  7.490523E-09  7.465739E-09  7.485373E-09  7.493044E-09  7.489271E-09  7.459517E-09  7.495762E-09  7.478078E-09  7.481976E-09  7.485981E-09
Gas           Ref
0.000000E+00  -1.104785E-13 -1.104642E-13 -1.106323E-13 -1.105643E-13 -1.105250E-13 -1.104964E-13 -1.103891E-13 -1.104356E-13 -1.105608E-13 -1.104749E-13 -1.104463E-13 -1.103176E-13 -1.103927E-13 -1.104392E-13 -1.105286E-13 -1.105250E-13 -1.105393E-13 -1.106037E-13 -1.104785E-13 -1.105000E-13
0.000000E+00  -2.352478E-14 -2.373221E-14 -2.367857E-14 -2.362850E-14 -2.395394E-14 -2.384665E-14 -2.366783E-14 -2.342107E-14 -2.360704E-14 -2.377155E-14 -2.392890E-14 -2.395394E-14 -2.391818E-14 -2.375724E-14 -2.373936E-14 -2.360704E-14 -2.361777E-14 -2.368929E-14 -2.373936E-14 -2.380731E-14
0.000000E+00  2.965489E-13  2.954688E-13  2.958587E-13  2.950504E-13  2.949896E-13  2.958622E-13  2.960696E-13  2.960518E-13  2.948323E-13  2.954045E-13  2.952435E-13  2.952650E-13  2.955618E-13  2.958730E-13  2.953938E-13  2.946320E-13  2.947786E-13  2.948645E-13  2.945319E-13  2.950969E-13
0.000000E+00  3.057514E-11  3.053412E-11  3.065657E-11  3.051602E-11  3.057861E-11  3.062742E-11  3.065861E-11  3.057904E-11  3.049581E-11  3.062943E-11  3.053712E-11  3.057546E-11  3.059481E-11  3.060368E-11  3.048906E-11  3.046059E-11  3.054123E-11  3.050014E-11  3.047997E-11  3.052189E-11
0.000000E+00  8.742758E-11  8.727416E-11  8.764109E-11  8.722909E-11  8.740469E-11  8.753023E-11  8.763429E-11  8.742579E-11  8.716151E-11  8.756097E-11  8.730099E-11  8.739754E-11  8.744690E-11  8.749661E-11  8.717008E-11  8.706852E-11  8.729919E-11  8.720227E-11  8.712395E-11  8.724697E-11
0.000000E+00  7.318397E-09  7.306112E-09  7.336725E-09  7.301624E-09  7.316716E-09  7.327695E-09  7.336081E-09  7.319058E-09  7.296617E-09  7.329626E-09  7.307900E-09  7.315714E-09  7.320667E-09  7.325013E-09  7.296849E-09  7.288356E-09  7.307900E-09  7.300729E-09  7.293183E-09  7.303448E-09
Gas           Sam
0.000000E+00  -1.072134E-13 -1.070345E-13 -1.069559E-13 -1.069380E-13 -1.070095E-13 -1.070310E-13 -1.067484E-13 -1.065875E-13 -1.066269E-13 -1.065339E-13 -1.063765E-13 -1.064123E-13 -1.063014E-13 -1.062370E-13 -1.064015E-13 -1.063837E-13 -1.061870E-13 -1.062978E-13 -1.062621E-13 -1.062907E-13
0.000000E+00  -2.160790E-14 -2.170088E-14 -2.150061E-14 -2.143266E-14 -2.171876E-14 -2.151134E-14 -2.166512E-14 -2.180459E-14 -2.178671E-14 -2.164723E-14 -2.171161E-14 -2.157929E-14 -2.174379E-14 -2.182247E-14 -2.165796E-14 -2.154710E-14 -2.167227E-14 -2.156140E-14 -2.146127E-14 -2.170803E-14
0.000000E+00  3.130821E-13  3.130213E-13  3.139833E-13  3.143659E-13  3.136757E-13  3.137508E-13  3.150275E-13  3.141406E-13  3.137579E-13  3.144804E-13  3.151384E-13  3.155640E-13  3.153494E-13  3.143230E-13  3.145447E-13  3.149024E-13  3.152528E-13  3.156605E-13  3.156713E-13  3.150919E-13
0.000000E+00  3.133109E-11  3.140394E-11  3.146410E-11  3.139081E-11  3.133320E-11  3.139543E-11  3.147508E-11  3.128271E-11  3.133310E-11  3.145526E-11  3.143559E-11  3.143781E-11  3.137487E-11  3.127444E-11  3.135842E-11  3.138098E-11  3.139124E-11  3.139879E-11  3.138824E-11  3.126082E-11
0.000000E+00  8.878299E-11  8.897933E-11  8.915493E-11  8.896753E-11  8.877118E-11  8.894213E-11  8.918175E-11  8.865388E-11  8.878478E-11  8.913276E-11  8.908984E-11  8.908626E-11  8.892318E-11  8.861883E-11  8.884451E-11  8.890780E-11  8.894178E-11  8.897432E-11  8.894250E-11  8.859023E-11
0.000000E+00  7.399041E-09  7.414759E-09  7.429941E-09  7.414563E-09  7.398094E-09  7.412739E-09  7.433213E-09  7.387579E-09  7.398934E-09  7.428635E-09  7.425524E-09  7.424773E-09  7.411255E-09  7.385094E-09  7.404388E-09  7.409627E-09  7.413025E-09  7.415367E-09  7.412989E-09  7.383377E-09
Gas           Ref
0.000000E+00  -1.102961E-13 -1.104678E-13 -1.106216E-13 -1.105250E-13 -1.104392E-13 -1.104535E-13 -1.102890E-13 -1.104606E-13 -1.105572E-13 -1.103462E-13 -1.104392E-13 -1.106073E-13 -1.107253E-13 -1.106073E-13 -1.104392E-13 -1.104427E-13 -1.103784E-13 -1.104141E-13 -1.105286E-13 -1.106001E-13
0.000000E+00  -2.434375E-14 -2.424719E-14 -2.412560E-14 -2.396109E-14 -2.404335E-14 -2.412202E-14 -2.409341E-14 -2.405050E-14 -2.405407E-14 -2.406122E-14 -2.420070E-14 -2.408984E-14 -2.424362E-14 -2.415779E-14 -2.423289E-14 -2.429726E-14 -2.421143E-14 -2.409341E-14 -2.416851E-14 -2.436879E-14
0.000000E+00  2.915564E-13  2.908304E-13  2.916780E-13  2.920249E-13  2.907374E-13  2.907660E-13  2.911344E-13  2.913919E-13  2.905872E-13  2.902511E-13  2.911916E-13  2.906230E-13  2.905157E-13  2.906373E-13  2.909448E-13  2.902224E-13  2.899185E-13  2.912524E-13  2.907410E-13  2.896395E-13
0.000000E+00  3.016061E-11  3.018135E-11  3.031504E-11  3.019981E-11  3.015321E-11  3.021933E-11  3.023757E-11  3.026829E-11  3.008726E-11  3.012442E-11  3.022920E-11  3.014409E-11  3.018153E-11  3.020267E-11  3.019773E-11  3.005161E-11  3.010521E-11  3.019530E-11  3.007728E-11  3.005311E-11
0.000000E+00  8.622845E-11  8.626744E-11  8.665153E-11  8.635220E-11  8.619627E-11  8.638081E-11  8.644053E-11  8.652028E-11  8.603104E-11  8.610328E-11  8.642050E-11  8.616336E-11  8.626815E-11  8.632644E-11  8.633789E-11  8.590837E-11  8.606037E-11  8.632644E-11  8.598884E-11  8.591374E-11
0.000000E+00  7.218064E-09  7.221479E-09  7.254542E-09  7.229418E-09  7.215292E-09  7.231207E-09  7.236356E-09  7.243080E-09  7.201380E-09  7.207639E-09  7.235194E-09  7.212717E-09  7.221944E-09  7.226844E-09  7.228042E-09  7.191260E-09  7.203634E-09  7.227023E-09  7.198698E-09  7.191707E-09
Gas           Sam
0.000000E+00  -1.074601E-13 -1.073135E-13 -1.072241E-13 -1.072849E-13 -1.071168E-13 -1.069737E-13 -1.069201E-13 -1.067592E-13 -1.066948E-13 -1.068736E-13 -1.068092E-13 -1.068414E-13 -1.067091E-13 -1.065339E-13 -1.064159E-13 -1.064087E-13 -1.063229E-13 -1.065196E-13 -1.064373E-13 -1.064802E-13
0.000000E+00  -2.202632E-14 -2.218010E-14 -2.213361E-14 -2.200486E-14 -2.206566E-14 -2.207281E-14 -2.196910E-14 -2.193334E-14 -2.231958E-14 -2.229812E-14 -2.231958E-14 -2.220156E-14 -2.206208E-14 -2.205851E-14 -2.213719E-14 -2.217653E-14 -2.235892E-14 -2.213719E-14 -2.214434E-14 -2.219798E-14
0.000000E+00  3.106251E-13  3.093198E-13  3.089729E-13  3.098348E-13  3.101245E-13  3.101745E-13  3.106323E-13  3.101566E-13  3.096202E-13  3.103605E-13  3.103068E-13  3.096381E-13  3.101316E-13  3.107861E-13  3.112403E-13  3.107968E-13  3.101602E-13  3.110757E-13  3.117195E-13  3.105035E-13
0.000000E+00  3.116955E-11  3.096685E-11  3.099031E-11  3.114677E-11  3.104449E-11  3.107292E-11  3.113858E-11  3.094636E-11  3.097260E-11  3.107668E-11  3.097196E-11  3.095776E-11  3.103118E-11  3.105328E-11  3.108669E-11  3.095004E-11  3.092705E-11  3.111072E-11  3.098859E-11  3.090773E-11
0.000000E+00  8.833023E-11  8.774981E-11  8.782347E-11  8.825477E-11  8.795580E-11  8.804807E-11  8.823725E-11  8.773299E-11  8.777305E-11  8.804521E-11  8.777305E-11  8.772191E-11  8.792290E-11  8.798762E-11  8.807882E-11  8.770188E-11  8.762427E-11  8.814498E-11  8.782848E-11  8.756348E-11
0.000000E+00  7.361526E-09  7.312800E-09  7.318521E-09  7.355804E-09  7.330395E-09  7.337547E-09  7.353712E-09  7.310708E-09  7.314319E-09  7.337404E-09  7.314945E-09  7.310386E-09  7.327873E-09  7.333578E-09  7.341016E-09  7.309295E-09  7.302232E-09  7.346738E-09  7.320202E-09  7.297421E-09
Gas           Ref
0.000000E+00  -1.104785E-13 -1.104821E-13 -1.105071E-13 -1.105429E-13 -1.105393E-13 -1.105858E-13 -1.104499E-13 -1.105572E-13 -1.104213E-13 -1.103855E-13 -1.104678E-13 -1.104177E-13 -1.103819E-13 -1.105357E-13 -1.106394E-13 -1.105715E-13 -1.105214E-13 -1.104678E-13 -1.104106E-13 -1.103104E-13
0.000000E+00  -2.444031E-14 -2.439024E-14 -2.432587E-14 -2.433302E-14 -2.435448E-14 -2.454402E-14 -2.445819E-14 -2.445104E-14 -2.454045E-14 -2.468708E-14 -2.471568E-14 -2.467277E-14 -2.473714E-14 -2.481940E-14 -2.463343E-14 -2.465846E-14 -2.485516E-14 -2.479079E-14 -2.440813E-14 -2.454045E-14
0.000000E+00  2.873364E-13  2.874794E-13  2.876260E-13  2.875867E-13  2.873793E-13  2.876260E-13  2.873972E-13  2.861955E-13  2.861848E-13  2.861777E-13  2.863851E-13  2.862492E-13  2.856770E-13  2.854767E-13  2.857450E-13  2.862599E-13  2.855554E-13  2.853444E-13  2.866354E-13  2.860954E-13
0.000000E+00  2.988724E-11  2.987959E-11  2.988727E-11  2.988388E-11  2.988138E-11  2.988377E-11  2.982126E-11  2.972985E-11  2.979547E-11  2.981822E-11  2.983445E-11  2.983002E-11  2.966866E-11  2.971583E-11  2.977130E-11  2.983309E-11  2.965103E-11  2.972702E-11  2.982433E-11  2.973417E-11
0.000000E+00  8.544024E-11  8.543524E-11  8.544346E-11  8.544024E-11  8.543345E-11  8.543416E-11  8.527859E-11  8.498140E-11  8.516594E-11  8.523711E-11  8.529540E-11  8.526393E-11  8.482798E-11  8.492920E-11  8.511122E-11  8.527108E-11  8.478113E-11  8.496674E-11  8.527788E-11  8.501002E-11
0.000000E+00  7.152511E-09  7.152063E-09  7.153208E-09  7.152654E-09  7.152385E-09  7.151849E-09  7.138814E-09  7.113797E-09  7.129962E-09  7.135827E-09  7.140476E-09  7.138170E-09  7.101084E-09  7.109273E-09  7.125027E-09  7.138617E-09  7.097507E-09  7.112742E-09  7.138724E-09  7.116157E-09
Gas           Sam
0.000000E+00  -1.073922E-13 -1.072026E-13 -1.070417E-13 -1.069737E-13 -1.068951E-13 -1.067556E-13 -1.067949E-13 -1.068236E-13 -1.066912E-13 -1.067377E-13 -1.067270E-13 -1.068057E-13 -1.067234E-13 -1.065410E-13 -1.066626E-13 -1.066090E-13 -1.064194E-13 -1.063157E-13 -1.063050E-13 -1.062800E-13
0.000000E+00  -2.251627E-14 -2.259853E-14 -2.265932E-14 -2.264859E-14 -2.261998E-14 -2.248051E-14 -2.245190E-14 -2.245905E-14 -2.235534E-14 -2.219798E-14 -2.222659E-14 -2.251627E-14 -2.267720E-14 -2.238037E-14 -2.232673E-14 -2.256276E-14 -2.264502E-14 -2.240898E-14 -2.231242E-14 -2.222659E-14
0.000000E+00  3.061941E-13  3.054467E-13  3.051355E-13  3.060225E-13  3.056434E-13  3.054574E-13  3.060547E-13  3.064016E-13  3.067592E-13  3.070202E-13  3.070954E-13  3.058365E-13  3.059652E-13  3.064909E-13  3.069130E-13  3.060976E-13  3.063658E-13  3.066841E-13  3.068307E-13  3.069523E-13
0.000000E+00  3.083417E-11  3.065267E-11  3.070610E-11  3.080481E-11  3.064051E-11  3.068507E-11  3.074083E-11  3.076010E-11  3.077902E-11  3.077505E-11  3.070345E-11  3.059888E-11  3.065610E-11  3.070674E-11  3.069083E-11  3.058379E-11  3.065331E-11  3.069562E-11  3.071722E-11  3.071515E-11
0.000000E+00  8.737966E-11  8.685645E-11  8.700021E-11  8.728668E-11  8.682569E-11  8.694728E-11  8.712252E-11  8.716437E-11  8.721658E-11  8.720120E-11  8.702131E-11  8.669766E-11  8.685395E-11  8.701274E-11  8.698376E-11  8.667120E-11  8.685751E-11  8.698627E-11  8.703598E-11  8.702096E-11
0.000000E+00  7.282169E-09  7.238592E-09  7.251019E-09  7.274730E-09  7.236410E-09  7.246102E-09  7.260568E-09  7.264484E-09  7.268453E-09  7.267542E-09  7.252342E-09  7.225520E-09  7.238574E-09  7.251305E-09  7.249464E-09  7.222499E-09  7.238109E-09  7.248945E-09  7.253755E-09  7.252325E-09
Gas           Ref
0.000000E+00  -1.104356E-13 -1.104034E-13 -1.103963E-13 -1.103712E-13 -1.104249E-13 -1.105071E-13 -1.107396E-13 -1.104892E-13 -1.104427E-13 -1.105000E-13 -1.105965E-13 -1.106967E-13 -1.104249E-13 -1.101710E-13 -1.101853E-13 -1.103140E-13 -1.103498E-13 -1.104928E-13 -1.105000E-13 -1.105751E-13
0.000000E+00  -2.518060E-14 -2.490881E-14 -2.513411E-14 -2.537372E-14 -2.498391E-14 -2.495887E-14 -2.509120E-14 -2.505543E-14 -2.509120E-14 -2.503397E-14 -2.508404E-14 -2.514842E-14 -2.498391E-14 -2.500536E-14 -2.509835E-14 -2.503040E-14 -2.507689E-14 -2.517345E-14 -2.503040E-14 -2.496245E-14
0.000000E+00  2.829376E-13  2.833774E-13  2.827552E-13  2.818504E-13  2.817967E-13  2.819004E-13  2.810099E-13  2.815893E-13  2.818826E-13  2.821722E-13  2.812138E-13  2.815464E-13  2.819434E-13  2.813926E-13  2.817109E-13  2.819255E-13  2.817431E-13  2.805808E-13  2.814927E-13  2.817538E-13
0.000000E+00  2.951599E-11  2.952929E-11  2.938792E-11  2.936020E-11  2.945018E-11  2.939779E-11  2.934483E-11  2.941700E-11  2.945265E-11  2.946198E-11  2.930109E-11  2.944249E-11  2.941020E-11  2.939239E-11  2.941649E-11  2.942790E-11  2.936010E-11  2.926890E-11  2.944661E-11  2.934000E-11
0.000000E+00  8.437523E-11  8.440920E-11  8.404120E-11  8.393105E-11  8.419641E-11  8.405622E-11  8.388849E-11  8.409699E-11  8.418247E-11  8.422538E-11  8.376654E-11  8.416387E-11  8.408805E-11  8.403512E-11  8.409448E-11  8.412810E-11  8.395250E-11  8.367284E-11  8.416673E-11  8.388492E-11
0.000000E+00  7.063372E-09  7.066322E-09  7.035423E-09  7.025356E-09  7.047743E-09  7.036675E-09  7.021368E-09  7.039482E-09  7.047583E-09  7.051373E-09  7.012392E-09  7.045276E-09  7.038194E-09  7.034118E-09  7.039214E-09  7.042200E-09  7.027466E-09  7.004041E-09  7.046062E-09  7.022155E-09
 Gas          
0.000000E+00  0.000000E+00  0.000000E+00  0.000000E+00  0.000000E+00  0.000000E+00  0.000000E+00  0.000000E+00  0.000000E+00  0.000000E+00  0.000000E+00  0.000000E+00  0.000000E+00  0.000000E+00  0.000000E+00  0.000000E+00  0.000000E+00  0.000000E+00  0.000000E+00  0.000000E+00  0.000000E+00
0.000000E+00  0.000000E+00  0.000000E+00  0.000000E+00  0.000000E+00  0.000000E+00  0.000000E+00  0.000000E+00  0.000000E+00  0.000000E+00  0.000000E+00  0.000000E+00  0.000000E+00  0.000000E+00  0.000000E+00  0.000000E+00  0.000000E+00  0.000000E+00  0.000000E+00  0.000000E+00  0.000000E+00
0.000000E+00  0.000000E+00  0.000000E+00  0.000000E+00  0.000000E+00  0.000000E+00  0.000000E+00  0.000000E+00  0.000000E+00  0.000000E+00  0.000000E+00  0.000000E+00  0.000000E+00  0.000000E+00  0.000000E+00  0.000000E+00  0.000000E+00  0.000000E+00  0.000000E+00  0.000000E+00  0.000000E+00
0.000000E+00  0.000000E+00  0.000000E+00  0.000000E+00  0.000000E+00  0.000000E+00  0.000000E+00  0.000000E+00  0.000000E+00  0.000000E+00  0.000000E+00  0.000000E+00  0.000000E+00  0.000000E+00  0.000000E+00  0.000000E+00  0.000000E+00  0.000000E+00  0.000000E+00  0.000000E+00  0.000000E+00
0.000000E+00  0.000000E+00  0.000000E+00  0.000000E+00  0.000000E+00  0.000000E+00  0.000000E+00  0.000000E+00  0.000000E+00  0.000000E+00  0.000000E+00  0.000000E+00  0.000000E+00  0.000000E+00  0.000000E+00  0.000000E+00  0.000000E+00  0.000000E+00  0.000000E+00  0.000000E+00  0.000000E+00
0.000000E+00  0.000000E+00  0.000000E+00  0.000000E+00  0.000000E+00  0.000000E+00  0.000000E+00  0.000000E+00  0.000000E+00  0.000000E+00  0.000000E+00  0.000000E+00  0.000000E+00  0.000000E+00  0.000000E+00  0.000000E+00  0.000000E+00  0.000000E+00  0.000000E+00  0.000000E+00  0.000000E+00
End of Analysis
"H3 factor",13.13339
"Linearity factor (0)",52.88039
"Linearity factor (1)",18.00761
"Linearity factor (2)",-.1321419
"Linearity factor (3)",9.804096E-04
"Linearity factor (4)",-7.965973E-02
"Linearity factor (5)",0
"Collector Gains :",500,5000,5000,5000,500,500,50,500,1,5
"Number of deflectors available : ",33
"Source HT",8000
"Extraction V",780
"H Defl",310
"Trap",850
"Trap Voltage",24
"Repeller",4
"Filament V",-110
"Delta HP",19
"Z Lens",110
"Delta Z",130
"Max Current",3.5
"Heater Current",1
"Quad 1",120
"Cubic 1",50
"Lin 1",0
"Deflect 1 I",5
"Deflect 1 O",5
"Offset 1",0
"Offset 2",0
"Quad 2",-620
"Cubic 2",0
"Lin 2",0
"Q1 I Cor",0
"Q1 O Cor",0
"Suppressor",-100
"Mop Plate",-15
"ESA H1",790
"ESA H1 delta",0
"ESA H2",800
"ESA H2 delta",0
"ESA H3",820
"ESA H3 delta",0
"ESA HD",0
"ESA HD delta",0
"Batch Started: ","13:02:19 15:29:56"
"Data File: ","C:\Nu Stable\Results\2019\201902013 standard PD4 BSS WNI ZE NTA\Data_9300 WNI-4.txt"
"Sample Name: ","WNI-4"
"Sample Weight: ",73
"Sample Type: ","Sam"
"Vial Number: ",23
"Sam Beam First CO: ","7.645784e-09"
"Sam Beam Last CO: ","7.247065e-09"
"Ref Beam First CO: ","7.594021e-09"
"Ref Beam Second CO: ","7.503467e-09"
"Ref BeamLast CO: ","7.033210e-09"
"Sam Depletion: ","5 %"
"Ref Depletion: ","7 %"
"Observed CP Temperature: ",70.254
"Std Dev: ","0.000e00"
"Min: ","70.254"
"Max: ","70.254"
"Ave Started: ","14:02:19 05:45:29"
"Ave Stopped: ","14:02:19 05:48:29"
"Num: ",6
"Current Mass: ",46.03193
"Method File Name","C:\Nu Stable\Analyses\DI\040216 12-12-20 6 collectors.rdf"
"Version 6"
"Analysis Type","DI"
"Analysis Calculation Routine ","Clumped CO2 Iterative"
"Gas ID ","CO2"
"Ref Gas Identifier ","AirLiquide01"
"Centring collector ",8
"Num of Ref/Sam cycles ",6
"Cycles length(secs) ",20
"C/O valve stabilisation time ",12
"Offset for zero measurement(amu) ",0
"Zero measurement time ",20
"Spare",0
"Spare",0
0
-1
-1
-1
-1
0
-1
0
-1
0
"Num Clumped Blocks","1"
"Do zero at start of block",#FALSE#
"Balance beams",#FALSE#
"Mag Hysteresis Offset",.001
"Apply Hysteresis Offset",#FALSE#
"Target Beam (A) ",.00000005
"Use CF with Bellows ",#FALSE#
"DI Auto Gas balancing: ","True"
"Pirani pressure",3.322723E-02
"Cold finger status","CF"
"Inlet transducer pressure",2.197161
"Sample operations:  InitialisePrepSampleRun; CheckIfCFRequired; UseCF; SampleTrapped; BalanceRefToSamValue; DepletingBalance; SampleReady;"
"Number of sample chops",0
"Number of sample double chops",0
"Run from bellows",#FALSE#
"Max sample pump-over pressure (mBar)","0.000000e00"
"Max sample pump-over pressure (raw)",0
"Pre-balance Sam Beam","7.864398e-09"
"Min ref beam","3.613762e-09"
"Max ref beam","2.202747e-08"
"Ref bellows position",4455
"Sam bellows position",8448
"Balance %",.1667892
"Initial Sam Beam","8.187897e-09"
"Final Ref Beam","7.890816e-09"
"Final Sam Beam","7.903977e-09"
"Pre-depleted Ref Beam",7.911809E-09
"InletPiraniPressure",3.322723E-02
"Depletion Factor",.96
"Balance End","14/02/19 06:27:23"
"Water Trap Temperature Hot",-195.1766
"Water Trap Temperature Cold",-195.1766
"DP Version",25
"Num Gas Cycles ",1
"UseFrontHeightThreshold(1)",#TRUE#
"FrontHeightThreshold(1)",2
"UseBackHeightThreshold(1)",#TRUE#
"BackHeightThreshold(1)",2.7
"UsePeakWidthLimit(1)",#FALSE#
"PeakWidthLimit(1)",6
"RefGasFrontHeightThreshold(1)",40
"RefGasBackHeightThreshold(1)",10
"Measure_Elemental_Comp",#TRUE#
"Use_TCD_For_Elem_Calcs",#FALSE#
"Sample_Name","WNI-4"
"Sample_Type","Sam"
"Sample_Weight",73
"Sample_Vial",23
"Standard_Type",""
"NoAnalysisCycles",1
"Gas1","CO2"
"Ref Gas1","AirLiquide01"
"Analysis_Routine1","Clumped CO2 Iterative"
"ZeroWidth1",10
"NoZeros1",1
"ZeroTime1",10
"Delta wrt Std 1",#FALSE#
"AllowLinearityCorrection",#FALSE#
"Num Collectors",6
"LinearityFactor(Cent)",52880.39
"LinearityFactor(Low2)",18007.61
"LinearityFactor(Low4)",-132.1419
"LinearityFactor()",.9804096
"LinearityFactor()",-79.65973
"LinearityFactor()",0
"UseH3Factor",#FALSE#
"H3Factor",0
"Axial Mass",46
"Anal Start",0
"Anal End",0
"Calc Linearity Correction from Ref Peaks",#FALSE#
"Temperature",25
"Std Temperature",25
"A_Factor",1.01025
"K_Factor",.04
"TemperatureCorrectionEnabled",#FALSE#
"GC ZeroMethod","Lowest Peak Limit"
"GC AllowZeroToCutPoints",#FALSE#
"GC UseIsotopicShift",#TRUE#
"GC InterpolatePeakHeight",#TRUE#
"GC NumZeroPoints",10
"GC Min Peak Height",.0000000001
"GC No UserPeaks",0
"SmoothingInterval",10
"DropFactor",1
"GradientRejectfactor",10
"SectionSize",100
"BackgroundStartTime",1
"CutOffTime",1000
"UseNewBackgroundCalcn",#FALSE#
"GC Label File","None.lab"
"GC No User Defined Background Points",0
"GC No Auto-detected Peaks to be Removed",0
"GC No Auto-calculated Background Points to Remove",0
"GC Std Peak In Sample",#FALSE#
"GC Std Peak Time",0
"Max Gap For Grouping EA Ref Pulses",20
"Group EA Ref Peaks",#FALSE#
"Use Defined Peak Limits (1)",#FALSE#
"Peak Start (1)",0
"Peak End (1)",0
"DP Version",25
"Num Gas Cycles ",1
"UseFrontHeightThreshold(1)",#TRUE#
"FrontHeightThreshold(1)",2
"UseBackHeightThreshold(1)",#TRUE#
"BackHeightThreshold(1)",2.7
"UsePeakWidthLimit(1)",#FALSE#
"PeakWidthLimit(1)",6
"RefGasFrontHeightThreshold(1)",40
"RefGasBackHeightThreshold(1)",10
"Measure_Elemental_Comp",#TRUE#
"Use_TCD_For_Elem_Calcs",#FALSE#
"Sample_Name","WNI-4"
"Sample_Type","Sam"
"Sample_Weight",73
"Sample_Vial",23
"Standard_Type",""
"NoAnalysisCycles",1
"Gas1","CO2"
"Ref Gas1","AirLiquide01"
"Analysis_Routine1","Clumped CO2 Iterative"
"ZeroWidth1",10
"NoZeros1",1
"ZeroTime1",10
"Delta wrt Std 1",#FALSE#
"AllowLinearityCorrection",#FALSE#
"Num Collectors",6
"LinearityFactor(Cent)",52880.39
"LinearityFactor(Low2)",18007.61
"LinearityFactor(Low4)",-132.1419
"LinearityFactor()",.9804096
"LinearityFactor()",-79.65973
"LinearityFactor()",0
"UseH3Factor",#FALSE#
"H3Factor",0
"Axial Mass",46
"Anal Start",0
"Anal End",0
"Calc Linearity Correction from Ref Peaks",#FALSE#
"Temperature",25
"Std Temperature",25
"A_Factor",1.01025
"K_Factor",.04
"TemperatureCorrectionEnabled",#FALSE#
"GC ZeroMethod","Lowest Peak Limit"
"GC AllowZeroToCutPoints",#FALSE#
"GC UseIsotopicShift",#TRUE#
"GC InterpolatePeakHeight",#TRUE#
"GC NumZeroPoints",10
"GC Min Peak Height",.0000000001
"GC No UserPeaks",0
"SmoothingInterval",10
"DropFactor",1
"GradientRejectfactor",10
"SectionSize",100
"BackgroundStartTime",1
"CutOffTime",1000
"UseNewBackgroundCalcn",#FALSE#
"GC Label File","None.lab"
"GC No User Defined Background Points",0
"GC No Auto-detected Peaks to be Removed",0
"GC No Auto-calculated Background Points to Remove",0
"GC Std Peak In Sample",#FALSE#
"GC Std Peak Time",0
"Max Gap For Grouping EA Ref Pulses",20
"Group EA Ref Peaks",#FALSE#
"Use Defined Peak Limits (1)",#FALSE#
"Peak Start (1)",0
"Peak End (1)",0
"End of Data file"


