"Clumped CO2 Iterative Analysis,         Data File Version 10"
"Started analysis at 5:27:37 PM on the Wednesday, February 13, 2019"
"UTC FileTimeLow",1384682112," UTC FileTimeHigh",30721003
"Time Zone ","Eastern Daylight Time"
"CO Disabled",#FALSE#
"Persective Instrument","PS019"
"User logged in",#FALSE#
"Software Version","Stable 1.69.5"
"Axial Mass is :",46
"No_C_O_Cycles",6
"Num Blocks",1
0
-1
-1
-1
-1
0
-1
0
-1
0
"Sample Name is ","PD4 124.5"
Zero Data
-1.178731855774E-13, -5.940240331147E-14, -6.419068699975E-14, -3.886703411643E-14, 1.068950720854E-13, 4.076067478334E-12, Measured at start of run
Individual Data
No_C_O_Cycles                6 
Cycle_Length   20 
Zero_Measurement_Length      20 
Axial_Mass     46 
 Gas          Bla
0.000000E+00  -1.178063E-13 -1.179494E-13 -1.179601E-13 -1.178993E-13 -1.178385E-13 -1.178850E-13 -1.178027E-13 -1.179959E-13 -1.179494E-13 -1.178671E-13 -1.177741E-13 -1.176633E-13 -1.178635E-13 -1.180316E-13 -1.177241E-13 -1.178242E-13 -1.179172E-13 -1.178778E-13 -1.179744E-13 -1.178600E-13
0.000000E+00  -5.948430E-14 -5.944138E-14 -5.931264E-14 -5.950218E-14 -5.940920E-14 -5.930906E-14 -5.941635E-14 -5.949503E-14 -5.941277E-14 -5.926972E-14 -5.936271E-14 -5.925899E-14 -5.953437E-14 -5.935913E-14 -5.944496E-14 -5.944496E-14 -5.945927E-14 -5.943066E-14 -5.934482E-14 -5.935556E-14
0.000000E+00  -6.429440E-14 -6.422645E-14 -6.427294E-14 -6.421572E-14 -6.415850E-14 -6.426937E-14 -6.426579E-14 -6.427652E-14 -6.408697E-14 -6.406910E-14 -6.397611E-14 -6.403333E-14 -6.423003E-14 -6.411916E-14 -6.413347E-14 -6.407267E-14 -6.420142E-14 -6.429082E-14 -6.430155E-14 -6.431943E-14
0.000000E+00  -3.840927E-14 -3.865961E-14 -3.755096E-14 -3.855232E-14 -3.887418E-14 -3.858808E-14 -3.862385E-14 -3.855232E-14 -3.865961E-14 -3.916029E-14 -3.783706E-14 -3.962521E-14 -3.905300E-14 -3.901724E-14 -3.930334E-14 -3.905300E-14 -3.923181E-14 -3.962521E-14 -3.919605E-14 -3.976826E-14
0.000000E+00  1.101495E-13  1.058579E-13  1.087190E-13  1.097919E-13  1.069308E-13  1.069308E-13  1.072885E-13  1.065732E-13  1.076461E-13  1.062156E-13  1.080037E-13  1.051427E-13  1.051427E-13  1.065732E-13  1.069308E-13  1.062156E-13  1.055003E-13  1.062156E-13  1.072885E-13  1.047851E-13
0.000000E+00  4.273657E-12  4.202131E-12  4.166369E-12  4.255776E-12  4.220013E-12  4.148487E-12  4.202131E-12  4.076961E-12  4.130606E-12  4.059080E-12  4.094843E-12  4.059080E-12  4.059080E-12  3.898147E-12  4.005436E-12  4.023317E-12  3.880266E-12  3.951792E-12  3.898147E-12  3.916029E-12
Gas           Ref
0.000000E+00  -1.175631E-13 -1.174809E-13 -1.172913E-13 -1.174594E-13 -1.174701E-13 -1.176990E-13 -1.177634E-13 -1.176561E-13 -1.174737E-13 -1.174844E-13 -1.175345E-13 -1.175131E-13 -1.175202E-13 -1.174844E-13 -1.174558E-13 -1.175917E-13 -1.176525E-13 -1.174415E-13 -1.172770E-13 -1.175023E-13
0.000000E+00  -3.998284E-14 -3.990416E-14 -3.990058E-14 -3.983978E-14 -3.998641E-14 -4.001144E-14 -4.013661E-14 -4.000787E-14 -4.010085E-14 -4.021171E-14 -3.997926E-14 -3.994350E-14 -3.985766E-14 -3.997926E-14 -4.003290E-14 -3.989700E-14 -4.006867E-14 -4.023317E-14 -4.024390E-14 -4.003290E-14
0.000000E+00  1.411880E-13  1.412453E-13  1.413275E-13  1.413239E-13  1.412202E-13  1.413168E-13  1.410521E-13  1.408411E-13  1.411523E-13  1.412167E-13  1.412631E-13  1.410057E-13  1.410808E-13  1.407875E-13  1.410235E-13  1.406552E-13  1.398541E-13  1.393713E-13  1.394607E-13  1.400830E-13
0.000000E+00  1.761033E-11  1.760103E-11  1.759949E-11  1.759445E-11  1.760014E-11  1.758833E-11  1.758883E-11  1.758114E-11  1.758540E-11  1.757846E-11  1.757807E-11  1.757049E-11  1.756874E-11  1.756673E-11  1.756588E-11  1.755443E-11  1.742315E-11  1.743137E-11  1.744242E-11  1.755504E-11
0.000000E+00  5.044739E-11  5.042487E-11  5.042736E-11  5.040448E-11  5.042165E-11  5.038660E-11  5.039375E-11  5.036156E-11  5.038159E-11  5.036013E-11  5.036228E-11  5.034154E-11  5.033581E-11  5.032187E-11  5.032830E-11  5.029075E-11  4.992633E-11  4.994063E-11  4.996710E-11  5.028289E-11
0.000000E+00  4.221980E-09  4.220013E-09  4.220281E-09  4.218350E-09  4.219691E-09  4.216705E-09  4.217313E-09  4.215238E-09  4.215972E-09  4.215095E-09  4.214684E-09  4.212950E-09  4.212700E-09  4.211358E-09  4.211913E-09  4.209105E-09  4.177831E-09  4.178832E-09  4.181371E-09  4.208032E-09
Gas           Sam
0.000000E+00  -1.139725E-13 -1.138188E-13 -1.138259E-13 -1.137687E-13 -1.137436E-13 -1.135720E-13 -1.133610E-13 -1.131321E-13 -1.132716E-13 -1.133717E-13 -1.131285E-13 -1.131393E-13 -1.132072E-13 -1.130534E-13 -1.128710E-13 -1.128925E-13 -1.128174E-13 -1.127387E-13 -1.128460E-13 -1.129068E-13
0.000000E+00  -3.881339E-14 -3.863458E-14 -3.875259E-14 -3.884200E-14 -3.871325E-14 -3.853802E-14 -3.875975E-14 -3.866319E-14 -3.867392E-14 -3.879551E-14 -3.892783E-14 -3.889922E-14 -3.870610E-14 -3.872041E-14 -3.880266E-14 -3.882769E-14 -3.883127E-14 -3.868465E-14 -3.871683E-14 -3.865961E-14
0.000000E+00  1.493849E-13  1.500572E-13  1.511301E-13  1.514234E-13  1.515450E-13  1.516523E-13  1.518418E-13  1.516701E-13  1.518168E-13  1.509155E-13  1.507439E-13  1.513876E-13  1.525392E-13  1.525320E-13  1.523639E-13  1.515271E-13  1.516451E-13  1.523460E-13  1.526786E-13  1.526894E-13
0.000000E+00  1.765500E-11  1.774244E-11  1.776965E-11  1.776783E-11  1.776017E-11  1.775606E-11  1.775274E-11  1.775156E-11  1.770206E-11  1.761619E-11  1.763429E-11  1.771422E-11  1.774204E-11  1.773843E-11  1.762621E-11  1.761405E-11  1.766168E-11  1.773142E-11  1.772684E-11  1.772212E-11
0.000000E+00  5.006830E-11  5.031579E-11  5.040519E-11  5.038946E-11  5.038266E-11  5.037229E-11  5.036549E-11  5.035047E-11  5.021994E-11  4.997532E-11  5.000894E-11  5.022995E-11  5.032508E-11  5.031328E-11  5.000429E-11  4.995565E-11  5.009084E-11  5.029683E-11  5.028074E-11  5.026465E-11
0.000000E+00  4.184608E-09  4.205493E-09  4.212664E-09  4.211644E-09  4.210965E-09  4.210106E-09  4.209302E-09  4.208176E-09  4.197053E-09  4.175971E-09  4.179333E-09  4.198090E-09  4.206423E-09  4.204742E-09  4.179011E-09  4.174576E-09  4.186235E-09  4.204045E-09  4.202471E-09  4.200916E-09
Gas           Ref
0.000000E+00  -1.174987E-13 -1.173950E-13 -1.174630E-13 -1.173879E-13 -1.175524E-13 -1.176060E-13 -1.175667E-13 -1.175452E-13 -1.174558E-13 -1.173772E-13 -1.174415E-13 -1.175023E-13 -1.175739E-13 -1.174308E-13 -1.174129E-13 -1.175381E-13 -1.175095E-13 -1.174058E-13 -1.174773E-13 -1.174666E-13
0.000000E+00  -3.991131E-14 -3.999714E-14 -3.999714E-14 -4.012589E-14 -4.010085E-14 -4.032258E-14 -4.029397E-14 -4.026178E-14 -4.024390E-14 -4.030470E-14 -4.022244E-14 -4.020456E-14 -4.036192E-14 -4.037622E-14 -4.041199E-14 -4.029397E-14 -4.040483E-14 -4.047636E-14 -4.044417E-14 -4.041199E-14
0.000000E+00  1.390244E-13  1.389707E-13  1.391281E-13  1.390101E-13  1.386846E-13  1.386954E-13  1.388527E-13  1.390459E-13  1.388384E-13  1.386560E-13  1.385487E-13  1.382841E-13  1.385559E-13  1.386703E-13  1.385130E-13  1.385487E-13  1.384844E-13  1.383985E-13  1.381804E-13  1.380552E-13
0.000000E+00  1.741303E-11  1.741023E-11  1.741009E-11  1.740330E-11  1.739582E-11  1.739815E-11  1.739368E-11  1.738924E-11  1.738731E-11  1.738202E-11  1.738416E-11  1.737204E-11  1.737587E-11  1.737326E-11  1.736124E-11  1.736425E-11  1.735309E-11  1.735634E-11  1.734536E-11  1.735598E-11
0.000000E+00  4.988735E-11  4.988306E-11  4.988091E-11  4.985910E-11  4.983478E-11  4.984729E-11  4.983799E-11  4.981797E-11  4.982083E-11  4.979401E-11  4.980259E-11  4.977183E-11  4.978400E-11  4.976862E-11  4.974179E-11  4.975145E-11  4.971497E-11  4.972534E-11  4.969995E-11  4.971604E-11
0.000000E+00  4.175416E-09  4.174827E-09  4.174344E-09  4.172949E-09  4.170589E-09  4.171322E-09  4.170338E-09  4.169176E-09  4.169355E-09  4.166994E-09  4.167924E-09  4.165403E-09  4.166708E-09  4.165564E-09  4.162989E-09  4.163543E-09  4.160986E-09  4.161898E-09  4.159699E-09  4.161040E-09
Gas           Sam
0.000000E+00  -1.138509E-13 -1.137544E-13 -1.138116E-13 -1.137007E-13 -1.136757E-13 -1.134933E-13 -1.134647E-13 -1.133395E-13 -1.132322E-13 -1.132895E-13 -1.132680E-13 -1.133038E-13 -1.131679E-13 -1.129962E-13 -1.130356E-13 -1.130391E-13 -1.129783E-13 -1.129461E-13 -1.130391E-13 -1.130248E-13
0.000000E+00  -3.911380E-14 -3.902439E-14 -3.902797E-14 -3.912810E-14 -3.896717E-14 -3.893498E-14 -3.885273E-14 -3.882769E-14 -3.889207E-14 -3.899936E-14 -3.908161E-14 -3.907446E-14 -3.894929E-14 -3.883843E-14 -3.869895E-14 -3.890995E-14 -3.892425E-14 -3.888491E-14 -3.874544E-14 -3.874544E-14
0.000000E+00  1.488806E-13  1.492097E-13  1.484801E-13  1.480724E-13  1.484980E-13  1.493777E-13  1.498355E-13  1.499535E-13  1.501752E-13  1.501323E-13  1.492025E-13  1.491238E-13  1.496138E-13  1.501574E-13  1.504935E-13  1.504756E-13  1.504113E-13  1.494028E-13  1.497032E-13  1.502253E-13
0.000000E+00  1.759799E-11  1.758429E-11  1.745737E-11  1.747479E-11  1.753523E-11  1.759080E-11  1.758748E-11  1.757811E-11  1.758000E-11  1.754914E-11  1.744013E-11  1.745640E-11  1.754467E-11  1.757020E-11  1.756638E-11  1.755790E-11  1.750419E-11  1.743076E-11  1.745691E-11  1.754399E-11
0.000000E+00  4.991918E-11  4.988055E-11  4.952757E-11  4.956941E-11  4.973178E-11  4.989700E-11  4.988198E-11  4.986017E-11  4.986124E-11  4.978971E-11  4.946856E-11  4.951291E-11  4.975860E-11  4.983978E-11  4.983406E-11  4.980616E-11  4.966311E-11  4.943781E-11  4.951756E-11  4.975967E-11
0.000000E+00  4.172609E-09  4.169105E-09  4.138831E-09  4.142247E-09  4.156266E-09  4.170088E-09  4.168943E-09  4.167746E-09  4.167388E-09  4.161273E-09  4.133986E-09  4.137597E-09  4.158590E-09  4.165546E-09  4.165260E-09  4.162918E-09  4.150222E-09  4.131464E-09  4.137830E-09  4.158394E-09
Gas           Ref
0.000000E+00  -1.176525E-13 -1.175989E-13 -1.176346E-13 -1.175417E-13 -1.175023E-13 -1.174594E-13 -1.174129E-13 -1.172877E-13 -1.173772E-13 -1.173342E-13 -1.174272E-13 -1.174022E-13 -1.176454E-13 -1.176454E-13 -1.177276E-13 -1.175917E-13 -1.175774E-13 -1.175095E-13 -1.175595E-13 -1.175417E-13
0.000000E+00  -4.050140E-14 -4.049424E-14 -4.039411E-14 -4.051570E-14 -4.056577E-14 -4.044417E-14 -4.034761E-14 -4.037265E-14 -4.038695E-14 -4.041914E-14 -4.032616E-14 -4.034046E-14 -4.036192E-14 -4.059438E-14 -4.048709E-14 -4.034046E-14 -4.030112E-14 -4.037265E-14 -4.031185E-14 -4.042629E-14
0.000000E+00  1.367284E-13  1.367678E-13  1.364709E-13  1.354624E-13  1.351870E-13  1.360132E-13  1.366640E-13  1.367964E-13  1.364960E-13  1.361991E-13  1.362599E-13  1.361169E-13  1.365496E-13  1.363350E-13  1.362921E-13  1.362242E-13  1.358987E-13  1.360704E-13  1.359094E-13  1.357843E-13
0.000000E+00  1.720320E-11  1.720549E-11  1.714037E-11  1.707464E-11  1.709381E-11  1.720528E-11  1.719405E-11  1.718514E-11  1.718568E-11  1.717835E-11  1.717803E-11  1.717284E-11  1.716905E-11  1.716683E-11  1.716683E-11  1.716111E-11  1.715850E-11  1.715367E-11  1.714938E-11  1.714631E-11
0.000000E+00  4.928867E-11  4.929798E-11  4.911845E-11  4.891531E-11  4.898112E-11  4.928832E-11  4.926150E-11  4.923503E-11  4.924147E-11  4.922716E-11  4.921250E-11  4.921322E-11  4.919748E-11  4.918353E-11  4.917459E-11  4.916136E-11  4.916101E-11  4.914348E-11  4.913990E-11  4.912453E-11
0.000000E+00  4.124902E-09  4.125224E-09  4.110310E-09  4.093412E-09  4.098330E-09  4.124669E-09  4.122631E-09  4.120342E-09  4.120610E-09  4.119662E-09  4.118411E-09  4.118214E-09  4.116783E-09  4.116068E-09  4.115729E-09  4.114513E-09  4.114298E-09  4.113118E-09  4.112599E-09  4.111169E-09
Gas           Sam
0.000000E+00  -1.140512E-13 -1.139117E-13 -1.139153E-13 -1.138688E-13 -1.137222E-13 -1.137508E-13 -1.135112E-13 -1.134397E-13 -1.132930E-13 -1.133681E-13 -1.133574E-13 -1.130069E-13 -1.131536E-13 -1.131214E-13 -1.129891E-13 -1.131357E-13 -1.129783E-13 -1.130606E-13 -1.132287E-13 -1.128925E-13
0.000000E+00  -3.912810E-14 -3.913526E-14 -3.949646E-14 -3.932122E-14 -3.936056E-14 -3.931407E-14 -3.920321E-14 -3.934626E-14 -3.942493E-14 -3.940705E-14 -3.924612E-14 -3.923181E-14 -3.946070E-14 -3.953938E-14 -3.940347E-14 -3.921393E-14 -3.915314E-14 -3.924254E-14 -3.912453E-14 -3.909234E-14
0.000000E+00  1.464845E-13  1.460196E-13  1.458408E-13  1.463415E-13  1.473285E-13  1.473822E-13  1.473607E-13  1.478042E-13  1.478900E-13  1.480724E-13  1.482977E-13  1.482119E-13  1.482440E-13  1.483942E-13  1.483442E-13  1.481975E-13  1.475395E-13  1.472391E-13  1.480366E-13  1.482655E-13
0.000000E+00  1.741832E-11  1.729372E-11  1.730806E-11  1.737733E-11  1.741975E-11  1.741102E-11  1.741449E-11  1.740813E-11  1.740433E-11  1.740380E-11  1.739722E-11  1.739747E-11  1.739353E-11  1.738545E-11  1.738370E-11  1.732108E-11  1.725624E-11  1.729594E-11  1.738377E-11  1.735670E-11
0.000000E+00  4.941993E-11  4.905980E-11  4.908769E-11  4.929189E-11  4.941957E-11  4.939275E-11  4.939096E-11  4.937487E-11  4.937165E-11  4.936342E-11  4.935520E-11  4.935627E-11  4.934268E-11  4.933195E-11  4.930942E-11  4.914420E-11  4.895251E-11  4.905372E-11  4.931550E-11  4.924362E-11
0.000000E+00  4.130230E-09  4.099957E-09  4.102192E-09  4.119412E-09  4.130123E-09  4.128121E-09  4.128299E-09  4.126743E-09  4.126869E-09  4.125599E-09  4.124812E-09  4.124884E-09  4.123954E-09  4.123096E-09  4.121004E-09  4.107181E-09  4.090319E-09  4.099278E-09  4.121772E-09  4.115675E-09
Gas           Ref
0.000000E+00  -1.173485E-13 -1.173450E-13 -1.172877E-13 -1.173307E-13 -1.174379E-13 -1.174129E-13 -1.175381E-13 -1.175095E-13 -1.174129E-13 -1.173843E-13 -1.174415E-13 -1.173807E-13 -1.173414E-13 -1.174058E-13 -1.174236E-13 -1.174666E-13 -1.174308E-13 -1.171626E-13 -1.173664E-13 -1.174236E-13
0.000000E+00  -4.072670E-14 -4.058723E-14 -4.046563E-14 -4.065160E-14 -4.063729E-14 -4.061226E-14 -4.064087E-14 -4.066232E-14 -4.048351E-14 -4.050140E-14 -4.071239E-14 -4.073385E-14 -4.082684E-14 -4.069809E-14 -4.062657E-14 -4.061941E-14 -4.055504E-14 -4.081968E-14 -4.071955E-14 -4.064087E-14
0.000000E+00  1.344324E-13  1.342787E-13  1.341428E-13  1.343001E-13  1.343860E-13  1.342501E-13  1.340426E-13  1.340927E-13  1.341106E-13  1.340498E-13  1.339747E-13  1.338745E-13  1.337208E-13  1.336564E-13  1.339568E-13  1.337565E-13  1.334025E-13  1.336993E-13  1.337315E-13  1.336814E-13
0.000000E+00  1.700469E-11  1.700090E-11  1.700469E-11  1.699753E-11  1.699220E-11  1.699088E-11  1.698913E-11  1.698062E-11  1.697908E-11  1.697253E-11  1.696928E-11  1.697278E-11  1.696731E-11  1.695898E-11  1.695612E-11  1.696034E-11  1.695752E-11  1.695329E-11  1.694797E-11  1.694142E-11
0.000000E+00  4.872041E-11  4.871110E-11  4.871683E-11  4.870288E-11  4.868178E-11  4.868285E-11  4.867713E-11  4.864745E-11  4.865675E-11  4.863600E-11  4.862277E-11  4.863100E-11  4.861848E-11  4.859846E-11  4.858558E-11  4.859237E-11  4.858915E-11  4.857700E-11  4.854874E-11  4.854481E-11
0.000000E+00  4.077534E-09  4.076246E-09  4.076854E-09  4.075835E-09  4.074404E-09  4.073904E-09  4.073653E-09  4.071490E-09  4.071812E-09  4.070256E-09  4.069326E-09  4.069577E-09  4.068504E-09  4.066734E-09  4.066143E-09  4.066698E-09  4.066036E-09  4.065321E-09  4.062925E-09  4.062424E-09
Gas           Sam
0.000000E+00  -1.140941E-13 -1.139547E-13 -1.139296E-13 -1.139082E-13 -1.137866E-13 -1.134504E-13 -1.134540E-13 -1.132966E-13 -1.132930E-13 -1.133431E-13 -1.133109E-13 -1.132501E-13 -1.132859E-13 -1.133288E-13 -1.133717E-13 -1.131464E-13 -1.130391E-13 -1.131321E-13 -1.131285E-13 -1.129604E-13
0.000000E+00  -3.945354E-14 -3.933910E-14 -3.938202E-14 -3.949288E-14 -3.944997E-14 -3.934268E-14 -3.915314E-14 -3.943566E-14 -3.931049E-14 -3.938202E-14 -3.932122E-14 -3.936772E-14 -3.946070E-14 -3.955726E-14 -3.963593E-14 -3.940705E-14 -3.923897E-14 -3.936772E-14 -3.914956E-14 -3.932122E-14
0.000000E+00  1.446320E-13  1.446964E-13  1.449110E-13  1.439632E-13  1.437987E-13  1.443602E-13  1.451827E-13  1.455261E-13  1.456405E-13  1.456906E-13  1.453687E-13  1.455010E-13  1.455368E-13  1.455976E-13  1.459266E-13  1.459588E-13  1.460911E-13  1.462592E-13  1.459409E-13  1.451685E-13
0.000000E+00  1.725320E-11  1.724605E-11  1.721626E-11  1.711262E-11  1.713397E-11  1.722302E-11  1.724072E-11  1.723468E-11  1.723189E-11  1.720145E-11  1.716175E-11  1.716952E-11  1.717964E-11  1.717792E-11  1.718275E-11  1.719623E-11  1.719469E-11  1.719341E-11  1.714902E-11  1.706802E-11
0.000000E+00  4.894071E-11  4.892819E-11  4.885452E-11  4.855518E-11  4.859810E-11  4.885237E-11  4.890995E-11  4.889707E-11  4.888384E-11  4.880159E-11  4.867499E-11  4.870646E-11  4.874401E-11  4.873256E-11  4.873936E-11  4.876797E-11  4.877941E-11  4.877405E-11  4.865782E-11  4.842322E-11
0.000000E+00  4.090140E-09  4.089318E-09  4.082952E-09  4.057328E-09  4.061619E-09  4.082809E-09  4.087869E-09  4.086600E-09  4.085509E-09  4.078911E-09  4.068146E-09  4.069970E-09  4.073081E-09  4.072616E-09  4.073367E-09  4.075799E-09  4.076640E-09  4.076461E-09  4.066590E-09  4.046796E-09
Gas           Ref
0.000000E+00  -1.174987E-13 -1.174809E-13 -1.175524E-13 -1.174701E-13 -1.174022E-13 -1.174129E-13 -1.174022E-13 -1.173199E-13 -1.172627E-13 -1.174594E-13 -1.174737E-13 -1.173414E-13 -1.172556E-13 -1.172627E-13 -1.174058E-13 -1.173164E-13 -1.173271E-13 -1.174451E-13 -1.174809E-13 -1.175345E-13
0.000000E+00  -4.076962E-14 -4.070524E-14 -4.081968E-14 -4.088406E-14 -4.093770E-14 -4.099135E-14 -4.085545E-14 -4.078035E-14 -4.058723E-14 -4.076604E-14 -4.080896E-14 -4.087333E-14 -4.079107E-14 -4.079823E-14 -4.089836E-14 -4.093770E-14 -4.094128E-14 -4.073028E-14 -4.070524E-14 -4.073385E-14
0.000000E+00  1.322438E-13  1.319147E-13  1.318361E-13  1.321329E-13  1.319648E-13  1.318790E-13  1.317610E-13  1.316036E-13  1.317753E-13  1.318718E-13  1.319577E-13  1.316930E-13  1.315392E-13  1.312567E-13  1.313926E-13  1.313747E-13  1.313819E-13  1.311387E-13  1.312531E-13  1.312460E-13
0.000000E+00  1.680820E-11  1.680438E-11  1.679787E-11  1.679283E-11  1.678939E-11  1.678782E-11  1.678557E-11  1.677695E-11  1.677838E-11  1.677430E-11  1.676876E-11  1.676851E-11  1.676146E-11  1.676740E-11  1.676282E-11  1.675781E-11  1.675681E-11  1.675635E-11  1.674812E-11  1.674240E-11
0.000000E+00  4.815678E-11  4.815071E-11  4.813676E-11  4.812317E-11  4.811065E-11  4.809778E-11  4.809885E-11  4.808097E-11  4.807453E-11  4.805772E-11  4.805450E-11  4.805021E-11  4.803805E-11  4.804055E-11  4.802947E-11  4.801624E-11  4.800444E-11  4.800479E-11  4.798262E-11  4.797225E-11
0.000000E+00  4.030112E-09  4.029612E-09  4.028074E-09  4.027251E-09  4.026179E-09  4.025249E-09  4.025195E-09  4.023621E-09  4.023174E-09  4.021833E-09  4.021315E-09  4.020760E-09  4.020027E-09  4.020260E-09  4.019187E-09  4.018400E-09  4.017720E-09  4.017417E-09  4.015306E-09  4.014341E-09
Gas           Sam
0.000000E+00  -1.139690E-13 -1.139868E-13 -1.141585E-13 -1.140906E-13 -1.139189E-13 -1.136686E-13 -1.136149E-13 -1.134504E-13 -1.135720E-13 -1.135791E-13 -1.135434E-13 -1.135791E-13 -1.133038E-13 -1.131357E-13 -1.130713E-13 -1.133359E-13 -1.131750E-13 -1.131285E-13 -1.131714E-13 -1.131750E-13
0.000000E+00  -3.952149E-14 -3.941063E-14 -3.946070E-14 -3.957872E-14 -3.956799E-14 -3.951792E-14 -3.943208E-14 -3.954653E-14 -3.971461E-14 -3.968600E-14 -3.979687E-14 -3.970746E-14 -3.948215E-14 -3.950361E-14 -3.963236E-14 -3.963236E-14 -3.961090E-14 -3.947858E-14 -3.944997E-14 -3.955726E-14
0.000000E+00  1.424362E-13  1.427008E-13  1.428117E-13  1.428617E-13  1.429798E-13  1.430441E-13  1.431908E-13  1.434590E-13  1.436128E-13  1.428009E-13  1.421322E-13  1.424076E-13  1.434339E-13  1.435663E-13  1.429297E-13  1.428117E-13  1.429261E-13  1.436807E-13  1.442601E-13  1.444925E-13
0.000000E+00  1.706659E-11  1.706809E-11  1.706180E-11  1.706005E-11  1.705722E-11  1.705718E-11  1.705032E-11  1.704885E-11  1.703820E-11  1.691721E-11  1.692164E-11  1.697425E-11  1.705003E-11  1.703580E-11  1.690541E-11  1.691839E-11  1.695222E-11  1.703487E-11  1.703061E-11  1.702507E-11
0.000000E+00  4.842393E-11  4.842250E-11  4.840247E-11  4.841249E-11  4.839675E-11  4.839639E-11  4.838066E-11  4.836707E-11  4.834025E-11  4.798655E-11  4.801266E-11  4.814176E-11  4.836885E-11  4.833095E-11  4.795973E-11  4.799836E-11  4.807667E-11  4.831736E-11  4.830985E-11  4.830663E-11
0.000000E+00  4.046885E-09  4.046903E-09  4.045293E-09  4.046116E-09  4.044596E-09  4.044346E-09  4.043738E-09  4.042361E-09  4.040215E-09  4.010228E-09  4.012285E-09  4.023353E-09  4.042290E-09  4.039321E-09  4.008315E-09  4.010925E-09  4.017863E-09  4.038284E-09  4.037891E-09  4.037140E-09
Gas           Ref
0.000000E+00  -1.175345E-13 -1.174022E-13 -1.174093E-13 -1.173056E-13 -1.172877E-13 -1.171840E-13 -1.172234E-13 -1.172126E-13 -1.172448E-13 -1.171876E-13 -1.172913E-13 -1.173199E-13 -1.172091E-13 -1.172413E-13 -1.172269E-13 -1.172413E-13 -1.174201E-13 -1.175488E-13 -1.174451E-13 -1.172520E-13
0.000000E+00  -4.101996E-14 -4.104499E-14 -4.111294E-14 -4.110221E-14 -4.118089E-14 -4.115585E-14 -4.104499E-14 -4.112367E-14 -4.104142E-14 -4.084114E-14 -4.086618E-14 -4.073743E-14 -4.074816E-14 -4.102711E-14 -4.099135E-14 -4.094485E-14 -4.099135E-14 -4.115228E-14 -4.107002E-14 -4.105214E-14
0.000000E+00  1.298798E-13  1.297118E-13  1.291646E-13  1.285316E-13  1.285673E-13  1.292576E-13  1.297332E-13  1.295008E-13  1.295115E-13  1.295437E-13  1.292790E-13  1.291503E-13  1.294042E-13  1.294721E-13  1.291968E-13  1.292790E-13  1.291288E-13  1.293541E-13  1.291038E-13  1.289965E-13
0.000000E+00  1.660271E-11  1.660618E-11  1.649775E-11  1.648587E-11  1.654399E-11  1.659706E-11  1.658851E-11  1.658622E-11  1.658183E-11  1.657546E-11  1.657721E-11  1.657106E-11  1.656727E-11  1.656276E-11  1.655483E-11  1.656226E-11  1.655239E-11  1.655064E-11  1.654356E-11  1.654270E-11
0.000000E+00  4.757779E-11  4.758708E-11  4.728203E-11  4.723339E-11  4.739682E-11  4.755847E-11  4.754024E-11  4.752914E-11  4.751019E-11  4.750662E-11  4.749267E-11  4.747800E-11  4.747550E-11  4.745905E-11  4.743902E-11  4.744832E-11  4.742651E-11  4.742651E-11  4.741077E-11  4.740684E-11
0.000000E+00  3.981528E-09  3.982262E-09  3.957067E-09  3.952757E-09  3.966383E-09  3.979991E-09  3.978310E-09  3.977219E-09  3.976128E-09  3.975503E-09  3.974662E-09  3.973536E-09  3.972963E-09  3.972069E-09  3.969870E-09  3.970585E-09  3.969316E-09  3.969065E-09  3.967509E-09  3.966937E-09
Gas           Sam
0.000000E+00  -1.139940E-13 -1.139904E-13 -1.141227E-13 -1.138796E-13 -1.137007E-13 -1.137401E-13 -1.137150E-13 -1.135470E-13 -1.135184E-13 -1.134039E-13 -1.133288E-13 -1.133145E-13 -1.131643E-13 -1.131071E-13 -1.130069E-13 -1.131929E-13 -1.132144E-13 -1.130749E-13 -1.130499E-13 -1.129783E-13
0.000000E+00  -3.949288E-14 -3.969315E-14 -3.957872E-14 -3.977541E-14 -3.966812E-14 -3.974322E-14 -3.963236E-14 -3.970031E-14 -3.970388E-14 -3.986124E-14 -3.979687E-14 -3.990416E-14 -3.973250E-14 -3.972892E-14 -3.974322E-14 -3.981117E-14 -3.957872E-14 -3.947858E-14 -3.970388E-14 -3.970031E-14
0.000000E+00  1.403047E-13  1.403583E-13  1.403619E-13  1.405157E-13  1.409198E-13  1.411272E-13  1.408626E-13  1.412846E-13  1.413990E-13  1.412775E-13  1.414098E-13  1.413311E-13  1.415707E-13  1.419605E-13  1.417853E-13  1.416243E-13  1.421322E-13  1.424934E-13  1.424326E-13  1.420213E-13
0.000000E+00  1.690004E-11  1.689561E-11  1.688813E-11  1.688531E-11  1.688667E-11  1.688205E-11  1.687469E-11  1.687233E-11  1.686786E-11  1.687072E-11  1.686939E-11  1.687082E-11  1.686339E-11  1.686382E-11  1.685720E-11  1.685369E-11  1.685706E-11  1.685355E-11  1.685047E-11  1.685073E-11
0.000000E+00  4.794650E-11  4.793613E-11  4.793041E-11  4.790394E-11  4.790073E-11  4.789393E-11  4.787390E-11  4.787533E-11  4.785745E-11  4.786317E-11  4.784994E-11  4.785852E-11  4.784565E-11  4.783921E-11  4.783134E-11  4.780988E-11  4.782455E-11  4.781489E-11  4.780381E-11  4.780738E-11
0.000000E+00  4.007188E-09  4.006366E-09  4.005525E-09  4.003916E-09  4.003415E-09  4.003004E-09  4.001270E-09  4.001019E-09  3.999768E-09  3.999982E-09  3.999338E-09  3.999660E-09  3.998426E-09  3.998248E-09  3.997461E-09  3.996030E-09  3.996799E-09  3.996155E-09  3.995440E-09  3.995082E-09
Gas           Ref
0.000000E+00  -1.173879E-13 -1.173199E-13 -1.172520E-13 -1.173342E-13 -1.175023E-13 -1.173378E-13 -1.174630E-13 -1.173128E-13 -1.173307E-13 -1.174809E-13 -1.172985E-13 -1.174236E-13 -1.174487E-13 -1.173056E-13 -1.170946E-13 -1.172234E-13 -1.172413E-13 -1.172520E-13 -1.173629E-13 -1.172484E-13
0.000000E+00  -4.111651E-14 -4.092339E-14 -4.104142E-14 -4.105214E-14 -4.119162E-14 -4.139189E-14 -4.133467E-14 -4.140262E-14 -4.133824E-14 -4.120592E-14 -4.128818E-14 -4.124169E-14 -4.125956E-14 -4.128818E-14 -4.144553E-14 -4.153136E-14 -4.124526E-14 -4.115943E-14 -4.135613E-14 -4.153494E-14
0.000000E+00  1.275088E-13  1.277019E-13  1.274444E-13  1.268758E-13  1.261069E-13  1.263250E-13  1.268472E-13  1.272334E-13  1.272048E-13  1.270081E-13  1.271332E-13  1.271905E-13  1.267399E-13  1.268185E-13  1.269974E-13  1.267506E-13  1.265897E-13  1.267112E-13  1.267399E-13  1.268793E-13
0.000000E+00  1.640709E-11  1.640673E-11  1.641249E-11  1.631096E-11  1.628267E-11  1.633302E-11  1.640015E-11  1.638760E-11  1.638613E-11  1.638445E-11  1.637844E-11  1.637383E-11  1.637229E-11  1.636893E-11  1.636696E-11  1.635988E-11  1.635409E-11  1.635201E-11  1.634787E-11  1.634794E-11
0.000000E+00  4.702060E-11  4.703062E-11  4.702418E-11  4.675167E-11  4.666476E-11  4.679351E-11  4.700236E-11  4.697196E-11  4.695909E-11  4.695051E-11  4.693513E-11  4.692189E-11  4.691653E-11  4.690723E-11  4.689793E-11  4.688363E-11  4.687576E-11  4.686002E-11  4.685573E-11  4.684643E-11
0.000000E+00  3.934930E-09  3.935359E-09  3.935538E-09  3.912256E-09  3.904835E-09  3.915618E-09  3.933356E-09  3.930889E-09  3.929816E-09  3.929082E-09  3.927795E-09  3.927151E-09  3.926311E-09  3.925309E-09  3.924505E-09  3.923521E-09  3.921858E-09  3.921250E-09  3.920857E-09  3.920178E-09
 Gas          
0.000000E+00  0.000000E+00  0.000000E+00  0.000000E+00  0.000000E+00  0.000000E+00  0.000000E+00  0.000000E+00  0.000000E+00  0.000000E+00  0.000000E+00  0.000000E+00  0.000000E+00  0.000000E+00  0.000000E+00  0.000000E+00  0.000000E+00  0.000000E+00  0.000000E+00  0.000000E+00  0.000000E+00
0.000000E+00  0.000000E+00  0.000000E+00  0.000000E+00  0.000000E+00  0.000000E+00  0.000000E+00  0.000000E+00  0.000000E+00  0.000000E+00  0.000000E+00  0.000000E+00  0.000000E+00  0.000000E+00  0.000000E+00  0.000000E+00  0.000000E+00  0.000000E+00  0.000000E+00  0.000000E+00  0.000000E+00
0.000000E+00  0.000000E+00  0.000000E+00  0.000000E+00  0.000000E+00  0.000000E+00  0.000000E+00  0.000000E+00  0.000000E+00  0.000000E+00  0.000000E+00  0.000000E+00  0.000000E+00  0.000000E+00  0.000000E+00  0.000000E+00  0.000000E+00  0.000000E+00  0.000000E+00  0.000000E+00  0.000000E+00
0.000000E+00  0.000000E+00  0.000000E+00  0.000000E+00  0.000000E+00  0.000000E+00  0.000000E+00  0.000000E+00  0.000000E+00  0.000000E+00  0.000000E+00  0.000000E+00  0.000000E+00  0.000000E+00  0.000000E+00  0.000000E+00  0.000000E+00  0.000000E+00  0.000000E+00  0.000000E+00  0.000000E+00
0.000000E+00  0.000000E+00  0.000000E+00  0.000000E+00  0.000000E+00  0.000000E+00  0.000000E+00  0.000000E+00  0.000000E+00  0.000000E+00  0.000000E+00  0.000000E+00  0.000000E+00  0.000000E+00  0.000000E+00  0.000000E+00  0.000000E+00  0.000000E+00  0.000000E+00  0.000000E+00  0.000000E+00
0.000000E+00  0.000000E+00  0.000000E+00  0.000000E+00  0.000000E+00  0.000000E+00  0.000000E+00  0.000000E+00  0.000000E+00  0.000000E+00  0.000000E+00  0.000000E+00  0.000000E+00  0.000000E+00  0.000000E+00  0.000000E+00  0.000000E+00  0.000000E+00  0.000000E+00  0.000000E+00  0.000000E+00
End of Analysis
"H3 factor",13.13339
"Linearity factor (0)",52.88039
"Linearity factor (1)",18.00761
"Linearity factor (2)",-.1321419
"Linearity factor (3)",9.804096E-04
"Linearity factor (4)",-7.965973E-02
"Linearity factor (5)",0
"Collector Gains :",500,5000,5000,5000,500,500,50,500,1,5
"Number of deflectors available : ",33
"Source HT",8000
"Extraction V",780
"H Defl",310
"Trap",850
"Trap Voltage",24
"Repeller",4
"Filament V",-110
"Delta HP",19
"Z Lens",110
"Delta Z",130
"Max Current",3.5
"Heater Current",1
"Quad 1",120
"Cubic 1",50
"Lin 1",0
"Deflect 1 I",5
"Deflect 1 O",5
"Offset 1",0
"Offset 2",0
"Quad 2",-620
"Cubic 2",0
"Lin 2",0
"Q1 I Cor",0
"Q1 O Cor",0
"Suppressor",-100
"Mop Plate",-15
"ESA H1",790
"ESA H1 delta",0
"ESA H2",800
"ESA H2 delta",0
"ESA H3",820
"ESA H3 delta",0
"ESA HD",0
"ESA HD delta",0
"Batch Started: ","13:02:19 15:29:56"
"Data File: ","C:\Nu Stable\Results\2019\201902013 standard PD4 BSS WNI ZE NTA\Data_9281 PD4 124.5.txt"
"Sample Name: ","PD4 124.5"
"Sample Weight: ",63
"Sample Type: ","Sam"
"Vial Number: ",4
"Sam Beam First CO: ","4.194015e-09"
"Sam Beam Last CO: ","3.996129e-09"
"Ref Beam First CO: ","4.205895e-09"
"Ref Beam Second CO: ","4.163477e-09"
"Ref BeamLast CO: ","3.920944e-09"
"Sam Depletion: ","5 %"
"Ref Depletion: ","7 %"
"Observed CP Temperature: ",70.256
"Std Dev: ","0.000e00"
"Min: ","70.256"
"Max: ","70.256"
"Ave Started: ","13:02:19 16:44:46"
"Ave Stopped: ","13:02:19 16:49:23"
"Num: ",9
"Current Mass: ",46.03441
"Method File Name","C:\Nu Stable\Analyses\DI\040216 12-12-20 6 collectors.rdf"
"Version 6"
"Analysis Type","DI"
"Analysis Calculation Routine ","Clumped CO2 Iterative"
"Gas ID ","CO2"
"Ref Gas Identifier ","AirLiquide01"
"Centring collector ",8
"Num of Ref/Sam cycles ",6
"Cycles length(secs) ",20
"C/O valve stabilisation time ",12
"Offset for zero measurement(amu) ",0
"Zero measurement time ",20
"Spare",0
"Spare",0
0
-1
-1
-1
-1
0
-1
0
-1
0
"Num Clumped Blocks","1"
"Do zero at start of block",#FALSE#
"Balance beams",#FALSE#
"Mag Hysteresis Offset",.001
"Apply Hysteresis Offset",#FALSE#
"Target Beam (A) ",.00000005
"Use CF with Bellows ",#FALSE#
"DI Auto Gas balancing: ","True"
"Pirani pressure",3.398285E-02
"Cold finger status","CF"
"Inlet transducer pressure",.3661067
"Sample operations:  InitialisePrepSampleRun; CheckIfCFRequired; UseCF; SampleTrapped; BalanceRefToSamValue; DepletingBalance; SampleReady;"
"Number of sample chops",0
"Number of sample double chops",0
"Run from bellows",#FALSE#
"Max sample pump-over pressure (mBar)","0.000000e00"
"Max sample pump-over pressure (raw)",0
"Pre-balance Sam Beam","4.295212e-09"
"Min ref beam","3.047636e-09"
"Max ref beam","1.824423e-08"
"Ref bellows position",6268
"Sam bellows position",8444
"Balance %",9.88845E-03
"Initial Sam Beam","4.471676e-09"
"Final Ref Beam","4.342787e-09"
"Final Sam Beam","4.343216e-09"
"Pre-depleted Ref Beam",4.344718E-09
"InletPiraniPressure",3.398285E-02
"Depletion Factor",.96
"Balance End","13/02/19 17:27:04"
"Water Trap Temperature Hot",-195.1766
"Water Trap Temperature Cold",-195.1766
"DP Version",25
"Num Gas Cycles ",1
"UseFrontHeightThreshold(1)",#TRUE#
"FrontHeightThreshold(1)",2
"UseBackHeightThreshold(1)",#TRUE#
"BackHeightThreshold(1)",2.7
"UsePeakWidthLimit(1)",#FALSE#
"PeakWidthLimit(1)",6
"RefGasFrontHeightThreshold(1)",40
"RefGasBackHeightThreshold(1)",10
"Measure_Elemental_Comp",#TRUE#
"Use_TCD_For_Elem_Calcs",#FALSE#
"Sample_Name","PD4 124.5"
"Sample_Type","Sam"
"Sample_Weight",63
"Sample_Vial",4
"Standard_Type",""
"NoAnalysisCycles",1
"Gas1","CO2"
"Ref Gas1","AirLiquide01"
"Analysis_Routine1","Clumped CO2 Iterative"
"ZeroWidth1",10
"NoZeros1",1
"ZeroTime1",10
"Delta wrt Std 1",#FALSE#
"AllowLinearityCorrection",#FALSE#
"Num Collectors",6
"LinearityFactor(Cent)",52880.39
"LinearityFactor(Low2)",18007.61
"LinearityFactor(Low4)",-132.1419
"LinearityFactor()",.9804096
"LinearityFactor()",-79.65973
"LinearityFactor()",0
"UseH3Factor",#FALSE#
"H3Factor",0
"Axial Mass",46
"Anal Start",0
"Anal End",0
"Calc Linearity Correction from Ref Peaks",#FALSE#
"Temperature",25
"Std Temperature",25
"A_Factor",1.01025
"K_Factor",.04
"TemperatureCorrectionEnabled",#FALSE#
"GC ZeroMethod","Lowest Peak Limit"
"GC AllowZeroToCutPoints",#FALSE#
"GC UseIsotopicShift",#TRUE#
"GC InterpolatePeakHeight",#TRUE#
"GC NumZeroPoints",10
"GC Min Peak Height",.0000000001
"GC No UserPeaks",0
"SmoothingInterval",10
"DropFactor",1
"GradientRejectfactor",10
"SectionSize",100
"BackgroundStartTime",1
"CutOffTime",1000
"UseNewBackgroundCalcn",#FALSE#
"GC Label File","None.lab"
"GC No User Defined Background Points",0
"GC No Auto-detected Peaks to be Removed",0
"GC No Auto-calculated Background Points to Remove",0
"GC Std Peak In Sample",#FALSE#
"GC Std Peak Time",0
"Max Gap For Grouping EA Ref Pulses",20
"Group EA Ref Peaks",#FALSE#
"Use Defined Peak Limits (1)",#FALSE#
"Peak Start (1)",0
"Peak End (1)",0
"DP Version",25
"Num Gas Cycles ",1
"UseFrontHeightThreshold(1)",#TRUE#
"FrontHeightThreshold(1)",2
"UseBackHeightThreshold(1)",#TRUE#
"BackHeightThreshold(1)",2.7
"UsePeakWidthLimit(1)",#FALSE#
"PeakWidthLimit(1)",6
"RefGasFrontHeightThreshold(1)",40
"RefGasBackHeightThreshold(1)",10
"Measure_Elemental_Comp",#TRUE#
"Use_TCD_For_Elem_Calcs",#FALSE#
"Sample_Name","PD4 124.5"
"Sample_Type","Sam"
"Sample_Weight",63
"Sample_Vial",4
"Standard_Type",""
"NoAnalysisCycles",1
"Gas1","CO2"
"Ref Gas1","AirLiquide01"
"Analysis_Routine1","Clumped CO2 Iterative"
"ZeroWidth1",10
"NoZeros1",1
"ZeroTime1",10
"Delta wrt Std 1",#FALSE#
"AllowLinearityCorrection",#FALSE#
"Num Collectors",6
"LinearityFactor(Cent)",52880.39
"LinearityFactor(Low2)",18007.61
"LinearityFactor(Low4)",-132.1419
"LinearityFactor()",.9804096
"LinearityFactor()",-79.65973
"LinearityFactor()",0
"UseH3Factor",#FALSE#
"H3Factor",0
"Axial Mass",46
"Anal Start",0
"Anal End",0
"Calc Linearity Correction from Ref Peaks",#FALSE#
"Temperature",25
"Std Temperature",25
"A_Factor",1.01025
"K_Factor",.04
"TemperatureCorrectionEnabled",#FALSE#
"GC ZeroMethod","Lowest Peak Limit"
"GC AllowZeroToCutPoints",#FALSE#
"GC UseIsotopicShift",#TRUE#
"GC InterpolatePeakHeight",#TRUE#
"GC NumZeroPoints",10
"GC Min Peak Height",.0000000001
"GC No UserPeaks",0
"SmoothingInterval",10
"DropFactor",1
"GradientRejectfactor",10
"SectionSize",100
"BackgroundStartTime",1
"CutOffTime",1000
"UseNewBackgroundCalcn",#FALSE#
"GC Label File","None.lab"
"GC No User Defined Background Points",0
"GC No Auto-detected Peaks to be Removed",0
"GC No Auto-calculated Background Points to Remove",0
"GC Std Peak In Sample",#FALSE#
"GC Std Peak Time",0
"Max Gap For Grouping EA Ref Pulses",20
"Group EA Ref Peaks",#FALSE#
"Use Defined Peak Limits (1)",#FALSE#
"Peak Start (1)",0
"Peak End (1)",0
"End of Data file"


