"Clumped CO2 Iterative Analysis,         Data File Version 10"
"Started analysis at 9:26:47 PM on the Wednesday, February 13, 2019"
"UTC FileTimeLow",-1144205952," UTC FileTimeHigh",30721036
"Time Zone ","Eastern Daylight Time"
"CO Disabled",#FALSE#
"Persective Instrument","PS019"
"User logged in",#FALSE#
"Software Version","Stable 1.69.5"
"Axial Mass is :",46
"No_C_O_Cycles",6
"Num Blocks",1
0
-1
-1
-1
-1
0
-1
0
-1
0
"Sample Name is ","ETH-01"
Zero Data
-1.144578355705E-13, -5.846237664982E-14, -6.246638372309E-14, -3.502253097043E-14, 1.108110992017E-13, 4.161004223471E-12, Measured at start of run
Individual Data
No_C_O_Cycles                6 
Cycle_Length   20 
Zero_Measurement_Length      20 
Axial_Mass     46 
 Gas          Bla
0.000000E+00  -1.143981E-13 -1.143766E-13 -1.144804E-13 -1.145698E-13 -1.144339E-13 -1.143731E-13 -1.144553E-13 -1.144088E-13 -1.145090E-13 -1.143266E-13 -1.144053E-13 -1.145054E-13 -1.144839E-13 -1.144303E-13 -1.144804E-13 -1.144732E-13 -1.144911E-13 -1.146163E-13 -1.145233E-13 -1.144160E-13
0.000000E+00  -5.850082E-14 -5.838638E-14 -5.836850E-14 -5.847936E-14 -5.863315E-14 -5.845076E-14 -5.845790E-14 -5.848294E-14 -5.842572E-14 -5.844002E-14 -5.842929E-14 -5.841857E-14 -5.851512E-14 -5.835419E-14 -5.837923E-14 -5.840426E-14 -5.848294E-14 -5.855804E-14 -5.858665E-14 -5.849367E-14
0.000000E+00  -6.251699E-14 -6.249553E-14 -6.247765E-14 -6.244189E-14 -6.233102E-14 -6.235248E-14 -6.248838E-14 -6.241328E-14 -6.235248E-14 -6.248122E-14 -6.248838E-14 -6.252771E-14 -6.259209E-14 -6.264931E-14 -6.244904E-14 -6.235963E-14 -6.251341E-14 -6.247765E-14 -6.245261E-14 -6.246692E-14
0.000000E+00  -3.436807E-14 -3.411773E-14 -3.401044E-14 -3.476146E-14 -3.433231E-14 -3.383163E-14 -3.476146E-14 -3.504757E-14 -3.504757E-14 -3.504757E-14 -3.576282E-14 -3.544096E-14 -3.511909E-14 -3.508333E-14 -3.515486E-14 -3.551248E-14 -3.554824E-14 -3.619198E-14 -3.544096E-14 -3.587011E-14
0.000000E+00  1.126529E-13  1.130105E-13  1.126529E-13  1.137258E-13  1.133681E-13  1.115800E-13  1.130105E-13  1.119376E-13  1.115800E-13  1.094342E-13  1.115800E-13  1.090766E-13  1.094342E-13  1.101495E-13  1.094342E-13  1.090766E-13  1.080037E-13  1.105071E-13  1.072885E-13  1.087190E-13
0.000000E+00  4.327302E-12  4.363064E-12  4.291538E-12  4.273657E-12  4.255776E-12  4.309420E-12  4.202131E-12  4.202131E-12  4.220013E-12  4.166369E-12  4.130606E-12  4.130606E-12  4.041199E-12  4.130606E-12  4.148487E-12  3.987555E-12  4.041199E-12  4.023317E-12  4.005436E-12  3.969673E-12
Gas           Ref
0.000000E+00  -1.138366E-13 -1.138867E-13 -1.139117E-13 -1.139797E-13 -1.139260E-13 -1.139868E-13 -1.139296E-13 -1.136972E-13 -1.137973E-13 -1.139547E-13 -1.139511E-13 -1.139046E-13 -1.137615E-13 -1.139404E-13 -1.138080E-13 -1.137758E-13 -1.137687E-13 -1.137508E-13 -1.138366E-13 -1.136972E-13
0.000000E+00  -2.543094E-14 -2.555969E-14 -2.544882E-14 -2.534154E-14 -2.537372E-14 -2.543094E-14 -2.535227E-14 -2.554181E-14 -2.558115E-14 -2.549531E-14 -2.549531E-14 -2.544167E-14 -2.544525E-14 -2.566698E-14 -2.568843E-14 -2.552750E-14 -2.577427E-14 -2.572062E-14 -2.547743E-14 -2.546313E-14
0.000000E+00  2.867821E-13  2.856877E-13  2.856949E-13  2.859988E-13  2.850976E-13  2.852085E-13  2.859130E-13  2.859846E-13  2.864137E-13  2.865567E-13  2.867785E-13  2.862063E-13  2.862241E-13  2.848544E-13  2.846184E-13  2.855876E-13  2.847400E-13  2.844181E-13  2.850190E-13  2.853337E-13
0.000000E+00  2.993184E-11  2.982165E-11  2.984912E-11  2.988016E-11  2.981453E-11  2.986467E-11  2.991510E-11  2.992257E-11  2.993170E-11  2.993359E-11  2.993724E-11  2.994349E-11  2.984504E-11  2.975174E-11  2.982269E-11  2.993108E-11  2.973267E-11  2.975642E-11  2.982437E-11  2.987708E-11
0.000000E+00  8.559831E-11  8.524999E-11  8.532795E-11  8.544024E-11  8.522924E-11  8.537479E-11  8.552142E-11  8.555146E-11  8.557578E-11  8.557936E-11  8.559795E-11  8.559831E-11  8.534297E-11  8.505758E-11  8.526107E-11  8.558722E-11  8.500965E-11  8.508333E-11  8.525678E-11  8.541270E-11
0.000000E+00  7.165493E-09  7.135845E-09  7.142068E-09  7.152582E-09  7.134701E-09  7.146806E-09  7.158948E-09  7.161612E-09  7.163937E-09  7.164098E-09  7.165617E-09  7.165796E-09  7.144428E-09  7.120431E-09  7.136703E-09  7.165045E-09  7.116319E-09  7.122184E-09  7.137168E-09  7.150633E-09
Gas           Sam
0.000000E+00  -1.096774E-13 -1.095737E-13 -1.095558E-13 -1.095594E-13 -1.095666E-13 -1.094235E-13 -1.092447E-13 -1.091660E-13 -1.090802E-13 -1.089622E-13 -1.088871E-13 -1.089014E-13 -1.087941E-13 -1.089765E-13 -1.088906E-13 -1.088298E-13 -1.087762E-13 -1.087404E-13 -1.085938E-13 -1.085724E-13
0.000000E+00  -2.351405E-14 -2.328875E-14 -2.342822E-14 -2.359273E-14 -2.362134E-14 -2.348187E-14 -2.349617E-14 -2.337458E-14 -2.353551E-14 -2.342107E-14 -2.341034E-14 -2.345326E-14 -2.373579E-14 -2.374651E-14 -2.358200E-14 -2.347829E-14 -2.332809E-14 -2.331378E-14 -2.339604E-14 -2.362492E-14
0.000000E+00  3.017595E-13  3.019813E-13  3.023139E-13  3.011015E-13  3.009227E-13  3.015485E-13  3.020492E-13  3.015271E-13  3.019562E-13  3.024676E-13  3.027645E-13  3.030577E-13  3.019813E-13  3.014055E-13  3.020778E-13  3.027394E-13  3.029862E-13  3.029325E-13  3.035298E-13  3.031257E-13
0.000000E+00  3.052299E-11  3.051320E-11  3.051552E-11  3.034200E-11  3.036636E-11  3.050358E-11  3.036457E-11  3.036828E-11  3.043523E-11  3.045780E-11  3.048197E-11  3.045587E-11  3.030266E-11  3.033556E-11  3.046835E-11  3.039350E-11  3.041409E-11  3.042494E-11  3.042565E-11  3.041499E-11
0.000000E+00  8.666046E-11  8.663472E-11  8.664867E-11  8.614513E-11  8.621272E-11  8.659109E-11  8.623131E-11  8.623310E-11  8.640977E-11  8.647807E-11  8.654567E-11  8.647951E-11  8.603426E-11  8.611831E-11  8.649989E-11  8.629426E-11  8.634719E-11  8.637865E-11  8.639475E-11  8.634969E-11
0.000000E+00  7.218314E-09  7.215847E-09  7.217509E-09  7.175256E-09  7.180084E-09  7.212914E-09  7.182283E-09  7.181657E-09  7.197089E-09  7.202704E-09  7.208086E-09  7.203294E-09  7.165922E-09  7.172484E-09  7.205171E-09  7.186950E-09  7.191349E-09  7.194389E-09  7.195212E-09  7.191921E-09
Gas           Ref
0.000000E+00  -1.137687E-13 -1.137365E-13 -1.136292E-13 -1.138474E-13 -1.139225E-13 -1.136435E-13 -1.137651E-13 -1.137544E-13 -1.138867E-13 -1.139690E-13 -1.139904E-13 -1.139010E-13 -1.137401E-13 -1.137758E-13 -1.137651E-13 -1.138009E-13 -1.139046E-13 -1.139582E-13 -1.139189E-13 -1.138903E-13
0.000000E+00  -2.561691E-14 -2.584221E-14 -2.606037E-14 -2.597811E-14 -2.583149E-14 -2.580645E-14 -2.577069E-14 -2.581718E-14 -2.606752E-14 -2.601745E-14 -2.592089E-14 -2.606037E-14 -2.594950E-14 -2.593162E-14 -2.586367E-14 -2.585652E-14 -2.592447E-14 -2.585652E-14 -2.592089E-14 -2.593162E-14
0.000000E+00  2.824941E-13  2.823367E-13  2.814892E-13  2.811709E-13  2.817073E-13  2.821436E-13  2.825406E-13  2.820506E-13  2.808240E-13  2.808526E-13  2.816823E-13  2.809277E-13  2.806523E-13  2.815500E-13  2.818325E-13  2.818110E-13  2.818539E-13  2.807703E-13  2.805021E-13  2.803483E-13
0.000000E+00  2.958479E-11  2.950547E-11  2.946670E-11  2.948842E-11  2.954957E-11  2.957289E-11  2.958458E-11  2.948441E-11  2.944103E-11  2.947468E-11  2.955286E-11  2.941102E-11  2.944814E-11  2.950490E-11  2.951903E-11  2.955011E-11  2.951259E-11  2.935573E-11  2.944897E-11  2.935280E-11
0.000000E+00  8.459052E-11  8.436235E-11  8.423074E-11  8.429155E-11  8.448537E-11  8.455082E-11  8.457371E-11  8.431228E-11  8.416851E-11  8.427580E-11  8.449431E-11  8.408483E-11  8.419820E-11  8.436164E-11  8.440348E-11  8.448752E-11  8.439239E-11  8.393213E-11  8.419534E-11  8.393677E-11
0.000000E+00  7.080735E-09  7.062263E-09  7.051070E-09  7.056344E-09  7.072438E-09  7.077713E-09  7.080270E-09  7.057381E-09  7.045669E-09  7.054181E-09  7.073439E-09  7.038695E-09  7.047904E-09  7.061566E-09  7.065678E-09  7.072134E-09  7.064624E-09  7.025767E-09  7.048029E-09  7.026411E-09
Gas           Sam
0.000000E+00  -1.096881E-13 -1.096631E-13 -1.095487E-13 -1.094450E-13 -1.094557E-13 -1.094772E-13 -1.092518E-13 -1.091267E-13 -1.091410E-13 -1.089729E-13 -1.089800E-13 -1.090087E-13 -1.089693E-13 -1.088871E-13 -1.088620E-13 -1.088263E-13 -1.086045E-13 -1.084508E-13 -1.086010E-13 -1.085616E-13
0.000000E+00  -2.374651E-14 -2.373221E-14 -2.369287E-14 -2.397539E-14 -2.396109E-14 -2.394679E-14 -2.395036E-14 -2.388599E-14 -2.388599E-14 -2.377155E-14 -2.374294E-14 -2.378585E-14 -2.385380E-14 -2.395751E-14 -2.394321E-14 -2.398612E-14 -2.388956E-14 -2.392890E-14 -2.390745E-14 -2.378943E-14
0.000000E+00  2.981296E-13  2.986052E-13  2.983048E-13  2.972284E-13  2.975574E-13  2.972641E-13  2.974787E-13  2.984300E-13  2.990308E-13  2.990809E-13  2.991846E-13  2.993563E-13  2.997533E-13  2.983156E-13  2.978864E-13  2.981582E-13  2.979436E-13  2.985623E-13  2.989450E-13  2.990630E-13
0.000000E+00  3.022452E-11  3.023314E-11  3.012049E-11  3.003830E-11  3.009946E-11  3.005103E-11  3.010690E-11  3.014870E-11  3.016018E-11  3.017956E-11  3.018314E-11  3.018006E-11  3.016219E-11  2.997915E-11  3.002968E-11  3.001949E-11  3.003229E-11  3.008472E-11  3.010246E-11  3.012328E-11
0.000000E+00  8.582111E-11  8.583578E-11  8.553250E-11  8.528003E-11  8.546742E-11  8.531471E-11  8.546527E-11  8.558544E-11  8.563372E-11  8.568128E-11  8.570668E-11  8.569558E-11  8.564480E-11  8.512768E-11  8.526214E-11  8.524283E-11  8.526322E-11  8.541986E-11  8.546634E-11  8.553466E-11
0.000000E+00  7.148684E-09  7.149542E-09  7.124490E-09  7.102890E-09  7.117910E-09  7.105322E-09  7.118017E-09  7.128299E-09  7.132376E-09  7.136882E-09  7.138706E-09  7.137848E-09  7.133503E-09  7.090033E-09  7.101441E-09  7.099331E-09  7.101155E-09  7.114173E-09  7.118035E-09  7.123865E-09
Gas           Ref
0.000000E+00  -1.138080E-13 -1.137007E-13 -1.138796E-13 -1.138402E-13 -1.138438E-13 -1.138331E-13 -1.136972E-13 -1.138044E-13 -1.138867E-13 -1.139189E-13 -1.138760E-13 -1.139797E-13 -1.138831E-13 -1.137758E-13 -1.138688E-13 -1.138903E-13 -1.140512E-13 -1.138688E-13 -1.137758E-13 -1.137651E-13
0.000000E+00  -2.632859E-14 -2.643230E-14 -2.627494E-14 -2.613547E-14 -2.621057E-14 -2.632144E-14 -2.640369E-14 -2.629998E-14 -2.631786E-14 -2.638938E-14 -2.622845E-14 -2.627852E-14 -2.632859E-14 -2.624991E-14 -2.630355E-14 -2.618554E-14 -2.646091E-14 -2.646449E-14 -2.657535E-14 -2.652171E-14
0.000000E+00  2.769151E-13  2.770439E-13  2.777698E-13  2.779451E-13  2.783027E-13  2.784922E-13  2.784422E-13  2.780631E-13  2.771082E-13  2.764537E-13  2.768221E-13  2.763250E-13  2.765003E-13  2.769401E-13  2.774694E-13  2.767971E-13  2.761820E-13  2.767327E-13  2.763608E-13  2.765610E-13
0.000000E+00  2.911476E-11  2.918242E-11  2.920782E-11  2.921883E-11  2.922352E-11  2.923307E-11  2.922169E-11  2.921933E-11  2.903991E-11  2.905997E-11  2.910378E-11  2.905035E-11  2.911666E-11  2.914291E-11  2.916823E-11  2.901102E-11  2.903322E-11  2.912238E-11  2.908236E-11  2.910418E-11
0.000000E+00  8.323654E-11  8.343359E-11  8.349832E-11  8.353337E-11  8.355661E-11  8.357306E-11  8.355912E-11  8.354911E-11  8.303340E-11  8.307632E-11  8.321579E-11  8.306344E-11  8.325406E-11  8.332666E-11  8.340248E-11  8.294972E-11  8.300372E-11  8.326873E-11  8.315535E-11  8.321365E-11
0.000000E+00  6.967223E-09  6.983907E-09  6.989933E-09  6.992794E-09  6.995172E-09  6.996656E-09  6.995011E-09  6.994081E-09  6.951327E-09  6.954456E-09  6.966293E-09  6.952954E-09  6.968547E-09  6.975502E-09  6.981510E-09  6.943531E-09  6.948108E-09  6.970317E-09  6.960607E-09  6.965793E-09
Gas           Sam
0.000000E+00  -1.096774E-13 -1.097454E-13 -1.097025E-13 -1.095344E-13 -1.094628E-13 -1.092161E-13 -1.092197E-13 -1.091839E-13 -1.092912E-13 -1.090265E-13 -1.090194E-13 -1.091124E-13 -1.091016E-13 -1.091445E-13 -1.089836E-13 -1.089872E-13 -1.089514E-13 -1.088871E-13 -1.085545E-13 -1.088048E-13
0.000000E+00  -2.433302E-14 -2.436879E-14 -2.430799E-14 -2.405765E-14 -2.429368E-14 -2.420428E-14 -2.424719E-14 -2.410414E-14 -2.428653E-14 -2.415779E-14 -2.414706E-14 -2.425792E-14 -2.446177E-14 -2.450111E-14 -2.429368E-14 -2.425077E-14 -2.431872E-14 -2.432945E-14 -2.436521E-14 -2.422931E-14
0.000000E+00  2.943531E-13  2.938059E-13  2.931514E-13  2.943960E-13  2.933446E-13  2.932694E-13  2.941814E-13  2.950254E-13  2.939096E-13  2.938667E-13  2.946749E-13  2.951971E-13  2.941885E-13  2.940205E-13  2.952722E-13  2.948108E-13  2.947607E-13  2.950683E-13  2.956155E-13  2.954474E-13
0.000000E+00  2.991435E-11  2.972413E-11  2.976894E-11  2.991138E-11  2.971704E-11  2.975896E-11  2.983689E-11  2.983617E-11  2.970152E-11  2.975331E-11  2.980731E-11  2.984597E-11  2.967756E-11  2.972695E-11  2.983649E-11  2.966651E-11  2.975653E-11  2.978678E-11  2.980906E-11  2.978836E-11
0.000000E+00  8.493241E-11  8.443066E-11  8.451542E-11  8.494135E-11  8.437558E-11  8.449860E-11  8.471712E-11  8.474536E-11  8.433016E-11  8.447142E-11  8.463486E-11  8.475431E-11  8.426006E-11  8.440133E-11  8.471068E-11  8.423146E-11  8.448895E-11  8.455940E-11  8.463057E-11  8.459015E-11
0.000000E+00  7.074297E-09  7.031614E-09  7.038516E-09  7.074905E-09  7.027448E-09  7.037193E-09  7.055736E-09  7.058132E-09  7.023425E-09  7.035673E-09  7.049102E-09  7.059366E-09  7.018096E-09  7.028825E-09  7.056291E-09  7.016183E-09  7.036907E-09  7.042987E-09  7.049120E-09  7.045276E-09
Gas           Ref
0.000000E+00  -1.137436E-13 -1.136757E-13 -1.137580E-13 -1.138044E-13 -1.137901E-13 -1.137866E-13 -1.139368E-13 -1.138796E-13 -1.139260E-13 -1.138366E-13 -1.140226E-13 -1.139296E-13 -1.138688E-13 -1.138295E-13 -1.138366E-13 -1.139225E-13 -1.138939E-13 -1.138939E-13 -1.138831E-13 -1.138653E-13
0.000000E+00  -2.670768E-14 -2.670768E-14 -2.663257E-14 -2.662542E-14 -2.656820E-14 -2.667906E-14 -2.662542E-14 -2.687576E-14 -2.690437E-14 -2.690437E-14 -2.685788E-14 -2.660396E-14 -2.668979E-14 -2.680066E-14 -2.679708E-14 -2.668264E-14 -2.683285E-14 -2.697947E-14 -2.674344E-14 -2.677205E-14
0.000000E+00  2.729812E-13  2.731207E-13  2.733639E-13  2.737107E-13  2.737572E-13  2.741292E-13  2.742222E-13  2.724912E-13  2.720728E-13  2.724519E-13  2.728238E-13  2.732959E-13  2.732745E-13  2.721801E-13  2.726021E-13  2.732566E-13  2.723017E-13  2.720621E-13  2.725592E-13  2.718690E-13
0.000000E+00  2.872981E-11  2.877941E-11  2.882383E-11  2.884761E-11  2.883871E-11  2.884314E-11  2.879733E-11  2.868039E-11  2.874937E-11  2.868647E-11  2.875184E-11  2.882566E-11  2.868414E-11  2.866447E-11  2.874115E-11  2.876557E-11  2.863497E-11  2.869083E-11  2.877934E-11  2.861766E-11
0.000000E+00  8.215042E-11  8.228811E-11  8.242579E-11  8.248194E-11  8.245905E-11  8.246656E-11  8.234819E-11  8.200021E-11  8.220049E-11  8.201595E-11  8.220442E-11  8.242543E-11  8.202883E-11  8.196552E-11  8.217581E-11  8.226737E-11  8.187182E-11  8.202811E-11  8.227916E-11  8.182820E-11
0.000000E+00  6.876171E-09  6.888241E-09  6.899256E-09  6.904442E-09  6.902636E-09  6.903834E-09  6.894357E-09  6.863887E-09  6.881285E-09  6.865371E-09  6.881160E-09  6.899596E-09  6.866891E-09  6.860936E-09  6.878800E-09  6.887114E-09  6.853498E-09  6.866265E-09  6.887830E-09  6.849850E-09
Gas           Sam
0.000000E+00  -1.099456E-13 -1.099135E-13 -1.095737E-13 -1.096238E-13 -1.095773E-13 -1.095379E-13 -1.094485E-13 -1.093877E-13 -1.093663E-13 -1.092483E-13 -1.091410E-13 -1.091445E-13 -1.090551E-13 -1.090373E-13 -1.091016E-13 -1.089550E-13 -1.089729E-13 -1.087726E-13 -1.088763E-13 -1.089157E-13
0.000000E+00  -2.450111E-14 -2.454760E-14 -2.481224E-14 -2.479794E-14 -2.450826E-14 -2.455475E-14 -2.460124E-14 -2.462270E-14 -2.475860E-14 -2.471926E-14 -2.470138E-14 -2.450111E-14 -2.456191E-14 -2.466204E-14 -2.471211E-14 -2.457264E-14 -2.452257E-14 -2.484085E-14 -2.495172E-14 -2.477291E-14
0.000000E+00  2.902868E-13  2.894679E-13  2.892247E-13  2.905228E-13  2.900794E-13  2.899578E-13  2.906444E-13  2.913061E-13  2.905515E-13  2.898326E-13  2.905014E-13  2.904334E-13  2.898255E-13  2.902189E-13  2.908340E-13  2.913919E-13  2.914277E-13  2.905050E-13  2.904478E-13  2.910021E-13
0.000000E+00  2.957678E-11  2.940891E-11  2.947128E-11  2.957875E-11  2.949317E-11  2.951581E-11  2.953011E-11  2.953912E-11  2.938470E-11  2.941106E-11  2.951230E-11  2.940419E-11  2.939550E-11  2.946313E-11  2.948895E-11  2.949299E-11  2.947336E-11  2.932930E-11  2.946728E-11  2.937780E-11
0.000000E+00  8.399149E-11  8.350619E-11  8.366569E-11  8.399328E-11  8.374187E-11  8.380087E-11  8.384951E-11  8.388921E-11  8.343466E-11  8.350440E-11  8.379444E-11  8.349867E-11  8.345327E-11  8.365676E-11  8.373292E-11  8.375366E-11  8.370181E-11  8.329340E-11  8.364352E-11  8.343144E-11
0.000000E+00  6.996048E-09  6.954617E-09  6.967688E-09  6.996120E-09  6.974340E-09  6.979866E-09  6.983460E-09  6.986875E-09  6.948520E-09  6.954528E-09  6.979079E-09  6.954707E-09  6.950433E-09  6.967581E-09  6.973267E-09  6.975771E-09  6.970871E-09  6.936986E-09  6.967027E-09  6.948877E-09
Gas           Ref
0.000000E+00  -1.137258E-13 -1.138903E-13 -1.140190E-13 -1.138044E-13 -1.137794E-13 -1.139690E-13 -1.138974E-13 -1.137937E-13 -1.140226E-13 -1.137794E-13 -1.136542E-13 -1.137687E-13 -1.138116E-13 -1.137294E-13 -1.137007E-13 -1.136650E-13 -1.137615E-13 -1.139117E-13 -1.139439E-13 -1.139368E-13
0.000000E+00  -2.702239E-14 -2.715471E-14 -2.723339E-14 -2.716901E-14 -2.698305E-14 -2.696517E-14 -2.714756E-14 -2.701166E-14 -2.689364E-14 -2.699378E-14 -2.718690E-14 -2.720836E-14 -2.731207E-14 -2.708676E-14 -2.704742E-14 -2.691867E-14 -2.696874E-14 -2.708319E-14 -2.706530E-14 -2.723697E-14
0.000000E+00  2.697161E-13  2.684179E-13  2.687576E-13  2.694442E-13  2.689543E-13  2.686324E-13  2.688577E-13  2.689328E-13  2.693155E-13  2.695265E-13  2.696874E-13  2.688506E-13  2.677384E-13  2.677849E-13  2.676561E-13  2.679887E-13  2.682033E-13  2.670410E-13  2.673092E-13  2.680352E-13
0.000000E+00  2.847572E-11  2.836278E-11  2.842433E-11  2.849227E-11  2.835298E-11  2.837197E-11  2.842847E-11  2.845101E-11  2.846306E-11  2.845555E-11  2.846513E-11  2.832709E-11  2.832873E-11  2.831557E-11  2.832029E-11  2.840219E-11  2.832566E-11  2.828424E-11  2.835670E-11  2.837401E-11
0.000000E+00  8.144231E-11  8.108970E-11  8.126135E-11  8.146413E-11  8.108147E-11  8.111473E-11  8.129675E-11  8.134540E-11  8.138760E-11  8.137186E-11  8.139404E-11  8.101316E-11  8.099921E-11  8.097275E-11  8.096846E-11  8.121522E-11  8.100672E-11  8.087905E-11  8.106395E-11  8.113082E-11
0.000000E+00  6.817145E-09  6.788034E-09  6.802232E-09  6.819559E-09  6.786925E-09  6.789858E-09  6.805111E-09  6.809473E-09  6.813282E-09  6.811637E-09  6.813354E-09  6.781900E-09  6.780023E-09  6.777824E-09  6.777555E-09  6.798280E-09  6.781132E-09  6.769830E-09  6.785709E-09  6.791664E-09
Gas           Sam
0.000000E+00  -1.100136E-13 -1.098455E-13 -1.099850E-13 -1.098562E-13 -1.096095E-13 -1.093770E-13 -1.092197E-13 -1.093091E-13 -1.093162E-13 -1.094235E-13 -1.093162E-13 -1.090838E-13 -1.091553E-13 -1.090087E-13 -1.088334E-13 -1.090194E-13 -1.089300E-13 -1.090015E-13 -1.090051E-13 -1.089586E-13
0.000000E+00  -2.490165E-14 -2.515199E-14 -2.501252E-14 -2.497675E-14 -2.503755E-14 -2.500179E-14 -2.485874E-14 -2.474072E-14 -2.469423E-14 -2.480867E-14 -2.478721E-14 -2.493742E-14 -2.484443E-14 -2.486231E-14 -2.510550E-14 -2.511265E-14 -2.489450E-14 -2.484443E-14 -2.506616E-14 -2.505185E-14
0.000000E+00  2.860418E-13  2.855518E-13  2.860024E-13  2.866927E-13  2.870717E-13  2.868035E-13  2.872506E-13  2.864030E-13  2.870395E-13  2.873972E-13  2.871469E-13  2.873149E-13  2.875402E-13  2.878764E-13  2.869037E-13  2.863815E-13  2.870002E-13  2.869394E-13  2.865031E-13  2.870896E-13
0.000000E+00  2.911147E-11  2.915067E-11  2.921318E-11  2.923525E-11  2.921615E-11  2.922788E-11  2.917588E-11  2.908068E-11  2.923446E-11  2.916862E-11  2.916594E-11  2.918235E-11  2.920256E-11  2.917992E-11  2.904939E-11  2.907853E-11  2.916322E-11  2.905543E-11  2.905965E-11  2.912553E-11
0.000000E+00  8.266290E-11  8.277448E-11  8.295616E-11  8.301087E-11  8.296903E-11  8.300265E-11  8.286711E-11  8.257350E-11  8.300480E-11  8.282919E-11  8.282312E-11  8.286674E-11  8.292361E-11  8.288176E-11  8.248051E-11  8.256455E-11  8.280130E-11  8.251878E-11  8.250733E-11  8.270153E-11
0.000000E+00  6.885166E-09  6.893588E-09  6.909198E-09  6.913508E-09  6.910325E-09  6.912131E-09  6.901742E-09  6.877083E-09  6.913132E-09  6.898452E-09  6.897736E-09  6.901187E-09  6.906248E-09  6.902976E-09  6.869663E-09  6.876028E-09  6.896413E-09  6.873346E-09  6.871558E-09  6.887866E-09
Gas           Ref
0.000000E+00  -1.138903E-13 -1.138080E-13 -1.137007E-13 -1.137901E-13 -1.137866E-13 -1.138724E-13 -1.138009E-13 -1.139082E-13 -1.138223E-13 -1.138867E-13 -1.139046E-13 -1.138509E-13 -1.138724E-13 -1.138152E-13 -1.139475E-13 -1.139690E-13 -1.139761E-13 -1.139868E-13 -1.140798E-13 -1.139547E-13
0.000000E+00  -2.743008E-14 -2.732279E-14 -2.752664E-14 -2.749088E-14 -2.724054E-14 -2.735498E-14 -2.739790E-14 -2.754453E-14 -2.748373E-14 -2.726915E-14 -2.768758E-14 -2.754810E-14 -2.764108E-14 -2.781990E-14 -2.766254E-14 -2.771261E-14 -2.772692E-14 -2.764824E-14 -2.780202E-14 -2.771261E-14
0.000000E+00  2.654066E-13  2.654603E-13  2.642050E-13  2.642336E-13  2.650597E-13  2.650812E-13  2.649739E-13  2.650097E-13  2.654996E-13  2.649846E-13  2.643302E-13  2.644160E-13  2.637436E-13  2.633074E-13  2.636543E-13  2.642372E-13  2.646627E-13  2.637329E-13  2.633896E-13  2.641621E-13
0.000000E+00  2.811891E-11  2.807671E-11  2.798577E-11  2.807278E-11  2.809134E-11  2.806620E-11  2.807732E-11  2.810185E-11  2.810679E-11  2.804149E-11  2.801287E-11  2.805429E-11  2.792504E-11  2.793802E-11  2.799625E-11  2.803701E-11  2.803841E-11  2.789668E-11  2.795161E-11  2.806852E-11
0.000000E+00  8.039876E-11  8.029075E-11  8.001216E-11  8.027144E-11  8.033402E-11  8.025856E-11  8.030363E-11  8.034904E-11  8.036156E-11  8.018847E-11  8.011516E-11  8.023067E-11  7.986017E-11  7.987948E-11  8.004399E-11  8.017345E-11  8.019992E-11  7.976325E-11  7.991381E-11  8.026250E-11
0.000000E+00  6.730331E-09  6.721712E-09  6.697607E-09  6.719172E-09  6.725037E-09  6.717939E-09  6.721658E-09  6.726218E-09  6.727916E-09  6.712628E-09  6.705439E-09  6.715686E-09  6.684411E-09  6.686879E-09  6.699914E-09  6.711573E-09  6.713397E-09  6.676686E-09  6.689239E-09  6.719155E-09
Gas           Sam
0.000000E+00  -1.099349E-13 -1.097454E-13 -1.097346E-13 -1.095737E-13 -1.095773E-13 -1.093877E-13 -1.093520E-13 -1.091589E-13 -1.092340E-13 -1.093985E-13 -1.093985E-13 -1.094557E-13 -1.093663E-13 -1.094414E-13 -1.093949E-13 -1.091517E-13 -1.090516E-13 -1.090766E-13 -1.090909E-13 -1.089729E-13
0.000000E+00  -2.526643E-14 -2.533796E-14 -2.539160E-14 -2.537014E-14 -2.543094E-14 -2.544882E-14 -2.540233E-14 -2.535227E-14 -2.536299E-14 -2.535584E-14 -2.530220E-14 -2.532365E-14 -2.524855E-14 -2.528074E-14 -2.524140E-14 -2.521279E-14 -2.529862E-14 -2.516630E-14 -2.541664E-14 -2.533081E-14
0.000000E+00  2.818539E-13  2.819469E-13  2.827158E-13  2.835956E-13  2.826658E-13  2.822473E-13  2.825442E-13  2.839818E-13  2.836743E-13  2.831700E-13  2.833095E-13  2.838745E-13  2.839031E-13  2.830341E-13  2.828124E-13  2.840283E-13  2.838960E-13  2.836492E-13  2.839246E-13  2.843252E-13
0.000000E+00  2.879222E-11  2.884922E-11  2.891456E-11  2.890434E-11  2.883900E-11  2.878803E-11  2.886621E-11  2.895376E-11  2.879669E-11  2.884075E-11  2.887343E-11  2.889922E-11  2.887015E-11  2.873779E-11  2.878761E-11  2.891638E-11  2.882215E-11  2.883395E-11  2.885723E-11  2.886056E-11
0.000000E+00  8.176490E-11  8.191903E-11  8.211287E-11  8.209607E-11  8.188684E-11  8.174916E-11  8.194693E-11  8.221873E-11  8.178420E-11  8.188077E-11  8.199055E-11  8.206531E-11  8.198591E-11  8.161147E-11  8.173056E-11  8.210715E-11  8.183892E-11  8.188684E-11  8.193871E-11  8.195551E-11
0.000000E+00  6.810028E-09  6.822223E-09  6.838459E-09  6.837941E-09  6.819952E-09  6.808347E-09  6.825603E-09  6.848312E-09  6.811727E-09  6.819469E-09  6.828857E-09  6.834937E-09  6.828750E-09  6.796563E-09  6.807095E-09  6.838906E-09  6.815929E-09  6.819898E-09  6.824780E-09  6.825692E-09
Gas           Ref
0.000000E+00  -1.138688E-13 -1.138939E-13 -1.137901E-13 -1.139189E-13 -1.137758E-13 -1.138617E-13 -1.140119E-13 -1.139475E-13 -1.139404E-13 -1.139225E-13 -1.140298E-13 -1.139511E-13 -1.138653E-13 -1.138366E-13 -1.138009E-13 -1.138259E-13 -1.138831E-13 -1.138688E-13 -1.137651E-13 -1.136793E-13
0.000000E+00  -2.772692E-14 -2.796295E-14 -2.796295E-14 -2.805593E-14 -2.798083E-14 -2.799514E-14 -2.820614E-14 -2.801302E-14 -2.777698E-14 -2.795937E-14 -2.803447E-14 -2.804878E-14 -2.811315E-14 -2.796295E-14 -2.778414E-14 -2.793076E-14 -2.789858E-14 -2.775553E-14 -2.762320E-14 -2.792003E-14
0.000000E+00  2.607968E-13  2.604070E-13  2.606824E-13  2.601066E-13  2.606967E-13  2.601566E-13  2.598920E-13  2.604248E-13  2.607753E-13  2.596488E-13  2.601137E-13  2.604463E-13  2.603247E-13  2.605214E-13  2.606752E-13  2.605679E-13  2.601459E-13  2.604427E-13  2.603390E-13  2.601352E-13
0.000000E+00  2.762517E-11  2.771218E-11  2.763912E-11  2.766555E-11  2.775281E-11  2.760350E-11  2.766501E-11  2.771204E-11  2.770528E-11  2.758794E-11  2.770256E-11  2.769065E-11  2.769809E-11  2.772259E-11  2.769905E-11  2.769509E-11  2.770209E-11  2.769641E-11  2.768400E-11  2.762159E-11
0.000000E+00  7.901974E-11  7.922860E-11  7.905157E-11  7.909878E-11  7.937308E-11  7.893426E-11  7.909914E-11  7.924075E-11  7.923074E-11  7.889635E-11  7.921715E-11  7.919748E-11  7.920857E-11  7.927187E-11  7.921178E-11  7.920749E-11  7.921715E-11  7.920571E-11  7.917031E-11  7.898863E-11
0.000000E+00  6.614441E-09  6.632287E-09  6.617159E-09  6.621057E-09  6.643928E-09  6.607074E-09  6.620717E-09  6.633091E-09  6.633234E-09  6.603676E-09  6.630892E-09  6.629390E-09  6.630391E-09  6.635595E-09  6.631125E-09  6.631232E-09  6.632054E-09  6.630355E-09  6.627030E-09  6.612224E-09
 Gas          
0.000000E+00  0.000000E+00  0.000000E+00  0.000000E+00  0.000000E+00  0.000000E+00  0.000000E+00  0.000000E+00  0.000000E+00  0.000000E+00  0.000000E+00  0.000000E+00  0.000000E+00  0.000000E+00  0.000000E+00  0.000000E+00  0.000000E+00  0.000000E+00  0.000000E+00  0.000000E+00  0.000000E+00
0.000000E+00  0.000000E+00  0.000000E+00  0.000000E+00  0.000000E+00  0.000000E+00  0.000000E+00  0.000000E+00  0.000000E+00  0.000000E+00  0.000000E+00  0.000000E+00  0.000000E+00  0.000000E+00  0.000000E+00  0.000000E+00  0.000000E+00  0.000000E+00  0.000000E+00  0.000000E+00  0.000000E+00
0.000000E+00  0.000000E+00  0.000000E+00  0.000000E+00  0.000000E+00  0.000000E+00  0.000000E+00  0.000000E+00  0.000000E+00  0.000000E+00  0.000000E+00  0.000000E+00  0.000000E+00  0.000000E+00  0.000000E+00  0.000000E+00  0.000000E+00  0.000000E+00  0.000000E+00  0.000000E+00  0.000000E+00
0.000000E+00  0.000000E+00  0.000000E+00  0.000000E+00  0.000000E+00  0.000000E+00  0.000000E+00  0.000000E+00  0.000000E+00  0.000000E+00  0.000000E+00  0.000000E+00  0.000000E+00  0.000000E+00  0.000000E+00  0.000000E+00  0.000000E+00  0.000000E+00  0.000000E+00  0.000000E+00  0.000000E+00
0.000000E+00  0.000000E+00  0.000000E+00  0.000000E+00  0.000000E+00  0.000000E+00  0.000000E+00  0.000000E+00  0.000000E+00  0.000000E+00  0.000000E+00  0.000000E+00  0.000000E+00  0.000000E+00  0.000000E+00  0.000000E+00  0.000000E+00  0.000000E+00  0.000000E+00  0.000000E+00  0.000000E+00
0.000000E+00  0.000000E+00  0.000000E+00  0.000000E+00  0.000000E+00  0.000000E+00  0.000000E+00  0.000000E+00  0.000000E+00  0.000000E+00  0.000000E+00  0.000000E+00  0.000000E+00  0.000000E+00  0.000000E+00  0.000000E+00  0.000000E+00  0.000000E+00  0.000000E+00  0.000000E+00  0.000000E+00
End of Analysis
"H3 factor",13.13339
"Linearity factor (0)",52.88039
"Linearity factor (1)",18.00761
"Linearity factor (2)",-.1321419
"Linearity factor (3)",9.804096E-04
"Linearity factor (4)",-7.965973E-02
"Linearity factor (5)",0
"Collector Gains :",500,5000,5000,5000,500,500,50,500,1,5
"Number of deflectors available : ",33
"Source HT",8000
"Extraction V",780
"H Defl",310
"Trap",850
"Trap Voltage",24
"Repeller",4
"Filament V",-110
"Delta HP",19
"Z Lens",110
"Delta Z",130
"Max Current",3.5
"Heater Current",1
"Quad 1",120
"Cubic 1",50
"Lin 1",0
"Deflect 1 I",5
"Deflect 1 O",5
"Offset 1",0
"Offset 2",0
"Quad 2",-620
"Cubic 2",0
"Lin 2",0
"Q1 I Cor",0
"Q1 O Cor",0
"Suppressor",-100
"Mop Plate",-15
"ESA H1",790
"ESA H1 delta",0
"ESA H2",800
"ESA H2 delta",0
"ESA H3",820
"ESA H3 delta",0
"ESA HD",0
"ESA HD delta",0
"Batch Started: ","13:02:19 15:29:56"
"Data File: ","C:\Nu Stable\Results\2019\201902013 standard PD4 BSS WNI ZE NTA\Data_9287 ETH-01.txt"
"Sample Name: ","ETH-01"
"Sample Weight: ",66
"Sample Type: ","Sam"
"Vial Number: ",10
"Sam Beam First CO: ","7.190760e-09"
"Sam Beam Last CO: ","6.819012e-09"
"Ref Beam First CO: ","7.143360e-09"
"Ref Beam Second CO: ","7.053954e-09"
"Ref BeamLast CO: ","6.621687e-09"
"Sam Depletion: ","5 %"
"Ref Depletion: ","7 %"
"Observed CP Temperature: ",70.277
"Std Dev: ","3.960e-02"
"Min: ","70.256"
"Max: ","70.341"
"Ave Started: ","13:02:19 20:42:42"
"Ave Stopped: ","13:02:19 20:46:31"
"Num: ",8
"Current Mass: ",46.02939
"Method File Name","C:\Nu Stable\Analyses\DI\040216 12-12-20 6 collectors.rdf"
"Version 6"
"Analysis Type","DI"
"Analysis Calculation Routine ","Clumped CO2 Iterative"
"Gas ID ","CO2"
"Ref Gas Identifier ","AirLiquide01"
"Centring collector ",8
"Num of Ref/Sam cycles ",6
"Cycles length(secs) ",20
"C/O valve stabilisation time ",12
"Offset for zero measurement(amu) ",0
"Zero measurement time ",20
"Spare",0
"Spare",0
0
-1
-1
-1
-1
0
-1
0
-1
0
"Num Clumped Blocks","1"
"Do zero at start of block",#FALSE#
"Balance beams",#FALSE#
"Mag Hysteresis Offset",.001
"Apply Hysteresis Offset",#FALSE#
"Target Beam (A) ",.00000005
"Use CF with Bellows ",#FALSE#
"DI Auto Gas balancing: ","True"
"Pirani pressure",3.398285E-02
"Cold finger status","CF"
"Inlet transducer pressure",1.098529
"Sample operations:  InitialisePrepSampleRun; CheckIfCFRequired; UseCF; SampleTrapped; BalanceRefToSamValue; DepletingBalance; SampleReady;"
"Number of sample chops",0
"Number of sample double chops",0
"Run from bellows",#FALSE#
"Max sample pump-over pressure (mBar)","0.000000e00"
"Max sample pump-over pressure (raw)",0
"Pre-balance Sam Beam","7.418491e-09"
"Min ref beam","2.944281e-09"
"Max ref beam","1.752573e-08"
"Ref bellows position",3965
"Sam bellows position",8444
"Balance %",.6740569
"Initial Sam Beam","7.724948e-09"
"Final Ref Beam","7.380087e-09"
"Final Sam Beam","7.429833e-09"
"Pre-depleted Ref Beam",7.424362E-09
"InletPiraniPressure",3.398285E-02
"Depletion Factor",.96
"Balance End","13/02/19 21:26:14"
"Water Trap Temperature Hot",-195.1766
"Water Trap Temperature Cold",-195.1766
"DP Version",25
"Num Gas Cycles ",1
"UseFrontHeightThreshold(1)",#TRUE#
"FrontHeightThreshold(1)",2
"UseBackHeightThreshold(1)",#TRUE#
"BackHeightThreshold(1)",2.7
"UsePeakWidthLimit(1)",#FALSE#
"PeakWidthLimit(1)",6
"RefGasFrontHeightThreshold(1)",40
"RefGasBackHeightThreshold(1)",10
"Measure_Elemental_Comp",#TRUE#
"Use_TCD_For_Elem_Calcs",#FALSE#
"Sample_Name","ETH-01"
"Sample_Type","Sam"
"Sample_Weight",66
"Sample_Vial",10
"Standard_Type",""
"NoAnalysisCycles",1
"Gas1","CO2"
"Ref Gas1","AirLiquide01"
"Analysis_Routine1","Clumped CO2 Iterative"
"ZeroWidth1",10
"NoZeros1",1
"ZeroTime1",10
"Delta wrt Std 1",#FALSE#
"AllowLinearityCorrection",#FALSE#
"Num Collectors",6
"LinearityFactor(Cent)",52880.39
"LinearityFactor(Low2)",18007.61
"LinearityFactor(Low4)",-132.1419
"LinearityFactor()",.9804096
"LinearityFactor()",-79.65973
"LinearityFactor()",0
"UseH3Factor",#FALSE#
"H3Factor",0
"Axial Mass",46
"Anal Start",0
"Anal End",0
"Calc Linearity Correction from Ref Peaks",#FALSE#
"Temperature",25
"Std Temperature",25
"A_Factor",1.01025
"K_Factor",.04
"TemperatureCorrectionEnabled",#FALSE#
"GC ZeroMethod","Lowest Peak Limit"
"GC AllowZeroToCutPoints",#FALSE#
"GC UseIsotopicShift",#TRUE#
"GC InterpolatePeakHeight",#TRUE#
"GC NumZeroPoints",10
"GC Min Peak Height",.0000000001
"GC No UserPeaks",0
"SmoothingInterval",10
"DropFactor",1
"GradientRejectfactor",10
"SectionSize",100
"BackgroundStartTime",1
"CutOffTime",1000
"UseNewBackgroundCalcn",#FALSE#
"GC Label File","None.lab"
"GC No User Defined Background Points",0
"GC No Auto-detected Peaks to be Removed",0
"GC No Auto-calculated Background Points to Remove",0
"GC Std Peak In Sample",#FALSE#
"GC Std Peak Time",0
"Max Gap For Grouping EA Ref Pulses",20
"Group EA Ref Peaks",#FALSE#
"Use Defined Peak Limits (1)",#FALSE#
"Peak Start (1)",0
"Peak End (1)",0
"DP Version",25
"Num Gas Cycles ",1
"UseFrontHeightThreshold(1)",#TRUE#
"FrontHeightThreshold(1)",2
"UseBackHeightThreshold(1)",#TRUE#
"BackHeightThreshold(1)",2.7
"UsePeakWidthLimit(1)",#FALSE#
"PeakWidthLimit(1)",6
"RefGasFrontHeightThreshold(1)",40
"RefGasBackHeightThreshold(1)",10
"Measure_Elemental_Comp",#TRUE#
"Use_TCD_For_Elem_Calcs",#FALSE#
"Sample_Name","ETH-01"
"Sample_Type","Sam"
"Sample_Weight",66
"Sample_Vial",10
"Standard_Type",""
"NoAnalysisCycles",1
"Gas1","CO2"
"Ref Gas1","AirLiquide01"
"Analysis_Routine1","Clumped CO2 Iterative"
"ZeroWidth1",10
"NoZeros1",1
"ZeroTime1",10
"Delta wrt Std 1",#FALSE#
"AllowLinearityCorrection",#FALSE#
"Num Collectors",6
"LinearityFactor(Cent)",52880.39
"LinearityFactor(Low2)",18007.61
"LinearityFactor(Low4)",-132.1419
"LinearityFactor()",.9804096
"LinearityFactor()",-79.65973
"LinearityFactor()",0
"UseH3Factor",#FALSE#
"H3Factor",0
"Axial Mass",46
"Anal Start",0
"Anal End",0
"Calc Linearity Correction from Ref Peaks",#FALSE#
"Temperature",25
"Std Temperature",25
"A_Factor",1.01025
"K_Factor",.04
"TemperatureCorrectionEnabled",#FALSE#
"GC ZeroMethod","Lowest Peak Limit"
"GC AllowZeroToCutPoints",#FALSE#
"GC UseIsotopicShift",#TRUE#
"GC InterpolatePeakHeight",#TRUE#
"GC NumZeroPoints",10
"GC Min Peak Height",.0000000001
"GC No UserPeaks",0
"SmoothingInterval",10
"DropFactor",1
"GradientRejectfactor",10
"SectionSize",100
"BackgroundStartTime",1
"CutOffTime",1000
"UseNewBackgroundCalcn",#FALSE#
"GC Label File","None.lab"
"GC No User Defined Background Points",0
"GC No Auto-detected Peaks to be Removed",0
"GC No Auto-calculated Background Points to Remove",0
"GC Std Peak In Sample",#FALSE#
"GC Std Peak Time",0
"Max Gap For Grouping EA Ref Pulses",20
"Group EA Ref Peaks",#FALSE#
"Use Defined Peak Limits (1)",#FALSE#
"Peak Start (1)",0
"Peak End (1)",0
"End of Data file"


