"Clumped CO2 Iterative Analysis,         Data File Version 10"
"Started analysis at 8:05:59 PM on the Wednesday, February 13, 2019"
"UTC FileTimeLow",1915401600," UTC FileTimeHigh",30721025
"Time Zone ","Eastern Daylight Time"
"CO Disabled",#FALSE#
"Persective Instrument","PS019"
"User logged in",#FALSE#
"Software Version","Stable 1.69.5"
"Axial Mass is :",46
"No_C_O_Cycles",6
"Num Blocks",1
0
-1
-1
-1
-1
0
-1
0
-1
0
"Sample Name is ","PD4 139.8"
Zero Data
-1.153147151064E-13, -5.875795726709E-14, -6.287461565659E-14, -3.710571448354E-14, 1.069487177313E-13, 3.852549898022E-12, Measured at start of run
Individual Data
No_C_O_Cycles                6 
Cycle_Length   20 
Zero_Measurement_Length      20 
Axial_Mass     46 
 Gas          Bla
0.000000E+00  -1.151885E-13 -1.153101E-13 -1.151491E-13 -1.152528E-13 -1.152600E-13 -1.154638E-13 -1.155032E-13 -1.154174E-13 -1.154710E-13 -1.154245E-13 -1.154281E-13 -1.153029E-13 -1.154603E-13 -1.154066E-13 -1.151778E-13 -1.152028E-13 -1.151885E-13 -1.152958E-13 -1.152922E-13 -1.150991E-13
0.000000E+00  -5.869752E-14 -5.870825E-14 -5.864745E-14 -5.876547E-14 -5.883699E-14 -5.882627E-14 -5.873686E-14 -5.888706E-14 -5.883342E-14 -5.878335E-14 -5.874043E-14 -5.866891E-14 -5.872971E-14 -5.870109E-14 -5.858308E-14 -5.871540E-14 -5.870467E-14 -5.876547E-14 -5.893355E-14 -5.889421E-14
0.000000E+00  -6.269938E-14 -6.283885E-14 -6.309992E-14 -6.301409E-14 -6.291395E-14 -6.282455E-14 -6.294256E-14 -6.286389E-14 -6.282455E-14 -6.292468E-14 -6.294972E-14 -6.285316E-14 -6.284958E-14 -6.286746E-14 -6.282455E-14 -6.279593E-14 -6.282813E-14 -6.289965E-14 -6.288892E-14 -6.278878E-14
0.000000E+00  -3.651384E-14 -3.647808E-14 -3.679994E-14 -3.640655E-14 -3.647808E-14 -3.676418E-14 -3.701452E-14 -3.705028E-14 -3.705028E-14 -3.690723E-14 -3.715757E-14 -3.672842E-14 -3.758672E-14 -3.726486E-14 -3.751520E-14 -3.758672E-14 -3.751520E-14 -3.790859E-14 -3.755096E-14 -3.783706E-14
0.000000E+00  1.087190E-13  1.080037E-13  1.090766E-13  1.080037E-13  1.087190E-13  1.072885E-13  1.080037E-13  1.058579E-13  1.083614E-13  1.058579E-13  1.080037E-13  1.062156E-13  1.065732E-13  1.069308E-13  1.069308E-13  1.044274E-13  1.047851E-13  1.047851E-13  1.069308E-13  1.055003E-13
0.000000E+00  3.987555E-12  3.969673E-12  3.987555E-12  3.987555E-12  3.969673E-12  3.951792E-12  3.862385E-12  3.916029E-12  3.826622E-12  3.898147E-12  3.844503E-12  3.808741E-12  3.755096E-12  3.826622E-12  3.719333E-12  3.790859E-12  3.826622E-12  3.755096E-12  3.647808E-12  3.719333E-12
Gas           Ref
0.000000E+00  -1.148952E-13 -1.148738E-13 -1.149453E-13 -1.149453E-13 -1.149632E-13 -1.149882E-13 -1.150526E-13 -1.150132E-13 -1.150883E-13 -1.149524E-13 -1.149381E-13 -1.148809E-13 -1.149453E-13 -1.149918E-13 -1.149346E-13 -1.149167E-13 -1.149095E-13 -1.148451E-13 -1.150955E-13 -1.150204E-13
0.000000E+00  -4.152779E-14 -4.160647E-14 -4.166727E-14 -4.155998E-14 -4.145268E-14 -4.164223E-14 -4.152779E-14 -4.164938E-14 -4.160647E-14 -4.148130E-14 -4.142408E-14 -4.153852E-14 -4.158859E-14 -4.166011E-14 -4.142765E-14 -4.135970E-14 -4.147772E-14 -4.153852E-14 -4.173879E-14 -4.173879E-14
0.000000E+00  1.179529E-13  1.187898E-13  1.190652E-13  1.186575E-13  1.190759E-13  1.184214E-13  1.177491E-13  1.172913E-13  1.183320E-13  1.191725E-13  1.188112E-13  1.185788E-13  1.186146E-13  1.188255E-13  1.185323E-13  1.183070E-13  1.185609E-13  1.186503E-13  1.187612E-13  1.185108E-13
0.000000E+00  1.552289E-11  1.558780E-11  1.558064E-11  1.557253E-11  1.556902E-11  1.546156E-11  1.545930E-11  1.547250E-11  1.555354E-11  1.556140E-11  1.555962E-11  1.555357E-11  1.555218E-11  1.554814E-11  1.554549E-11  1.553998E-11  1.553519E-11  1.553734E-11  1.553601E-11  1.553208E-11
0.000000E+00  4.447751E-11  4.467420E-11  4.466097E-11  4.463665E-11  4.463165E-11  4.431943E-11  4.430405E-11  4.435019E-11  4.457371E-11  4.459910E-11  4.458873E-11  4.458300E-11  4.457728E-11  4.456334E-11  4.455475E-11  4.453973E-11  4.454009E-11  4.453508E-11  4.452936E-11  4.452185E-11
0.000000E+00  3.721801E-09  3.738449E-09  3.737054E-09  3.735534E-09  3.734586E-09  3.708587E-09  3.706870E-09  3.710965E-09  3.729526E-09  3.732315E-09  3.731063E-09  3.730527E-09  3.730027E-09  3.729758E-09  3.728489E-09  3.727076E-09  3.726951E-09  3.726593E-09  3.725878E-09  3.725717E-09
Gas           Sam
0.000000E+00  -1.106001E-13 -1.105608E-13 -1.103569E-13 -1.103247E-13 -1.099528E-13 -1.099278E-13 -1.099921E-13 -1.099993E-13 -1.098884E-13 -1.100565E-13 -1.099778E-13 -1.098527E-13 -1.097597E-13 -1.096631E-13 -1.095129E-13 -1.096774E-13 -1.095272E-13 -1.095236E-13 -1.093699E-13 -1.094807E-13
0.000000E+00  -4.056219E-14 -4.038338E-14 -4.029039E-14 -4.032258E-14 -4.019026E-14 -4.013304E-14 -4.007582E-14 -3.990416E-14 -3.986839E-14 -3.998641E-14 -4.025106E-14 -4.028324E-14 -4.008655E-14 -4.002575E-14 -4.024033E-14 -4.015092E-14 -4.022602E-14 -4.018668E-14 -4.007939E-14 -4.004721E-14
0.000000E+00  1.283206E-13  1.281275E-13  1.283063E-13  1.285495E-13  1.285816E-13  1.285924E-13  1.287712E-13  1.290251E-13  1.289929E-13  1.290573E-13  1.293684E-13  1.294614E-13  1.295401E-13  1.296366E-13  1.295115E-13  1.295008E-13  1.292146E-13  1.293148E-13  1.296510E-13  1.298906E-13
0.000000E+00  1.572541E-11  1.572234E-11  1.571712E-11  1.571526E-11  1.571690E-11  1.571014E-11  1.570642E-11  1.570385E-11  1.570782E-11  1.570610E-11  1.569823E-11  1.569670E-11  1.569788E-11  1.569713E-11  1.569648E-11  1.569119E-11  1.568296E-11  1.568454E-11  1.568264E-11  1.568060E-11
0.000000E+00  4.478543E-11  4.478506E-11  4.476862E-11  4.476719E-11  4.477362E-11  4.474608E-11  4.474644E-11  4.472784E-11  4.474751E-11  4.473857E-11  4.472427E-11  4.471604E-11  4.470889E-11  4.471425E-11  4.471604E-11  4.469709E-11  4.468135E-11  4.467992E-11  4.467814E-11  4.467456E-11
0.000000E+00  3.729168E-09  3.728882E-09  3.727595E-09  3.727648E-09  3.727595E-09  3.725825E-09  3.725431E-09  3.724412E-09  3.725753E-09  3.724984E-09  3.723410E-09  3.723053E-09  3.722552E-09  3.722856E-09  3.722820E-09  3.721515E-09  3.719745E-09  3.719959E-09  3.719530E-09  3.719155E-09
Gas           Ref
0.000000E+00  -1.150132E-13 -1.148201E-13 -1.149560E-13 -1.148201E-13 -1.148738E-13 -1.149381E-13 -1.149918E-13 -1.150132E-13 -1.151491E-13 -1.150669E-13 -1.152135E-13 -1.150848E-13 -1.148916E-13 -1.150168E-13 -1.149560E-13 -1.149095E-13 -1.149632E-13 -1.148416E-13 -1.149059E-13 -1.148380E-13
0.000000E+00  -4.188184E-14 -4.173521E-14 -4.185323E-14 -4.180674E-14 -4.172091E-14 -4.164938E-14 -4.177455E-14 -4.188541E-14 -4.181747E-14 -4.168157E-14 -4.179601E-14 -4.199271E-14 -4.188184E-14 -4.198555E-14 -4.201416E-14 -4.176382E-14 -4.175309E-14 -4.172448E-14 -4.165296E-14 -4.174594E-14
0.000000E+00  1.170410E-13  1.171054E-13  1.171340E-13  1.170231E-13  1.170231E-13  1.168300E-13  1.168193E-13  1.167871E-13  1.166369E-13  1.168657E-13  1.169301E-13  1.167299E-13  1.166655E-13  1.165045E-13  1.164724E-13  1.164080E-13  1.166083E-13  1.163508E-13  1.164294E-13  1.163365E-13
0.000000E+00  1.541581E-11  1.540923E-11  1.540662E-11  1.540176E-11  1.539836E-11  1.539654E-11  1.539557E-11  1.538931E-11  1.538903E-11  1.538463E-11  1.538112E-11  1.537859E-11  1.537791E-11  1.537304E-11  1.537276E-11  1.536857E-11  1.536317E-11  1.536253E-11  1.535720E-11  1.535534E-11
0.000000E+00  4.418997E-11  4.417245E-11  4.415242E-11  4.414277E-11  4.413668E-11  4.412059E-11  4.412024E-11  4.411845E-11  4.410808E-11  4.410092E-11  4.409305E-11  4.408197E-11  4.407338E-11  4.406266E-11  4.405836E-11  4.405193E-11  4.403834E-11  4.403011E-11  4.402582E-11  4.401831E-11
0.000000E+00  3.697375E-09  3.696356E-09  3.694586E-09  3.693835E-09  3.693316E-09  3.692261E-09  3.692171E-09  3.691367E-09  3.690884E-09  3.689954E-09  3.689632E-09  3.688649E-09  3.688130E-09  3.687344E-09  3.686950E-09  3.686020E-09  3.685162E-09  3.684482E-09  3.683875E-09  3.683445E-09
Gas           Sam
0.000000E+00  -1.108075E-13 -1.106502E-13 -1.105965E-13 -1.104535E-13 -1.101316E-13 -1.102282E-13 -1.101137E-13 -1.099599E-13 -1.098455E-13 -1.098276E-13 -1.098884E-13 -1.097919E-13 -1.096202E-13 -1.095880E-13 -1.096238E-13 -1.097418E-13 -1.097740E-13 -1.097454E-13 -1.096738E-13 -1.093985E-13
0.000000E+00  -4.038338E-14 -4.043345E-14 -4.036192E-14 -4.035835E-14 -4.041556E-14 -4.050140E-14 -4.034046E-14 -4.037265E-14 -4.036192E-14 -4.036550E-14 -4.035477E-14 -4.041199E-14 -4.032616E-14 -4.036192E-14 -4.027967E-14 -4.016522E-14 -4.012946E-14 -4.004363E-14 -4.030112E-14 -4.028682E-14
0.000000E+00  1.261033E-13  1.262749E-13  1.263500E-13  1.265682E-13  1.265181E-13  1.264359E-13  1.267005E-13  1.269187E-13  1.272012E-13  1.271726E-13  1.269795E-13  1.271905E-13  1.275338E-13  1.275409E-13  1.273764E-13  1.275982E-13  1.276554E-13  1.276768E-13  1.277555E-13  1.277949E-13
0.000000E+00  1.557682E-11  1.557639E-11  1.557228E-11  1.556766E-11  1.556752E-11  1.556441E-11  1.556130E-11  1.556198E-11  1.555797E-11  1.555640E-11  1.555400E-11  1.554896E-11  1.554892E-11  1.554760E-11  1.554291E-11  1.554306E-11  1.554281E-11  1.553362E-11  1.553147E-11  1.552940E-11
0.000000E+00  4.438703E-11  4.437236E-11  4.436449E-11  4.435842E-11  4.434805E-11  4.434268E-11  4.433589E-11  4.433088E-11  4.432051E-11  4.431729E-11  4.431121E-11  4.429726E-11  4.429690E-11  4.429476E-11  4.428975E-11  4.428832E-11  4.427473E-11  4.425113E-11  4.423789E-11  4.424791E-11
0.000000E+00  3.695140E-09  3.694139E-09  3.693781E-09  3.693209E-09  3.692422E-09  3.692118E-09  3.691331E-09  3.691134E-09  3.690008E-09  3.689847E-09  3.688989E-09  3.688434E-09  3.688202E-09  3.687683E-09  3.687201E-09  3.686646E-09  3.686092E-09  3.684375E-09  3.683499E-09  3.683553E-09
Gas           Ref
0.000000E+00  -1.151062E-13 -1.150204E-13 -1.149346E-13 -1.151062E-13 -1.149918E-13 -1.149024E-13 -1.149453E-13 -1.148738E-13 -1.148523E-13 -1.147629E-13 -1.148523E-13 -1.151134E-13 -1.151599E-13 -1.150383E-13 -1.149524E-13 -1.149453E-13 -1.149632E-13 -1.151813E-13 -1.150955E-13 -1.150025E-13
0.000000E+00  -4.184965E-14 -4.185323E-14 -4.187826E-14 -4.192476E-14 -4.194264E-14 -4.194979E-14 -4.184608E-14 -4.171375E-14 -4.188184E-14 -4.193548E-14 -4.192118E-14 -4.192476E-14 -4.196409E-14 -4.207496E-14 -4.215363E-14 -4.206423E-14 -4.195694E-14 -4.194621E-14 -4.213933E-14 -4.208569E-14
0.000000E+00  1.149024E-13  1.149882E-13  1.151026E-13  1.148702E-13  1.146377E-13  1.145698E-13  1.145447E-13  1.149203E-13  1.150132E-13  1.148988E-13  1.145376E-13  1.144625E-13  1.141370E-13  1.135863E-13  1.136435E-13  1.139618E-13  1.142336E-13  1.137901E-13  1.134289E-13  1.135899E-13
0.000000E+00  1.523210E-11  1.522877E-11  1.523085E-11  1.522534E-11  1.522427E-11  1.521583E-11  1.521801E-11  1.521218E-11  1.520782E-11  1.520556E-11  1.519920E-11  1.519487E-11  1.511598E-11  1.508272E-11  1.509824E-11  1.516140E-11  1.518943E-11  1.507925E-11  1.508311E-11  1.510618E-11
0.000000E+00  4.365925E-11  4.365246E-11  4.365496E-11  4.363922E-11  4.363744E-11  4.361884E-11  4.361348E-11  4.361026E-11  4.359309E-11  4.359595E-11  4.357342E-11  4.356448E-11  4.334633E-11  4.324369E-11  4.326801E-11  4.346113E-11  4.354302E-11  4.323260E-11  4.323188E-11  4.330377E-11
0.000000E+00  3.653297E-09  3.652779E-09  3.652618E-09  3.651742E-09  3.651295E-09  3.649757E-09  3.649596E-09  3.648970E-09  3.647879E-09  3.647540E-09  3.646091E-09  3.645251E-09  3.626815E-09  3.618160E-09  3.620378E-09  3.636417E-09  3.643445E-09  3.617105E-09  3.617266E-09  3.622988E-09
Gas           Sam
0.000000E+00  -1.107896E-13 -1.106681E-13 -1.105858E-13 -1.105214E-13 -1.104213E-13 -1.104356E-13 -1.101996E-13 -1.101316E-13 -1.101316E-13 -1.099349E-13 -1.097668E-13 -1.097418E-13 -1.097418E-13 -1.097311E-13 -1.096452E-13 -1.096917E-13 -1.097239E-13 -1.097132E-13 -1.096381E-13 -1.095952E-13
0.000000E+00  -4.054431E-14 -4.053716E-14 -4.059080E-14 -4.051570E-14 -4.064802E-14 -4.045848E-14 -4.031543E-14 -4.045848E-14 -4.039411E-14 -4.045490E-14 -4.040483E-14 -4.048351E-14 -4.043345E-14 -4.042629E-14 -4.049067E-14 -4.046206E-14 -4.039053E-14 -4.029755E-14 -4.037265E-14 -4.038338E-14
0.000000E+00  1.243366E-13  1.241971E-13  1.244725E-13  1.245548E-13  1.246442E-13  1.246728E-13  1.247944E-13  1.248874E-13  1.251198E-13  1.252021E-13  1.252164E-13  1.252700E-13  1.254095E-13  1.255883E-13  1.256098E-13  1.256133E-13  1.255454E-13  1.257242E-13  1.257564E-13  1.256706E-13
0.000000E+00  1.542118E-11  1.542046E-11  1.541943E-11  1.541410E-11  1.541546E-11  1.542014E-11  1.540891E-11  1.540963E-11  1.540412E-11  1.540312E-11  1.539722E-11  1.539554E-11  1.539461E-11  1.539346E-11  1.539160E-11  1.538831E-11  1.538595E-11  1.538173E-11  1.538145E-11  1.537851E-11
0.000000E+00  4.393355E-11  4.393606E-11  4.393105E-11  4.392783E-11  4.392604E-11  4.392712E-11  4.389815E-11  4.390459E-11  4.388313E-11  4.388491E-11  4.386989E-11  4.386418E-11  4.386274E-11  4.385595E-11  4.385416E-11  4.384128E-11  4.382591E-11  4.382519E-11  4.381804E-11  4.380624E-11
0.000000E+00  3.658197E-09  3.657768E-09  3.657356E-09  3.657017E-09  3.656856E-09  3.656963E-09  3.655354E-09  3.655318E-09  3.653977E-09  3.653673E-09  3.652636E-09  3.651885E-09  3.651867E-09  3.651098E-09  3.650848E-09  3.649864E-09  3.648934E-09  3.648577E-09  3.648201E-09  3.647146E-09
Gas           Ref
0.000000E+00  -1.150526E-13 -1.151778E-13 -1.152278E-13 -1.149810E-13 -1.150418E-13 -1.149524E-13 -1.149417E-13 -1.149918E-13 -1.149775E-13 -1.148916E-13 -1.148845E-13 -1.148881E-13 -1.149024E-13 -1.148738E-13 -1.149882E-13 -1.150740E-13 -1.150347E-13 -1.150097E-13 -1.150669E-13 -1.150168E-13
0.000000E+00  -4.207138E-14 -4.211787E-14 -4.219655E-14 -4.222516E-14 -4.228954E-14 -4.225020E-14 -4.210715E-14 -4.200344E-14 -4.213218E-14 -4.227881E-14 -4.214291E-14 -4.198198E-14 -4.198913E-14 -4.202847E-14 -4.205350E-14 -4.209999E-14 -4.227166E-14 -4.236106E-14 -4.223231E-14 -4.225020E-14
0.000000E+00  1.129211E-13  1.129676E-13  1.127316E-13  1.116587E-13  1.116015E-13  1.117409E-13  1.125492E-13  1.125814E-13  1.129104E-13  1.123417E-13  1.115907E-13  1.116837E-13  1.121987E-13  1.124955E-13  1.124705E-13  1.125778E-13  1.124097E-13  1.115872E-13  1.115335E-13  1.116158E-13
0.000000E+00  1.505121E-11  1.505382E-11  1.499017E-11  1.492908E-11  1.494371E-11  1.500018E-11  1.504435E-11  1.503916E-11  1.503884E-11  1.494825E-11  1.492186E-11  1.493405E-11  1.501631E-11  1.502503E-11  1.501813E-11  1.501166E-11  1.497890E-11  1.489643E-11  1.490712E-11  1.496538E-11
0.000000E+00  4.315285E-11  4.315249E-11  4.298512E-11  4.281024E-11  4.284458E-11  4.299299E-11  4.313247E-11  4.311852E-11  4.310958E-11  4.285924E-11  4.277412E-11  4.281096E-11  4.303590E-11  4.307095E-11  4.305879E-11  4.302982E-11  4.294436E-11  4.270760E-11  4.274015E-11  4.290358E-11
0.000000E+00  3.610650E-09  3.610668E-09  3.596399E-09  3.581504E-09  3.584204E-09  3.597150E-09  3.608934E-09  3.607646E-09  3.607539E-09  3.586296E-09  3.578839E-09  3.581504E-09  3.600941E-09  3.604195E-09  3.602747E-09  3.600780E-09  3.593341E-09  3.573206E-09  3.575746E-09  3.589586E-09
Gas           Sam
0.000000E+00  -1.106931E-13 -1.105679E-13 -1.103283E-13 -1.102925E-13 -1.102389E-13 -1.101781E-13 -1.101817E-13 -1.100207E-13 -1.099278E-13 -1.100172E-13 -1.100136E-13 -1.098741E-13 -1.097668E-13 -1.096989E-13 -1.095630E-13 -1.097668E-13 -1.098169E-13 -1.098062E-13 -1.095916E-13 -1.095058E-13
0.000000E+00  -4.061584E-14 -4.065875E-14 -4.063729E-14 -4.067663E-14 -4.055861E-14 -4.056934E-14 -4.070882E-14 -4.077677E-14 -4.079823E-14 -4.071955E-14 -4.056577E-14 -4.042987E-14 -4.041199E-14 -4.066948E-14 -4.056577E-14 -4.039411E-14 -4.037622E-14 -4.041199E-14 -4.044775E-14 -4.053358E-14
0.000000E+00  1.224519E-13  1.222409E-13  1.226486E-13  1.225556E-13  1.228095E-13  1.230635E-13  1.234425E-13  1.234926E-13  1.235963E-13  1.236428E-13  1.235248E-13  1.235248E-13  1.235105E-13  1.233388E-13  1.234890E-13  1.236857E-13  1.237215E-13  1.237465E-13  1.238288E-13  1.237858E-13
0.000000E+00  1.526951E-11  1.526529E-11  1.526507E-11  1.525917E-11  1.526039E-11  1.525445E-11  1.525492E-11  1.525313E-11  1.524841E-11  1.524741E-11  1.524659E-11  1.524319E-11  1.524544E-11  1.523868E-11  1.523840E-11  1.523993E-11  1.523149E-11  1.522942E-11  1.522552E-11  1.522398E-11
0.000000E+00  4.350440E-11  4.349618E-11  4.348723E-11  4.347972E-11  4.347185E-11  4.347150E-11  4.346470E-11  4.345684E-11  4.345433E-11  4.345004E-11  4.344325E-11  4.343430E-11  4.342536E-11  4.342143E-11  4.341607E-11  4.341750E-11  4.340498E-11  4.339568E-11  4.338317E-11  4.337243E-11
0.000000E+00  3.621808E-09  3.621397E-09  3.620521E-09  3.620092E-09  3.619323E-09  3.619180E-09  3.618965E-09  3.618035E-09  3.617534E-09  3.617231E-09  3.616533E-09  3.616247E-09  3.616032E-09  3.615049E-09  3.614137E-09  3.614387E-09  3.613654E-09  3.612581E-09  3.612081E-09  3.610507E-09
Gas           Ref
0.000000E+00  -1.149524E-13 -1.148952E-13 -1.148952E-13 -1.148881E-13 -1.149560E-13 -1.150311E-13 -1.149381E-13 -1.150383E-13 -1.150132E-13 -1.148952E-13 -1.149024E-13 -1.148487E-13 -1.148273E-13 -1.148881E-13 -1.147629E-13 -1.147987E-13 -1.149024E-13 -1.147414E-13 -1.146949E-13 -1.148845E-13
0.000000E+00  -4.203562E-14 -4.238609E-14 -4.251484E-14 -4.238252E-14 -4.223947E-14 -4.232530E-14 -4.218940E-14 -4.225020E-14 -4.222159E-14 -4.220728E-14 -4.235033E-14 -4.240755E-14 -4.253630E-14 -4.240040E-14 -4.231815E-14 -4.226808E-14 -4.229669E-14 -4.222516E-14 -4.235033E-14 -4.218583E-14
0.000000E+00  1.104821E-13  1.096452E-13  1.096989E-13  1.101566E-13  1.109291E-13  1.108612E-13  1.106645E-13  1.105250E-13  1.106645E-13  1.104857E-13  1.106859E-13  1.106359E-13  1.106681E-13  1.104070E-13  1.103963E-13  1.103390E-13  1.105179E-13  1.104106E-13  1.102997E-13  1.102818E-13
0.000000E+00  1.482222E-11  1.477380E-11  1.478735E-11  1.486049E-11  1.487708E-11  1.487190E-11  1.486721E-11  1.486410E-11  1.485920E-11  1.485949E-11  1.485759E-11  1.485133E-11  1.485008E-11  1.484626E-11  1.484078E-11  1.483660E-11  1.483292E-11  1.483299E-11  1.483009E-11  1.482834E-11
0.000000E+00  4.250268E-11  4.234819E-11  4.238574E-11  4.259209E-11  4.264860E-11  4.264251E-11  4.262535E-11  4.261712E-11  4.260425E-11  4.259960E-11  4.259423E-11  4.258351E-11  4.256527E-11  4.256276E-11  4.254524E-11  4.253666E-11  4.253344E-11  4.252843E-11  4.251699E-11  4.251377E-11
0.000000E+00  3.556309E-09  3.543005E-09  3.546367E-09  3.563425E-09  3.568611E-09  3.567932E-09  3.566555E-09  3.565893E-09  3.564892E-09  3.564284E-09  3.563819E-09  3.562549E-09  3.561709E-09  3.561494E-09  3.560064E-09  3.559402E-09  3.558848E-09  3.558419E-09  3.557721E-09  3.557221E-09
Gas           Sam
0.000000E+00  -1.107217E-13 -1.108433E-13 -1.107181E-13 -1.104034E-13 -1.102103E-13 -1.101638E-13 -1.101352E-13 -1.101459E-13 -1.101531E-13 -1.101817E-13 -1.100458E-13 -1.100279E-13 -1.100493E-13 -1.100958E-13 -1.099492E-13 -1.099278E-13 -1.098491E-13 -1.097382E-13 -1.095236E-13 -1.094772E-13
0.000000E+00  -4.083399E-14 -4.096274E-14 -4.099135E-14 -4.092697E-14 -4.090551E-14 -4.080180E-14 -4.092697E-14 -4.076604E-14 -4.073743E-14 -4.074458E-14 -4.065875E-14 -4.074816E-14 -4.080896E-14 -4.095558E-14 -4.088406E-14 -4.087333E-14 -4.087333E-14 -4.068379E-14 -4.072670E-14 -4.066232E-14
0.000000E+00  1.204671E-13  1.207496E-13  1.207174E-13  1.207603E-13  1.207854E-13  1.210858E-13  1.209391E-13  1.209713E-13  1.210679E-13  1.210714E-13  1.202668E-13  1.199950E-13  1.205565E-13  1.215006E-13  1.211966E-13  1.207424E-13  1.206459E-13  1.211966E-13  1.217939E-13  1.217509E-13
0.000000E+00  1.511473E-11  1.510868E-11  1.510972E-11  1.511151E-11  1.510257E-11  1.510024E-11  1.510239E-11  1.509795E-11  1.509191E-11  1.504056E-11  1.497987E-11  1.498992E-11  1.506344E-11  1.508955E-11  1.497572E-11  1.498627E-11  1.501645E-11  1.508354E-11  1.508283E-11  1.507829E-11
0.000000E+00  4.306523E-11  4.305450E-11  4.305665E-11  4.305450E-11  4.304020E-11  4.302732E-11  4.303340E-11  4.302160E-11  4.300693E-11  4.286568E-11  4.268114E-11  4.271047E-11  4.291324E-11  4.299442E-11  4.267613E-11  4.269616E-11  4.278128E-11  4.296831E-11  4.295937E-11  4.296009E-11
0.000000E+00  3.585437E-09  3.584633E-09  3.584883E-09  3.584347E-09  3.582970E-09  3.582129E-09  3.582308E-09  3.581575E-09  3.580395E-09  3.568539E-09  3.552875E-09  3.555450E-09  3.572294E-09  3.579572E-09  3.552500E-09  3.554324E-09  3.561262E-09  3.577623E-09  3.577069E-09  3.576640E-09
Gas           Ref
0.000000E+00  -1.150025E-13 -1.148344E-13 -1.147021E-13 -1.149417E-13 -1.148666E-13 -1.147522E-13 -1.147057E-13 -1.149203E-13 -1.149381E-13 -1.149024E-13 -1.148094E-13 -1.148022E-13 -1.147557E-13 -1.150347E-13 -1.149667E-13 -1.147557E-13 -1.147379E-13 -1.147665E-13 -1.148237E-13 -1.147843E-13
0.000000E+00  -4.234676E-14 -4.240755E-14 -4.247550E-14 -4.247193E-14 -4.250411E-14 -4.247908E-14 -4.263286E-14 -4.266862E-14 -4.248266E-14 -4.254703E-14 -4.228238E-14 -4.251842E-14 -4.240398E-14 -4.236822E-14 -4.258994E-14 -4.259709E-14 -4.243974E-14 -4.219655E-14 -4.242186E-14 -4.240040E-14
0.000000E+00  1.089550E-13  1.086045E-13  1.085473E-13  1.085759E-13  1.086761E-13  1.086081E-13  1.084579E-13  1.086224E-13  1.087619E-13  1.086117E-13  1.085902E-13  1.084615E-13  1.084901E-13  1.082469E-13  1.085902E-13  1.085259E-13  1.083971E-13  1.081253E-13  1.081003E-13  1.080824E-13
0.000000E+00  1.470989E-11  1.470134E-11  1.469981E-11  1.470167E-11  1.469913E-11  1.468461E-11  1.468865E-11  1.468640E-11  1.468464E-11  1.467513E-11  1.467495E-11  1.467846E-11  1.467105E-11  1.467037E-11  1.466415E-11  1.466494E-11  1.465989E-11  1.465861E-11  1.465356E-11  1.465543E-11
0.000000E+00  4.216759E-11  4.215328E-11  4.214684E-11  4.214434E-11  4.213576E-11  4.211716E-11  4.211466E-11  4.210643E-11  4.209320E-11  4.208104E-11  4.207532E-11  4.207281E-11  4.206673E-11  4.205743E-11  4.205600E-11  4.204492E-11  4.203097E-11  4.202954E-11  4.201917E-11  4.201917E-11
0.000000E+00  3.528378E-09  3.527287E-09  3.526500E-09  3.526447E-09  3.525999E-09  3.523442E-09  3.523997E-09  3.522852E-09  3.522209E-09  3.521029E-09  3.520510E-09  3.520635E-09  3.519813E-09  3.518865E-09  3.518847E-09  3.518168E-09  3.516862E-09  3.516290E-09  3.515825E-09  3.515736E-09
Gas           Sam
0.000000E+00  -1.107575E-13 -1.105786E-13 -1.105965E-13 -1.104284E-13 -1.103498E-13 -1.102389E-13 -1.102317E-13 -1.103104E-13 -1.100887E-13 -1.100923E-13 -1.100386E-13 -1.099850E-13 -1.099921E-13 -1.098097E-13 -1.097454E-13 -1.096345E-13 -1.096631E-13 -1.097025E-13 -1.095844E-13 -1.096023E-13
0.000000E+00  -4.112009E-14 -4.104499E-14 -4.088406E-14 -4.109148E-14 -4.125242E-14 -4.101996E-14 -4.103426E-14 -4.085187E-14 -4.090909E-14 -4.105214E-14 -4.100207E-14 -4.092697E-14 -4.092339E-14 -4.096631E-14 -4.104142E-14 -4.099492E-14 -4.100923E-14 -4.101280E-14 -4.086975E-14 -4.094843E-14
0.000000E+00  1.186110E-13  1.189257E-13  1.190580E-13  1.189150E-13  1.190830E-13  1.193370E-13  1.192511E-13  1.192404E-13  1.194335E-13  1.196552E-13  1.195909E-13  1.195980E-13  1.195587E-13  1.196839E-13  1.194907E-13  1.194335E-13  1.196839E-13  1.197590E-13  1.199306E-13  1.197911E-13
0.000000E+00  1.496524E-11  1.496281E-11  1.495869E-11  1.495683E-11  1.495136E-11  1.495251E-11  1.495147E-11  1.494750E-11  1.494943E-11  1.494192E-11  1.493523E-11  1.493488E-11  1.493538E-11  1.493069E-11  1.493005E-11  1.492733E-11  1.492508E-11  1.492636E-11  1.491692E-11  1.491442E-11
0.000000E+00  4.263894E-11  4.263357E-11  4.262749E-11  4.261498E-11  4.261426E-11  4.260496E-11  4.259710E-11  4.259280E-11  4.259531E-11  4.257599E-11  4.256098E-11  4.255561E-11  4.255490E-11  4.254059E-11  4.253987E-11  4.253129E-11  4.252450E-11  4.252557E-11  4.249910E-11  4.250662E-11
0.000000E+00  3.549907E-09  3.549585E-09  3.548941E-09  3.548012E-09  3.547743E-09  3.546867E-09  3.546545E-09  3.545687E-09  3.545937E-09  3.544829E-09  3.543148E-09  3.543023E-09  3.542594E-09  3.541860E-09  3.541539E-09  3.541038E-09  3.540287E-09  3.540680E-09  3.538713E-09  3.538606E-09
Gas           Ref
0.000000E+00  -1.148666E-13 -1.147557E-13 -1.146628E-13 -1.145948E-13 -1.145304E-13 -1.146556E-13 -1.148380E-13 -1.146985E-13 -1.148237E-13 -1.147307E-13 -1.147915E-13 -1.147701E-13 -1.148523E-13 -1.148523E-13 -1.148881E-13 -1.147879E-13 -1.148344E-13 -1.148559E-13 -1.148201E-13 -1.149095E-13
0.000000E+00  -4.265074E-14 -4.270796E-14 -4.277233E-14 -4.276518E-14 -4.270081E-14 -4.292611E-14 -4.278306E-14 -4.262213E-14 -4.279737E-14 -4.257921E-14 -4.274372E-14 -4.256133E-14 -4.265432E-14 -4.263286E-14 -4.284386E-14 -4.261140E-14 -4.256848E-14 -4.261140E-14 -4.253988E-14 -4.251842E-14
0.000000E+00  1.068092E-13  1.068092E-13  1.066769E-13  1.068021E-13  1.065303E-13  1.066054E-13  1.066161E-13  1.068593E-13  1.067520E-13  1.065410E-13  1.063765E-13  1.065661E-13  1.067771E-13  1.067413E-13  1.068021E-13  1.064409E-13  1.063121E-13  1.063658E-13  1.061405E-13  1.063300E-13
0.000000E+00  1.453880E-11  1.453251E-11  1.453526E-11  1.452736E-11  1.452639E-11  1.452339E-11  1.451924E-11  1.451813E-11  1.451448E-11  1.451531E-11  1.450629E-11  1.450347E-11  1.450397E-11  1.450601E-11  1.449871E-11  1.449818E-11  1.449202E-11  1.448809E-11  1.448891E-11  1.448480E-11
0.000000E+00  4.169230E-11  4.166655E-11  4.166870E-11  4.164902E-11  4.164294E-11  4.163615E-11  4.163794E-11  4.161934E-11  4.160968E-11  4.161183E-11  4.159609E-11  4.158823E-11  4.158572E-11  4.157464E-11  4.157249E-11  4.156069E-11  4.155211E-11  4.154209E-11  4.154281E-11  4.153422E-11
0.000000E+00  3.487948E-09  3.486339E-09  3.485945E-09  3.484997E-09  3.484604E-09  3.484014E-09  3.483495E-09  3.482476E-09  3.481850E-09  3.481797E-09  3.480348E-09  3.479812E-09  3.479633E-09  3.478828E-09  3.478364E-09  3.477863E-09  3.476879E-09  3.476128E-09  3.475896E-09  3.475234E-09
 Gas          
0.000000E+00  0.000000E+00  0.000000E+00  0.000000E+00  0.000000E+00  0.000000E+00  0.000000E+00  0.000000E+00  0.000000E+00  0.000000E+00  0.000000E+00  0.000000E+00  0.000000E+00  0.000000E+00  0.000000E+00  0.000000E+00  0.000000E+00  0.000000E+00  0.000000E+00  0.000000E+00  0.000000E+00
0.000000E+00  0.000000E+00  0.000000E+00  0.000000E+00  0.000000E+00  0.000000E+00  0.000000E+00  0.000000E+00  0.000000E+00  0.000000E+00  0.000000E+00  0.000000E+00  0.000000E+00  0.000000E+00  0.000000E+00  0.000000E+00  0.000000E+00  0.000000E+00  0.000000E+00  0.000000E+00  0.000000E+00
0.000000E+00  0.000000E+00  0.000000E+00  0.000000E+00  0.000000E+00  0.000000E+00  0.000000E+00  0.000000E+00  0.000000E+00  0.000000E+00  0.000000E+00  0.000000E+00  0.000000E+00  0.000000E+00  0.000000E+00  0.000000E+00  0.000000E+00  0.000000E+00  0.000000E+00  0.000000E+00  0.000000E+00
0.000000E+00  0.000000E+00  0.000000E+00  0.000000E+00  0.000000E+00  0.000000E+00  0.000000E+00  0.000000E+00  0.000000E+00  0.000000E+00  0.000000E+00  0.000000E+00  0.000000E+00  0.000000E+00  0.000000E+00  0.000000E+00  0.000000E+00  0.000000E+00  0.000000E+00  0.000000E+00  0.000000E+00
0.000000E+00  0.000000E+00  0.000000E+00  0.000000E+00  0.000000E+00  0.000000E+00  0.000000E+00  0.000000E+00  0.000000E+00  0.000000E+00  0.000000E+00  0.000000E+00  0.000000E+00  0.000000E+00  0.000000E+00  0.000000E+00  0.000000E+00  0.000000E+00  0.000000E+00  0.000000E+00  0.000000E+00
0.000000E+00  0.000000E+00  0.000000E+00  0.000000E+00  0.000000E+00  0.000000E+00  0.000000E+00  0.000000E+00  0.000000E+00  0.000000E+00  0.000000E+00  0.000000E+00  0.000000E+00  0.000000E+00  0.000000E+00  0.000000E+00  0.000000E+00  0.000000E+00  0.000000E+00  0.000000E+00  0.000000E+00
End of Analysis
"H3 factor",13.13339
"Linearity factor (0)",52.88039
"Linearity factor (1)",18.00761
"Linearity factor (2)",-.1321419
"Linearity factor (3)",9.804096E-04
"Linearity factor (4)",-7.965973E-02
"Linearity factor (5)",0
"Collector Gains :",500,5000,5000,5000,500,500,50,500,1,5
"Number of deflectors available : ",33
"Source HT",8000
"Extraction V",780
"H Defl",310
"Trap",850
"Trap Voltage",24
"Repeller",4
"Filament V",-110
"Delta HP",19
"Z Lens",110
"Delta Z",130
"Max Current",3.5
"Heater Current",1
"Quad 1",120
"Cubic 1",50
"Lin 1",0
"Deflect 1 I",5
"Deflect 1 O",5
"Offset 1",0
"Offset 2",0
"Quad 2",-620
"Cubic 2",0
"Lin 2",0
"Q1 I Cor",0
"Q1 O Cor",0
"Suppressor",-100
"Mop Plate",-15
"ESA H1",790
"ESA H1 delta",0
"ESA H2",800
"ESA H2 delta",0
"ESA H3",820
"ESA H3 delta",0
"ESA HD",0
"ESA HD delta",0
"Batch Started: ","13:02:19 15:29:56"
"Data File: ","C:\Nu Stable\Results\2019\201902013 standard PD4 BSS WNI ZE NTA\Data_9285 PD4 139.8.txt"
"Sample Name: ","PD4 139.8"
"Sample Weight: ",69
"Sample Type: ","Sam"
"Vial Number: ",8
"Sam Beam First CO: ","3.720242e-09"
"Sam Beam Last CO: ","3.540425e-09"
"Ref Beam First CO: ","3.723036e-09"
"Ref Beam Second CO: ","3.685937e-09"
"Ref BeamLast CO: ","3.477270e-09"
"Sam Depletion: ","5 %"
"Ref Depletion: ","7 %"
"Observed CP Temperature: ",70.256
"Std Dev: ","0.000e00"
"Min: ","70.256"
"Max: ","70.256"
"Ave Started: ","13:02:19 19:23:01"
"Ave Stopped: ","13:02:19 19:26:39"
"Num: ",8
"Current Mass: ",46.03441
"Method File Name","C:\Nu Stable\Analyses\DI\040216 12-12-20 6 collectors.rdf"
"Version 6"
"Analysis Type","DI"
"Analysis Calculation Routine ","Clumped CO2 Iterative"
"Gas ID ","CO2"
"Ref Gas Identifier ","AirLiquide01"
"Centring collector ",8
"Num of Ref/Sam cycles ",6
"Cycles length(secs) ",20
"C/O valve stabilisation time ",12
"Offset for zero measurement(amu) ",0
"Zero measurement time ",20
"Spare",0
"Spare",0
0
-1
-1
-1
-1
0
-1
0
-1
0
"Num Clumped Blocks","1"
"Do zero at start of block",#FALSE#
"Balance beams",#FALSE#
"Mag Hysteresis Offset",.001
"Apply Hysteresis Offset",#FALSE#
"Target Beam (A) ",.00000005
"Use CF with Bellows ",#FALSE#
"DI Auto Gas balancing: ","True"
"Pirani pressure",3.398285E-02
"Cold finger status","CF"
"Inlet transducer pressure",.4576595
"Sample operations:  InitialisePrepSampleRun; CheckIfCFRequired; UseCF; SampleTrapped; BalanceRefToSamValue; DepletingBalance; SampleReady;"
"Number of sample chops",0
"Number of sample double chops",0
"Run from bellows",#FALSE#
"Max sample pump-over pressure (mBar)","0.000000e00"
"Max sample pump-over pressure (raw)",0
"Pre-balance Sam Beam","3.800621e-09"
"Min ref beam","2.972463e-09"
"Max ref beam","1.762966e-08"
"Ref bellows position",6805
"Sam bellows position",8446
"Balance %",7.167213E-02
"Initial Sam Beam","3.958086e-09"
"Final Ref Beam","3.842215e-09"
"Final Sam Beam","3.844968e-09"
"Pre-depleted Ref Beam",3.845111E-09
"InletPiraniPressure",3.398285E-02
"Depletion Factor",.96
"Balance End","13/02/19 20:05:25"
"Water Trap Temperature Hot",-195.1766
"Water Trap Temperature Cold",-195.1766
"DP Version",25
"Num Gas Cycles ",1
"UseFrontHeightThreshold(1)",#TRUE#
"FrontHeightThreshold(1)",2
"UseBackHeightThreshold(1)",#TRUE#
"BackHeightThreshold(1)",2.7
"UsePeakWidthLimit(1)",#FALSE#
"PeakWidthLimit(1)",6
"RefGasFrontHeightThreshold(1)",40
"RefGasBackHeightThreshold(1)",10
"Measure_Elemental_Comp",#TRUE#
"Use_TCD_For_Elem_Calcs",#FALSE#
"Sample_Name","PD4 139.8"
"Sample_Type","Sam"
"Sample_Weight",69
"Sample_Vial",8
"Standard_Type",""
"NoAnalysisCycles",1
"Gas1","CO2"
"Ref Gas1","AirLiquide01"
"Analysis_Routine1","Clumped CO2 Iterative"
"ZeroWidth1",10
"NoZeros1",1
"ZeroTime1",10
"Delta wrt Std 1",#FALSE#
"AllowLinearityCorrection",#FALSE#
"Num Collectors",6
"LinearityFactor(Cent)",52880.39
"LinearityFactor(Low2)",18007.61
"LinearityFactor(Low4)",-132.1419
"LinearityFactor()",.9804096
"LinearityFactor()",-79.65973
"LinearityFactor()",0
"UseH3Factor",#FALSE#
"H3Factor",0
"Axial Mass",46
"Anal Start",0
"Anal End",0
"Calc Linearity Correction from Ref Peaks",#FALSE#
"Temperature",25
"Std Temperature",25
"A_Factor",1.01025
"K_Factor",.04
"TemperatureCorrectionEnabled",#FALSE#
"GC ZeroMethod","Lowest Peak Limit"
"GC AllowZeroToCutPoints",#FALSE#
"GC UseIsotopicShift",#TRUE#
"GC InterpolatePeakHeight",#TRUE#
"GC NumZeroPoints",10
"GC Min Peak Height",.0000000001
"GC No UserPeaks",0
"SmoothingInterval",10
"DropFactor",1
"GradientRejectfactor",10
"SectionSize",100
"BackgroundStartTime",1
"CutOffTime",1000
"UseNewBackgroundCalcn",#FALSE#
"GC Label File","None.lab"
"GC No User Defined Background Points",0
"GC No Auto-detected Peaks to be Removed",0
"GC No Auto-calculated Background Points to Remove",0
"GC Std Peak In Sample",#FALSE#
"GC Std Peak Time",0
"Max Gap For Grouping EA Ref Pulses",20
"Group EA Ref Peaks",#FALSE#
"Use Defined Peak Limits (1)",#FALSE#
"Peak Start (1)",0
"Peak End (1)",0
"DP Version",25
"Num Gas Cycles ",1
"UseFrontHeightThreshold(1)",#TRUE#
"FrontHeightThreshold(1)",2
"UseBackHeightThreshold(1)",#TRUE#
"BackHeightThreshold(1)",2.7
"UsePeakWidthLimit(1)",#FALSE#
"PeakWidthLimit(1)",6
"RefGasFrontHeightThreshold(1)",40
"RefGasBackHeightThreshold(1)",10
"Measure_Elemental_Comp",#TRUE#
"Use_TCD_For_Elem_Calcs",#FALSE#
"Sample_Name","PD4 139.8"
"Sample_Type","Sam"
"Sample_Weight",69
"Sample_Vial",8
"Standard_Type",""
"NoAnalysisCycles",1
"Gas1","CO2"
"Ref Gas1","AirLiquide01"
"Analysis_Routine1","Clumped CO2 Iterative"
"ZeroWidth1",10
"NoZeros1",1
"ZeroTime1",10
"Delta wrt Std 1",#FALSE#
"AllowLinearityCorrection",#FALSE#
"Num Collectors",6
"LinearityFactor(Cent)",52880.39
"LinearityFactor(Low2)",18007.61
"LinearityFactor(Low4)",-132.1419
"LinearityFactor()",.9804096
"LinearityFactor()",-79.65973
"LinearityFactor()",0
"UseH3Factor",#FALSE#
"H3Factor",0
"Axial Mass",46
"Anal Start",0
"Anal End",0
"Calc Linearity Correction from Ref Peaks",#FALSE#
"Temperature",25
"Std Temperature",25
"A_Factor",1.01025
"K_Factor",.04
"TemperatureCorrectionEnabled",#FALSE#
"GC ZeroMethod","Lowest Peak Limit"
"GC AllowZeroToCutPoints",#FALSE#
"GC UseIsotopicShift",#TRUE#
"GC InterpolatePeakHeight",#TRUE#
"GC NumZeroPoints",10
"GC Min Peak Height",.0000000001
"GC No UserPeaks",0
"SmoothingInterval",10
"DropFactor",1
"GradientRejectfactor",10
"SectionSize",100
"BackgroundStartTime",1
"CutOffTime",1000
"UseNewBackgroundCalcn",#FALSE#
"GC Label File","None.lab"
"GC No User Defined Background Points",0
"GC No Auto-detected Peaks to be Removed",0
"GC No Auto-calculated Background Points to Remove",0
"GC Std Peak In Sample",#FALSE#
"GC Std Peak Time",0
"Max Gap For Grouping EA Ref Pulses",20
"Group EA Ref Peaks",#FALSE#
"Use Defined Peak Limits (1)",#FALSE#
"Peak Start (1)",0
"Peak End (1)",0
"End of Data file"


