"Clumped CO2 Iterative Analysis,         Data File Version 10"
"Started analysis at 7:26:47 PM on the Wednesday, February 13, 2019"
"UTC FileTimeLow",-129761920," UTC FileTimeHigh",30721019
"Time Zone ","Eastern Daylight Time"
"CO Disabled",#FALSE#
"Persective Instrument","PS019"
"User logged in",#FALSE#
"Software Version","Stable 1.69.5"
"Axial Mass is :",46
"No_C_O_Cycles",6
"Num Blocks",1
0
-1
-1
-1
-1
0
-1
0
-1
0
"Sample Name is ","PD4 125 L BROWN"
Zero Data
-1.157030980086E-13, -5.887758373023E-14, -6.314551915479E-14, -3.719869820295E-14, 1.073778703621E-13, 3.897253440105E-12, Measured at start of run
Individual Data
No_C_O_Cycles                6 
Cycle_Length   20 
Zero_Measurement_Length      20 
Axial_Mass     46 
 Gas          Bla
0.000000E+00  -1.157428E-13 -1.156283E-13 -1.157142E-13 -1.157285E-13 -1.155211E-13 -1.155568E-13 -1.156176E-13 -1.157964E-13 -1.157070E-13 -1.156713E-13 -1.155747E-13 -1.157499E-13 -1.157464E-13 -1.157785E-13 -1.156820E-13 -1.158000E-13 -1.157893E-13 -1.156820E-13 -1.158000E-13 -1.157750E-13
0.000000E+00  -5.890137E-14 -5.896216E-14 -5.894428E-14 -5.888706E-14 -5.890137E-14 -5.888349E-14 -5.879407E-14 -5.870109E-14 -5.872971E-14 -5.892640E-14 -5.899435E-14 -5.888706E-14 -5.899435E-14 -5.884414E-14 -5.895143E-14 -5.884057E-14 -5.890494E-14 -5.887991E-14 -5.889064E-14 -5.873328E-14
0.000000E+00  -6.314641E-14 -6.316430E-14 -6.291753E-14 -6.312853E-14 -6.305700E-14 -6.297475E-14 -6.314999E-14 -6.316430E-14 -6.320006E-14 -6.323582E-14 -6.305700E-14 -6.293184E-14 -6.305343E-14 -6.314999E-14 -6.318575E-14 -6.338245E-14 -6.337172E-14 -6.318575E-14 -6.319648E-14 -6.325727E-14
0.000000E+00  -3.640655E-14 -3.647808E-14 -3.626350E-14 -3.740791E-14 -3.722910E-14 -3.676418E-14 -3.697876E-14 -3.676418E-14 -3.708605E-14 -3.765825E-14 -3.651384E-14 -3.708605E-14 -3.772978E-14 -3.730062E-14 -3.772978E-14 -3.758672E-14 -3.758672E-14 -3.765825E-14 -3.776554E-14 -3.798012E-14
0.000000E+00  1.094342E-13  1.101495E-13  1.097919E-13  1.097919E-13  1.076461E-13  1.076461E-13  1.083614E-13  1.065732E-13  1.076461E-13  1.058579E-13  1.087190E-13  1.069308E-13  1.076461E-13  1.069308E-13  1.083614E-13  1.062156E-13  1.033546E-13  1.047851E-13  1.065732E-13  1.051427E-13
0.000000E+00  4.130606E-12  4.041199E-12  4.023317E-12  4.059080E-12  3.951792E-12  3.969673E-12  3.862385E-12  3.898147E-12  3.933910E-12  3.933910E-12  3.880266E-12  3.880266E-12  3.826622E-12  3.808741E-12  3.790859E-12  3.844503E-12  3.755096E-12  3.790859E-12  3.737215E-12  3.826622E-12
Gas           Ref
0.000000E+00  -1.155747E-13 -1.152636E-13 -1.155640E-13 -1.154960E-13 -1.155139E-13 -1.154746E-13 -1.153351E-13 -1.153423E-13 -1.153923E-13 -1.153709E-13 -1.152600E-13 -1.154460E-13 -1.153458E-13 -1.154960E-13 -1.153208E-13 -1.154317E-13 -1.153458E-13 -1.153387E-13 -1.153923E-13 -1.154138E-13
0.000000E+00  -4.117016E-14 -4.120235E-14 -4.123811E-14 -4.144196E-14 -4.130248E-14 -4.144553E-14 -4.126672E-14 -4.135970E-14 -4.133824E-14 -4.115228E-14 -4.107360E-14 -4.124169E-14 -4.128460E-14 -4.137043E-14 -4.140977E-14 -4.133109E-14 -4.142408E-14 -4.147057E-14 -4.137758E-14 -4.151348E-14
0.000000E+00  1.230348E-13  1.233245E-13  1.230706E-13  1.228918E-13  1.230563E-13  1.228703E-13  1.231135E-13  1.229848E-13  1.228131E-13  1.230098E-13  1.228274E-13  1.227201E-13  1.225878E-13  1.224304E-13  1.217867E-13  1.218439E-13  1.218082E-13  1.223267E-13  1.225949E-13  1.217009E-13
0.000000E+00  1.595598E-11  1.595354E-11  1.594897E-11  1.594296E-11  1.594600E-11  1.594196E-11  1.593466E-11  1.593867E-11  1.592933E-11  1.592808E-11  1.593180E-11  1.592333E-11  1.593062E-11  1.586439E-11  1.580248E-11  1.581110E-11  1.586582E-11  1.591621E-11  1.590720E-11  1.578635E-11
0.000000E+00  4.572885E-11  4.571597E-11  4.570166E-11  4.569058E-11  4.569952E-11  4.567806E-11  4.567413E-11  4.568271E-11  4.566376E-11  4.565661E-11  4.565303E-11  4.564409E-11  4.564731E-11  4.547350E-11  4.528431E-11  4.531972E-11  4.545633E-11  4.561655E-11  4.559688E-11  4.524712E-11
0.000000E+00  3.826711E-09  3.825942E-09  3.824244E-09  3.823618E-09  3.824047E-09  3.822527E-09  3.821901E-09  3.822509E-09  3.821168E-09  3.820631E-09  3.820453E-09  3.819255E-09  3.819899E-09  3.805200E-09  3.788964E-09  3.791932E-09  3.803519E-09  3.817252E-09  3.815499E-09  3.786353E-09
Gas           Sam
0.000000E+00  -1.104749E-13 -1.103176E-13 -1.101423E-13 -1.100672E-13 -1.098884E-13 -1.096738E-13 -1.098419E-13 -1.097704E-13 -1.097025E-13 -1.096774E-13 -1.094772E-13 -1.093520E-13 -1.092340E-13 -1.093949E-13 -1.095308E-13 -1.094879E-13 -1.092590E-13 -1.092483E-13 -1.091839E-13 -1.092089E-13
0.000000E+00  -3.988627E-14 -3.986839E-14 -3.992204E-14 -3.972534E-14 -3.982190E-14 -3.985051E-14 -3.986839E-14 -3.992919E-14 -3.981832E-14 -3.951434E-14 -3.959302E-14 -3.964666E-14 -3.984336E-14 -3.981475E-14 -3.982190E-14 -3.975395E-14 -3.972534E-14 -3.979329E-14 -3.975038E-14 -3.973607E-14
0.000000E+00  1.320614E-13  1.322044E-13  1.322831E-13  1.325513E-13  1.322080E-13  1.316501E-13  1.314284E-13  1.325692E-13  1.330413E-13  1.331593E-13  1.333095E-13  1.326014E-13  1.323153E-13  1.327838E-13  1.335741E-13  1.337923E-13  1.336242E-13  1.338280E-13  1.340498E-13  1.343037E-13
0.000000E+00  1.607042E-11  1.606412E-11  1.606301E-11  1.605797E-11  1.595741E-11  1.594267E-11  1.596016E-11  1.605926E-11  1.605479E-11  1.605071E-11  1.601817E-11  1.591993E-11  1.593516E-11  1.599292E-11  1.604588E-11  1.603780E-11  1.603287E-11  1.603261E-11  1.603015E-11  1.602618E-11
0.000000E+00  4.573600E-11  4.573099E-11  4.571776E-11  4.571096E-11  4.543559E-11  4.537694E-11  4.542558E-11  4.571061E-11  4.569380E-11  4.567878E-11  4.559903E-11  4.531328E-11  4.535977E-11  4.551320E-11  4.565732E-11  4.564766E-11  4.562942E-11  4.563264E-11  4.562442E-11  4.561870E-11
0.000000E+00  3.819791E-09  3.819308E-09  3.818343E-09  3.817717E-09  3.794113E-09  3.789536E-09  3.793559E-09  3.817538E-09  3.816644E-09  3.815839E-09  3.808383E-09  3.784100E-09  3.787819E-09  3.800837E-09  3.813765E-09  3.812889E-09  3.811155E-09  3.811351E-09  3.810368E-09  3.809670E-09
Gas           Ref
0.000000E+00  -1.154495E-13 -1.154495E-13 -1.154424E-13 -1.154460E-13 -1.156033E-13 -1.155568E-13 -1.155425E-13 -1.155389E-13 -1.155139E-13 -1.154925E-13 -1.154424E-13 -1.153601E-13 -1.154781E-13 -1.154531E-13 -1.155354E-13 -1.154281E-13 -1.152528E-13 -1.152171E-13 -1.154245E-13 -1.155497E-13
0.000000E+00  -4.131321E-14 -4.152063E-14 -4.136685E-14 -4.119162E-14 -4.127029E-14 -4.129533E-14 -4.147057E-14 -4.128102E-14 -4.139904E-14 -4.156713E-14 -4.154925E-14 -4.139547E-14 -4.142050E-14 -4.150275E-14 -4.135970E-14 -4.124884E-14 -4.143481E-14 -4.143481E-14 -4.149202E-14 -4.149560E-14
0.000000E+00  1.207460E-13  1.200021E-13  1.198555E-13  1.206852E-13  1.211072E-13  1.208569E-13  1.209248E-13  1.200558E-13  1.197733E-13  1.200057E-13  1.208068E-13  1.209141E-13  1.207138E-13  1.206602E-13  1.205422E-13  1.207353E-13  1.204563E-13  1.198591E-13  1.193906E-13  1.193942E-13
0.000000E+00  1.568225E-11  1.567184E-11  1.571057E-11  1.578024E-11  1.577709E-11  1.577205E-11  1.574637E-11  1.564466E-11  1.565550E-11  1.572284E-11  1.576107E-11  1.575899E-11  1.575249E-11  1.574780E-11  1.574272E-11  1.574083E-11  1.571619E-11  1.561426E-11  1.562903E-11  1.570707E-11
0.000000E+00  4.495816E-11  4.491739E-11  4.502289E-11  4.523282E-11  4.522066E-11  4.520099E-11  4.513805E-11  4.484264E-11  4.487876E-11  4.505972E-11  4.517345E-11  4.515914E-11  4.514484E-11  4.513554E-11  4.512589E-11  4.511158E-11  4.504506E-11  4.475538E-11  4.478435E-11  4.501073E-11
0.000000E+00  3.761677E-09  3.757850E-09  3.767112E-09  3.784833E-09  3.783957E-09  3.782490E-09  3.777144E-09  3.751967E-09  3.754846E-09  3.769812E-09  3.780184E-09  3.779236E-09  3.777788E-09  3.776625E-09  3.775749E-09  3.774909E-09  3.769115E-09  3.744457E-09  3.747318E-09  3.766147E-09
Gas           Sam
0.000000E+00  -1.106573E-13 -1.104749E-13 -1.103355E-13 -1.101853E-13 -1.101817E-13 -1.101781E-13 -1.099778E-13 -1.097561E-13 -1.097132E-13 -1.096631E-13 -1.097704E-13 -1.096381E-13 -1.095415E-13 -1.094843E-13 -1.093627E-13 -1.094593E-13 -1.094450E-13 -1.091445E-13 -1.091839E-13 -1.091839E-13
0.000000E+00  -3.994350E-14 -3.992919E-14 -4.010800E-14 -4.002217E-14 -3.998641E-14 -3.988985E-14 -3.983978E-14 -3.982905E-14 -3.978614E-14 -3.987554E-14 -3.989343E-14 -3.997926E-14 -4.006867E-14 -3.981832E-14 -3.972534E-14 -3.981475E-14 -3.983621E-14 -3.987912E-14 -3.991131E-14 -3.990773E-14
0.000000E+00  1.301373E-13  1.300873E-13  1.303555E-13  1.305379E-13  1.306058E-13  1.309635E-13  1.313318E-13  1.312102E-13  1.311494E-13  1.315965E-13  1.315750E-13  1.314892E-13  1.315786E-13  1.317002E-13  1.316179E-13  1.317109E-13  1.321222E-13  1.321007E-13  1.321293E-13  1.319934E-13
0.000000E+00  1.591345E-11  1.590784E-11  1.591084E-11  1.590659E-11  1.590605E-11  1.589890E-11  1.589990E-11  1.589525E-11  1.589239E-11  1.589217E-11  1.588660E-11  1.588631E-11  1.588438E-11  1.588127E-11  1.587308E-11  1.587444E-11  1.587004E-11  1.587372E-11  1.587172E-11  1.586178E-11
0.000000E+00  4.529218E-11  4.528860E-11  4.528396E-11  4.527251E-11  4.526751E-11  4.525749E-11  4.525212E-11  4.525070E-11  4.523568E-11  4.523747E-11  4.521779E-11  4.521350E-11  4.521028E-11  4.520600E-11  4.517917E-11  4.518096E-11  4.516487E-11  4.517560E-11  4.517166E-11  4.515056E-11
0.000000E+00  3.782991E-09  3.782669E-09  3.782008E-09  3.781221E-09  3.780756E-09  3.779969E-09  3.779826E-09  3.778753E-09  3.777985E-09  3.777931E-09  3.776250E-09  3.776464E-09  3.775964E-09  3.775481E-09  3.773550E-09  3.773604E-09  3.772513E-09  3.773139E-09  3.772834E-09  3.771190E-09
Gas           Ref
0.000000E+00  -1.154638E-13 -1.155068E-13 -1.154746E-13 -1.156498E-13 -1.155533E-13 -1.153816E-13 -1.154066E-13 -1.155282E-13 -1.156176E-13 -1.155533E-13 -1.153816E-13 -1.153101E-13 -1.152958E-13 -1.153280E-13 -1.153887E-13 -1.153530E-13 -1.153816E-13 -1.154495E-13 -1.155103E-13 -1.155962E-13
0.000000E+00  -4.164938E-14 -4.166011E-14 -4.155282E-14 -4.164938E-14 -4.160647E-14 -4.153494E-14 -4.148487E-14 -4.178528E-14 -4.187826E-14 -4.172806E-14 -4.156355E-14 -4.145626E-14 -4.153494E-14 -4.149918E-14 -4.155640E-14 -4.145626E-14 -4.142765E-14 -4.148130E-14 -4.148487E-14 -4.149202E-14
0.000000E+00  1.192333E-13  1.191796E-13  1.182748E-13  1.177098E-13  1.177777E-13  1.185287E-13  1.185073E-13  1.177098E-13  1.174666E-13  1.180996E-13  1.186217E-13  1.186503E-13  1.187433E-13  1.186432E-13  1.180781E-13  1.182569E-13  1.184858E-13  1.184715E-13  1.182498E-13  1.182033E-13
0.000000E+00  1.559720E-11  1.558440E-11  1.547811E-11  1.547987E-11  1.551602E-11  1.559012E-11  1.552518E-11  1.546671E-11  1.548419E-11  1.556008E-11  1.557832E-11  1.557074E-11  1.556069E-11  1.556283E-11  1.555804E-11  1.555422E-11  1.555350E-11  1.555178E-11  1.554746E-11  1.554599E-11
0.000000E+00  4.471211E-11  4.467670E-11  4.435734E-11  4.436807E-11  4.446678E-11  4.468457E-11  4.451112E-11  4.432730E-11  4.438094E-11  4.459516E-11  4.464094E-11  4.462378E-11  4.460983E-11  4.460768E-11  4.459695E-11  4.459087E-11  4.458122E-11  4.457084E-11  4.456584E-11  4.456048E-11
0.000000E+00  3.741059E-09  3.738574E-09  3.711287E-09  3.712252E-09  3.720335E-09  3.739092E-09  3.724412E-09  3.709034E-09  3.713182E-09  3.730938E-09  3.735731E-09  3.734318E-09  3.733030E-09  3.732780E-09  3.731564E-09  3.730938E-09  3.730348E-09  3.729472E-09  3.728990E-09  3.728632E-09
Gas           Sam
0.000000E+00  -1.105822E-13 -1.104785E-13 -1.103319E-13 -1.102103E-13 -1.100851E-13 -1.099921E-13 -1.099814E-13 -1.098848E-13 -1.098848E-13 -1.098419E-13 -1.097668E-13 -1.097346E-13 -1.096417E-13 -1.094664E-13 -1.094772E-13 -1.094235E-13 -1.093019E-13 -1.094342E-13 -1.093699E-13 -1.091410E-13
0.000000E+00  -4.016165E-14 -4.017953E-14 -4.018668E-14 -4.027609E-14 -4.021529E-14 -4.016165E-14 -4.017596E-14 -3.997568E-14 -3.999714E-14 -4.011873E-14 -3.984336E-14 -3.990058E-14 -3.992561E-14 -4.002217E-14 -4.005794E-14 -4.001502E-14 -4.003290E-14 -3.986124E-14 -3.992204E-14 -3.997568E-14
0.000000E+00  1.281203E-13  1.283206E-13  1.285101E-13  1.286782E-13  1.291038E-13  1.288999E-13  1.288678E-13  1.290072E-13  1.292182E-13  1.292397E-13  1.295937E-13  1.296688E-13  1.297976E-13  1.299120E-13  1.298190E-13  1.301910E-13  1.299371E-13  1.300122E-13  1.301516E-13  1.303126E-13
0.000000E+00  1.575295E-11  1.575116E-11  1.575166E-11  1.574676E-11  1.574308E-11  1.574140E-11  1.574011E-11  1.573639E-11  1.573775E-11  1.573332E-11  1.573056E-11  1.572992E-11  1.572810E-11  1.572588E-11  1.572205E-11  1.571737E-11  1.571336E-11  1.571390E-11  1.571307E-11  1.571111E-11
0.000000E+00  4.483477E-11  4.482798E-11  4.482512E-11  4.482083E-11  4.481296E-11  4.480831E-11  4.479758E-11  4.478900E-11  4.478971E-11  4.477684E-11  4.477934E-11  4.477184E-11  4.476218E-11  4.475681E-11  4.474143E-11  4.474573E-11  4.473464E-11  4.472713E-11  4.472034E-11  4.472176E-11
0.000000E+00  3.744385E-09  3.743885E-09  3.744403E-09  3.743348E-09  3.743062E-09  3.742114E-09  3.741614E-09  3.740755E-09  3.741023E-09  3.739915E-09  3.739987E-09  3.739539E-09  3.738699E-09  3.737841E-09  3.737376E-09  3.736750E-09  3.736106E-09  3.735659E-09  3.735266E-09  3.734819E-09
Gas           Ref
0.000000E+00  -1.155640E-13 -1.155354E-13 -1.154996E-13 -1.153995E-13 -1.156105E-13 -1.156176E-13 -1.154853E-13 -1.153065E-13 -1.153637E-13 -1.155175E-13 -1.154066E-13 -1.155103E-13 -1.154996E-13 -1.154638E-13 -1.155997E-13 -1.155211E-13 -1.155068E-13 -1.152743E-13 -1.154245E-13 -1.154781E-13
0.000000E+00  -4.175667E-14 -4.160647E-14 -4.172091E-14 -4.171018E-14 -4.174952E-14 -4.184250E-14 -4.197482E-14 -4.187826E-14 -4.180316E-14 -4.177098E-14 -4.178528E-14 -4.182462E-14 -4.185323E-14 -4.203204E-14 -4.196409E-14 -4.180674E-14 -4.176025E-14 -4.181389E-14 -4.195337E-14 -4.203562E-14
0.000000E+00  1.167871E-13  1.166404E-13  1.169373E-13  1.168479E-13  1.166726E-13  1.166226E-13  1.164831E-13  1.163007E-13  1.165439E-13  1.166547E-13  1.166941E-13  1.166369E-13  1.164831E-13  1.166583E-13  1.165439E-13  1.165153E-13  1.164187E-13  1.163901E-13  1.164223E-13  1.161648E-13
0.000000E+00  1.541835E-11  1.541564E-11  1.541342E-11  1.540970E-11  1.540473E-11  1.540330E-11  1.539915E-11  1.539750E-11  1.539332E-11  1.538956E-11  1.538813E-11  1.538702E-11  1.537497E-11  1.537215E-11  1.537583E-11  1.537551E-11  1.537251E-11  1.536646E-11  1.536020E-11  1.536045E-11
0.000000E+00  4.420499E-11  4.419677E-11  4.418032E-11  4.417960E-11  4.416172E-11  4.415242E-11  4.414884E-11  4.413240E-11  4.412989E-11  4.411272E-11  4.410986E-11  4.410235E-11  4.407768E-11  4.406659E-11  4.406945E-11  4.406373E-11  4.405157E-11  4.404370E-11  4.403297E-11  4.402546E-11
0.000000E+00  3.698412E-09  3.697840E-09  3.697178E-09  3.696660E-09  3.695283E-09  3.694925E-09  3.693763E-09  3.693227E-09  3.692529E-09  3.691188E-09  3.690813E-09  3.690258E-09  3.688238E-09  3.687362E-09  3.687326E-09  3.687326E-09  3.686181E-09  3.685537E-09  3.684786E-09  3.683964E-09
Gas           Sam
0.000000E+00  -1.107217E-13 -1.104964E-13 -1.102639E-13 -1.101602E-13 -1.101566E-13 -1.101745E-13 -1.101316E-13 -1.098562E-13 -1.098419E-13 -1.098562E-13 -1.096774E-13 -1.095415E-13 -1.095558E-13 -1.095022E-13 -1.095236E-13 -1.094235E-13 -1.094950E-13 -1.095558E-13 -1.095201E-13 -1.094164E-13
0.000000E+00  -4.036907E-14 -4.021887E-14 -4.024033E-14 -4.034761E-14 -4.040841E-14 -4.034046E-14 -4.019741E-14 -4.032616E-14 -4.031543E-14 -4.015807E-14 -4.030112E-14 -4.012589E-14 -4.021887E-14 -4.027967E-14 -4.019383E-14 -4.024390E-14 -4.009728E-14 -4.016522E-14 -4.028324E-14 -4.029397E-14
0.000000E+00  1.267506E-13  1.269151E-13  1.268078E-13  1.267506E-13  1.267685E-13  1.269401E-13  1.270009E-13  1.271154E-13  1.271297E-13  1.274015E-13  1.274229E-13  1.276304E-13  1.276196E-13  1.277984E-13  1.280130E-13  1.276804E-13  1.277770E-13  1.278664E-13  1.278306E-13  1.281203E-13
0.000000E+00  1.560128E-11  1.559638E-11  1.559645E-11  1.559345E-11  1.558626E-11  1.558672E-11  1.558301E-11  1.557685E-11  1.557299E-11  1.557528E-11  1.557453E-11  1.556866E-11  1.556748E-11  1.556294E-11  1.556090E-11  1.556158E-11  1.555819E-11  1.555347E-11  1.555114E-11  1.555203E-11
0.000000E+00  4.440741E-11  4.439060E-11  4.439489E-11  4.438166E-11  4.437486E-11  4.436807E-11  4.435842E-11  4.434662E-11  4.433302E-11  4.433088E-11  4.432086E-11  4.431765E-11  4.430870E-11  4.430441E-11  4.429905E-11  4.429476E-11  4.428832E-11  4.427759E-11  4.427116E-11  4.426972E-11
0.000000E+00  3.708926E-09  3.707550E-09  3.707693E-09  3.706977E-09  3.706190E-09  3.705654E-09  3.704367E-09  3.703812E-09  3.702954E-09  3.702632E-09  3.701953E-09  3.701452E-09  3.700916E-09  3.700254E-09  3.699914E-09  3.699306E-09  3.698680E-09  3.697876E-09  3.697393E-09  3.697160E-09
Gas           Ref
0.000000E+00  -1.153387E-13 -1.152564E-13 -1.153136E-13 -1.153172E-13 -1.152993E-13 -1.153280E-13 -1.150919E-13 -1.149560E-13 -1.151885E-13 -1.152636E-13 -1.151813E-13 -1.152135E-13 -1.153280E-13 -1.152493E-13 -1.153172E-13 -1.153530E-13 -1.154638E-13 -1.153101E-13 -1.153029E-13 -1.154960E-13
0.000000E+00  -4.209642E-14 -4.214291E-14 -4.206065E-14 -4.203204E-14 -4.198198E-14 -4.208211E-14 -4.210715E-14 -4.202489E-14 -4.196409E-14 -4.188541E-14 -4.200344E-14 -4.194264E-14 -4.196409E-14 -4.198913E-14 -4.212860E-14 -4.212145E-14 -4.220728E-14 -4.230384E-14 -4.220728E-14 -4.211787E-14
0.000000E+00  1.146914E-13  1.147557E-13  1.145590E-13  1.145662E-13  1.148201E-13  1.148344E-13  1.146556E-13  1.145376E-13  1.144947E-13  1.144017E-13  1.144518E-13  1.144124E-13  1.143159E-13  1.144589E-13  1.143695E-13  1.142980E-13  1.142479E-13  1.142408E-13  1.132322E-13  1.131285E-13
0.000000E+00  1.523421E-11  1.523428E-11  1.523342E-11  1.522770E-11  1.522477E-11  1.521658E-11  1.521704E-11  1.521125E-11  1.520660E-11  1.520403E-11  1.520975E-11  1.520281E-11  1.520120E-11  1.519548E-11  1.519323E-11  1.519183E-11  1.518747E-11  1.513683E-11  1.507364E-11  1.508140E-11
0.000000E+00  4.367248E-11  4.367391E-11  4.365997E-11  4.364924E-11  4.364030E-11  4.362063E-11  4.361848E-11  4.361848E-11  4.359881E-11  4.358272E-11  4.359023E-11  4.358415E-11  4.357091E-11  4.355518E-11  4.355161E-11  4.354588E-11  4.354374E-11  4.340069E-11  4.321042E-11  4.323260E-11
0.000000E+00  3.654048E-09  3.653923E-09  3.653029E-09  3.652099E-09  3.651438E-09  3.650150E-09  3.650025E-09  3.649292E-09  3.647826E-09  3.647236E-09  3.647700E-09  3.646610E-09  3.646002E-09  3.644768E-09  3.644231E-09  3.643570E-09  3.643498E-09  3.631142E-09  3.614906E-09  3.617141E-09
Gas           Sam
0.000000E+00  -1.106394E-13 -1.104749E-13 -1.104106E-13 -1.102210E-13 -1.100744E-13 -1.099313E-13 -1.098920E-13 -1.099599E-13 -1.097525E-13 -1.096417E-13 -1.095093E-13 -1.096274E-13 -1.096202E-13 -1.096095E-13 -1.096238E-13 -1.096274E-13 -1.094950E-13 -1.095022E-13 -1.095308E-13 -1.093806E-13
0.000000E+00  -4.044417E-14 -4.055146E-14 -4.054431E-14 -4.052643E-14 -4.054431E-14 -4.041556E-14 -4.058007E-14 -4.043702E-14 -4.034046E-14 -4.030470E-14 -4.056934E-14 -4.057650E-14 -4.049424E-14 -4.031900E-14 -4.054789E-14 -4.052285E-14 -4.053000E-14 -4.047636E-14 -4.035835E-14 -4.022602E-14
0.000000E+00  1.241399E-13  1.242293E-13  1.243402E-13  1.247836E-13  1.250733E-13  1.254274E-13  1.251448E-13  1.254131E-13  1.254739E-13  1.250411E-13  1.247371E-13  1.247693E-13  1.254846E-13  1.258100E-13  1.252092E-13  1.247908E-13  1.250018E-13  1.257027E-13  1.259996E-13  1.262320E-13
0.000000E+00  1.544006E-11  1.543695E-11  1.543752E-11  1.543445E-11  1.543348E-11  1.543076E-11  1.542629E-11  1.542794E-11  1.542243E-11  1.533059E-11  1.531053E-11  1.535051E-11  1.542197E-11  1.540609E-11  1.529951E-11  1.531436E-11  1.535630E-11  1.541088E-11  1.540841E-11  1.540180E-11
0.000000E+00  4.395286E-11  4.395322E-11  4.394285E-11  4.393498E-11  4.393892E-11  4.392247E-11  4.391067E-11  4.391782E-11  4.389421E-11  4.365210E-11  4.358093E-11  4.368142E-11  4.390459E-11  4.386846E-11  4.355018E-11  4.358915E-11  4.370539E-11  4.386524E-11  4.385202E-11  4.383878E-11
0.000000E+00  3.670928E-09  3.670517E-09  3.670195E-09  3.669355E-09  3.669623E-09  3.668389E-09  3.667620E-09  3.667674E-09  3.666315E-09  3.645304E-09  3.639171E-09  3.648344E-09  3.666816E-09  3.663919E-09  3.637329E-09  3.639886E-09  3.649632E-09  3.663651E-09  3.662542E-09  3.661433E-09
Gas           Ref
0.000000E+00  -1.152922E-13 -1.153458E-13 -1.153709E-13 -1.151706E-13 -1.153315E-13 -1.154066E-13 -1.154245E-13 -1.154317E-13 -1.152350E-13 -1.152064E-13 -1.152242E-13 -1.152850E-13 -1.154567E-13 -1.153315E-13 -1.154209E-13 -1.153136E-13 -1.154066E-13 -1.154066E-13 -1.152743E-13 -1.152850E-13
0.000000E+00  -4.219298E-14 -4.207138E-14 -4.217510E-14 -4.220370E-14 -4.214648E-14 -4.207496E-14 -4.214648E-14 -4.220013E-14 -4.221086E-14 -4.221801E-14 -4.233602E-14 -4.230384E-14 -4.216436E-14 -4.231457E-14 -4.241470E-14 -4.231099E-14 -4.217152E-14 -4.208211E-14 -4.201059E-14 -4.222516E-14
0.000000E+00  1.125921E-13  1.127030E-13  1.125814E-13  1.125277E-13  1.125384E-13  1.124347E-13  1.126028E-13  1.124991E-13  1.124169E-13  1.123918E-13  1.122452E-13  1.123632E-13  1.124025E-13  1.121808E-13  1.122416E-13  1.121951E-13  1.120270E-13  1.123739E-13  1.123417E-13  1.122452E-13
0.000000E+00  1.506770E-11  1.505926E-11  1.505801E-11  1.504957E-11  1.505121E-11  1.505128E-11  1.504267E-11  1.504267E-11  1.504188E-11  1.503666E-11  1.503530E-11  1.503015E-11  1.502854E-11  1.502646E-11  1.502035E-11  1.501545E-11  1.501506E-11  1.501509E-11  1.501534E-11  1.501252E-11
0.000000E+00  4.319040E-11  4.316572E-11  4.316430E-11  4.314641E-11  4.314391E-11  4.314391E-11  4.313282E-11  4.313032E-11  4.311566E-11  4.310493E-11  4.309456E-11  4.309420E-11  4.308704E-11  4.307882E-11  4.305307E-11  4.304771E-11  4.304950E-11  4.304699E-11  4.304413E-11  4.303054E-11
0.000000E+00  3.613690E-09  3.611580E-09  3.612099E-09  3.610042E-09  3.610543E-09  3.609881E-09  3.608701E-09  3.608701E-09  3.607700E-09  3.606752E-09  3.606269E-09  3.605590E-09  3.605286E-09  3.604302E-09  3.602246E-09  3.602210E-09  3.601727E-09  3.601674E-09  3.601781E-09  3.600744E-09
Gas           Sam
0.000000E+00  -1.107431E-13 -1.104964E-13 -1.104141E-13 -1.102675E-13 -1.102353E-13 -1.101459E-13 -1.100923E-13 -1.099707E-13 -1.100207E-13 -1.098383E-13 -1.098813E-13 -1.097633E-13 -1.097060E-13 -1.096059E-13 -1.096059E-13 -1.095952E-13 -1.097346E-13 -1.094450E-13 -1.093556E-13 -1.093627E-13
0.000000E+00  -4.053000E-14 -4.067306E-14 -4.088048E-14 -4.065875E-14 -4.059438E-14 -4.056219E-14 -4.061226E-14 -4.061941E-14 -4.063372E-14 -4.063729E-14 -4.055146E-14 -4.051213E-14 -4.050855E-14 -4.060511E-14 -4.046206E-14 -4.045848E-14 -4.053716E-14 -4.051928E-14 -4.048351E-14 -4.053000E-14
0.000000E+00  1.224447E-13  1.225306E-13  1.228095E-13  1.228381E-13  1.231278E-13  1.234282E-13  1.235284E-13  1.236428E-13  1.237537E-13  1.237572E-13  1.235427E-13  1.236750E-13  1.234997E-13  1.236500E-13  1.239754E-13  1.239396E-13  1.237644E-13  1.238574E-13  1.241935E-13  1.242687E-13
0.000000E+00  1.528686E-11  1.528335E-11  1.527519E-11  1.527562E-11  1.527534E-11  1.527026E-11  1.527226E-11  1.527040E-11  1.526765E-11  1.526264E-11  1.526507E-11  1.526010E-11  1.525928E-11  1.525424E-11  1.525588E-11  1.525370E-11  1.525445E-11  1.525034E-11  1.524376E-11  1.524051E-11
0.000000E+00  4.351727E-11  4.350798E-11  4.348795E-11  4.348437E-11  4.348187E-11  4.348187E-11  4.348366E-11  4.347758E-11  4.346971E-11  4.344325E-11  4.345469E-11  4.345218E-11  4.344467E-11  4.343251E-11  4.342358E-11  4.342107E-11  4.341785E-11  4.341320E-11  4.339496E-11  4.339568E-11
0.000000E+00  3.634415E-09  3.633860E-09  3.632197E-09  3.631911E-09  3.631554E-09  3.631124E-09  3.631393E-09  3.631160E-09  3.630356E-09  3.628585E-09  3.629014E-09  3.628639E-09  3.628371E-09  3.627351E-09  3.626779E-09  3.626457E-09  3.626279E-09  3.626189E-09  3.624455E-09  3.623990E-09
Gas           Ref
0.000000E+00  -1.153887E-13 -1.150561E-13 -1.152171E-13 -1.152743E-13 -1.153673E-13 -1.153852E-13 -1.153995E-13 -1.154424E-13 -1.154066E-13 -1.153244E-13 -1.154030E-13 -1.153744E-13 -1.152779E-13 -1.153637E-13 -1.154781E-13 -1.153351E-13 -1.153816E-13 -1.154603E-13 -1.155318E-13 -1.156176E-13
0.000000E+00  -4.259709E-14 -4.233960E-14 -4.239325E-14 -4.246835E-14 -4.251484E-14 -4.257921E-14 -4.247550E-14 -4.253272E-14 -4.248623E-14 -4.224662E-14 -4.231457E-14 -4.238967E-14 -4.249696E-14 -4.235391E-14 -4.258279E-14 -4.262213E-14 -4.239682E-14 -4.244332E-14 -4.243974E-14 -4.254703E-14
0.000000E+00  1.095308E-13  1.101459E-13  1.104141E-13  1.095201E-13  1.096023E-13  1.096595E-13  1.104034E-13  1.100851E-13  1.104535E-13  1.104535E-13  1.103855E-13  1.101817E-13  1.101209E-13  1.102568E-13  1.101316E-13  1.100493E-13  1.101352E-13  1.098884E-13  1.099313E-13  1.100744E-13
0.000000E+00  1.479082E-11  1.488499E-11  1.486596E-11  1.476425E-11  1.478081E-11  1.481954E-11  1.487540E-11  1.486968E-11  1.486306E-11  1.486264E-11  1.485806E-11  1.485251E-11  1.485158E-11  1.485030E-11  1.484540E-11  1.484651E-11  1.484103E-11  1.484161E-11  1.483935E-11  1.483635E-11
0.000000E+00  4.240076E-11  4.266397E-11  4.262320E-11  4.233209E-11  4.237465E-11  4.249052E-11  4.264931E-11  4.263965E-11  4.261605E-11  4.260925E-11  4.260246E-11  4.258923E-11  4.258458E-11  4.257457E-11  4.256348E-11  4.256276E-11  4.254560E-11  4.253809E-11  4.253809E-11  4.253093E-11
0.000000E+00  3.547457E-09  3.569684E-09  3.566179E-09  3.541646E-09  3.545097E-09  3.554610E-09  3.568414E-09  3.567109E-09  3.565929E-09  3.565678E-09  3.564695E-09  3.563425E-09  3.562746E-09  3.562245E-09  3.561512E-09  3.561530E-09  3.560117E-09  3.559509E-09  3.559295E-09  3.558705E-09
 Gas          
0.000000E+00  0.000000E+00  0.000000E+00  0.000000E+00  0.000000E+00  0.000000E+00  0.000000E+00  0.000000E+00  0.000000E+00  0.000000E+00  0.000000E+00  0.000000E+00  0.000000E+00  0.000000E+00  0.000000E+00  0.000000E+00  0.000000E+00  0.000000E+00  0.000000E+00  0.000000E+00  0.000000E+00
0.000000E+00  0.000000E+00  0.000000E+00  0.000000E+00  0.000000E+00  0.000000E+00  0.000000E+00  0.000000E+00  0.000000E+00  0.000000E+00  0.000000E+00  0.000000E+00  0.000000E+00  0.000000E+00  0.000000E+00  0.000000E+00  0.000000E+00  0.000000E+00  0.000000E+00  0.000000E+00  0.000000E+00
0.000000E+00  0.000000E+00  0.000000E+00  0.000000E+00  0.000000E+00  0.000000E+00  0.000000E+00  0.000000E+00  0.000000E+00  0.000000E+00  0.000000E+00  0.000000E+00  0.000000E+00  0.000000E+00  0.000000E+00  0.000000E+00  0.000000E+00  0.000000E+00  0.000000E+00  0.000000E+00  0.000000E+00
0.000000E+00  0.000000E+00  0.000000E+00  0.000000E+00  0.000000E+00  0.000000E+00  0.000000E+00  0.000000E+00  0.000000E+00  0.000000E+00  0.000000E+00  0.000000E+00  0.000000E+00  0.000000E+00  0.000000E+00  0.000000E+00  0.000000E+00  0.000000E+00  0.000000E+00  0.000000E+00  0.000000E+00
0.000000E+00  0.000000E+00  0.000000E+00  0.000000E+00  0.000000E+00  0.000000E+00  0.000000E+00  0.000000E+00  0.000000E+00  0.000000E+00  0.000000E+00  0.000000E+00  0.000000E+00  0.000000E+00  0.000000E+00  0.000000E+00  0.000000E+00  0.000000E+00  0.000000E+00  0.000000E+00  0.000000E+00
0.000000E+00  0.000000E+00  0.000000E+00  0.000000E+00  0.000000E+00  0.000000E+00  0.000000E+00  0.000000E+00  0.000000E+00  0.000000E+00  0.000000E+00  0.000000E+00  0.000000E+00  0.000000E+00  0.000000E+00  0.000000E+00  0.000000E+00  0.000000E+00  0.000000E+00  0.000000E+00  0.000000E+00
End of Analysis
"H3 factor",13.13339
"Linearity factor (0)",52.88039
"Linearity factor (1)",18.00761
"Linearity factor (2)",-.1321419
"Linearity factor (3)",9.804096E-04
"Linearity factor (4)",-7.965973E-02
"Linearity factor (5)",0
"Collector Gains :",500,5000,5000,5000,500,500,50,500,1,5
"Number of deflectors available : ",33
"Source HT",8000
"Extraction V",780
"H Defl",310
"Trap",850
"Trap Voltage",24
"Repeller",4
"Filament V",-110
"Delta HP",19
"Z Lens",110
"Delta Z",130
"Max Current",3.5
"Heater Current",1
"Quad 1",120
"Cubic 1",50
"Lin 1",0
"Deflect 1 I",5
"Deflect 1 O",5
"Offset 1",0
"Offset 2",0
"Quad 2",-620
"Cubic 2",0
"Lin 2",0
"Q1 I Cor",0
"Q1 O Cor",0
"Suppressor",-100
"Mop Plate",-15
"ESA H1",790
"ESA H1 delta",0
"ESA H2",800
"ESA H2 delta",0
"ESA H3",820
"ESA H3 delta",0
"ESA HD",0
"ESA HD delta",0
"Batch Started: ","13:02:19 15:29:56"
"Data File: ","C:\Nu Stable\Results\2019\201902013 standard PD4 BSS WNI ZE NTA\Data_9284 PD4 125 L BROWN.txt"
"Sample Name: ","PD4 125 L BROWN"
"Sample Weight: ",68
"Sample Type: ","Sam"
"Vial Number: ",7
"Sam Beam First CO: ","3.803739e-09"
"Sam Beam Last CO: ","3.625307e-09"
"Ref Beam First CO: ","3.811184e-09"
"Ref Beam Second CO: ","3.765264e-09"
"Ref BeamLast CO: ","3.556382e-09"
"Sam Depletion: ","5 %"
"Ref Depletion: ","7 %"
"Observed CP Temperature: ",70.256
"Std Dev: ","0.000e00"
"Min: ","70.256"
"Max: ","70.256"
"Ave Started: ","13:02:19 18:43:11"
"Ave Stopped: ","13:02:19 18:46:13"
"Num: ",6
"Current Mass: ",46.03441
"Method File Name","C:\Nu Stable\Analyses\DI\040216 12-12-20 6 collectors.rdf"
"Version 6"
"Analysis Type","DI"
"Analysis Calculation Routine ","Clumped CO2 Iterative"
"Gas ID ","CO2"
"Ref Gas Identifier ","AirLiquide01"
"Centring collector ",8
"Num of Ref/Sam cycles ",6
"Cycles length(secs) ",20
"C/O valve stabilisation time ",12
"Offset for zero measurement(amu) ",0
"Zero measurement time ",20
"Spare",0
"Spare",0
0
-1
-1
-1
-1
0
-1
0
-1
0
"Num Clumped Blocks","1"
"Do zero at start of block",#FALSE#
"Balance beams",#FALSE#
"Mag Hysteresis Offset",.001
"Apply Hysteresis Offset",#FALSE#
"Target Beam (A) ",.00000005
"Use CF with Bellows ",#FALSE#
"DI Auto Gas balancing: ","True"
"Pirani pressure",3.322723E-02
"Cold finger status","CF"
"Inlet transducer pressure",.2440364
"Sample operations:  InitialisePrepSampleRun; CheckIfCFRequired; UseCF; SampleTrapped; BalanceRefToSamValue; DepletingBalance; SampleReady;"
"Number of sample chops",0
"Number of sample double chops",0
"Run from bellows",#FALSE#
"Max sample pump-over pressure (mBar)","0.000000e00"
"Max sample pump-over pressure (raw)",0
"Pre-balance Sam Beam","3.891567e-09"
"Min ref beam","3.000036e-09"
"Max ref beam","1.797786e-08"
"Ref bellows position",6705
"Sam bellows position",8450
"Balance %",3.908121E-02
"Initial Sam Beam","4.049603e-09"
"Final Ref Beam","3.935090e-09"
"Final Sam Beam","3.936628e-09"
"Pre-depleted Ref Beam",3.938023E-09
"InletPiraniPressure",3.322723E-02
"Depletion Factor",.96
"Balance End","13/02/19 19:26:14"
"Water Trap Temperature Hot",-195.1766
"Water Trap Temperature Cold",-195.1766
"DP Version",25
"Num Gas Cycles ",1
"UseFrontHeightThreshold(1)",#TRUE#
"FrontHeightThreshold(1)",2
"UseBackHeightThreshold(1)",#TRUE#
"BackHeightThreshold(1)",2.7
"UsePeakWidthLimit(1)",#FALSE#
"PeakWidthLimit(1)",6
"RefGasFrontHeightThreshold(1)",40
"RefGasBackHeightThreshold(1)",10
"Measure_Elemental_Comp",#TRUE#
"Use_TCD_For_Elem_Calcs",#FALSE#
"Sample_Name","PD4 125 L BROWN"
"Sample_Type","Sam"
"Sample_Weight",68
"Sample_Vial",7
"Standard_Type",""
"NoAnalysisCycles",1
"Gas1","CO2"
"Ref Gas1","AirLiquide01"
"Analysis_Routine1","Clumped CO2 Iterative"
"ZeroWidth1",10
"NoZeros1",1
"ZeroTime1",10
"Delta wrt Std 1",#FALSE#
"AllowLinearityCorrection",#FALSE#
"Num Collectors",6
"LinearityFactor(Cent)",52880.39
"LinearityFactor(Low2)",18007.61
"LinearityFactor(Low4)",-132.1419
"LinearityFactor()",.9804096
"LinearityFactor()",-79.65973
"LinearityFactor()",0
"UseH3Factor",#FALSE#
"H3Factor",0
"Axial Mass",46
"Anal Start",0
"Anal End",0
"Calc Linearity Correction from Ref Peaks",#FALSE#
"Temperature",25
"Std Temperature",25
"A_Factor",1.01025
"K_Factor",.04
"TemperatureCorrectionEnabled",#FALSE#
"GC ZeroMethod","Lowest Peak Limit"
"GC AllowZeroToCutPoints",#FALSE#
"GC UseIsotopicShift",#TRUE#
"GC InterpolatePeakHeight",#TRUE#
"GC NumZeroPoints",10
"GC Min Peak Height",.0000000001
"GC No UserPeaks",0
"SmoothingInterval",10
"DropFactor",1
"GradientRejectfactor",10
"SectionSize",100
"BackgroundStartTime",1
"CutOffTime",1000
"UseNewBackgroundCalcn",#FALSE#
"GC Label File","None.lab"
"GC No User Defined Background Points",0
"GC No Auto-detected Peaks to be Removed",0
"GC No Auto-calculated Background Points to Remove",0
"GC Std Peak In Sample",#FALSE#
"GC Std Peak Time",0
"Max Gap For Grouping EA Ref Pulses",20
"Group EA Ref Peaks",#FALSE#
"Use Defined Peak Limits (1)",#FALSE#
"Peak Start (1)",0
"Peak End (1)",0
"DP Version",25
"Num Gas Cycles ",1
"UseFrontHeightThreshold(1)",#TRUE#
"FrontHeightThreshold(1)",2
"UseBackHeightThreshold(1)",#TRUE#
"BackHeightThreshold(1)",2.7
"UsePeakWidthLimit(1)",#FALSE#
"PeakWidthLimit(1)",6
"RefGasFrontHeightThreshold(1)",40
"RefGasBackHeightThreshold(1)",10
"Measure_Elemental_Comp",#TRUE#
"Use_TCD_For_Elem_Calcs",#FALSE#
"Sample_Name","PD4 125 L BROWN"
"Sample_Type","Sam"
"Sample_Weight",68
"Sample_Vial",7
"Standard_Type",""
"NoAnalysisCycles",1
"Gas1","CO2"
"Ref Gas1","AirLiquide01"
"Analysis_Routine1","Clumped CO2 Iterative"
"ZeroWidth1",10
"NoZeros1",1
"ZeroTime1",10
"Delta wrt Std 1",#FALSE#
"AllowLinearityCorrection",#FALSE#
"Num Collectors",6
"LinearityFactor(Cent)",52880.39
"LinearityFactor(Low2)",18007.61
"LinearityFactor(Low4)",-132.1419
"LinearityFactor()",.9804096
"LinearityFactor()",-79.65973
"LinearityFactor()",0
"UseH3Factor",#FALSE#
"H3Factor",0
"Axial Mass",46
"Anal Start",0
"Anal End",0
"Calc Linearity Correction from Ref Peaks",#FALSE#
"Temperature",25
"Std Temperature",25
"A_Factor",1.01025
"K_Factor",.04
"TemperatureCorrectionEnabled",#FALSE#
"GC ZeroMethod","Lowest Peak Limit"
"GC AllowZeroToCutPoints",#FALSE#
"GC UseIsotopicShift",#TRUE#
"GC InterpolatePeakHeight",#TRUE#
"GC NumZeroPoints",10
"GC Min Peak Height",.0000000001
"GC No UserPeaks",0
"SmoothingInterval",10
"DropFactor",1
"GradientRejectfactor",10
"SectionSize",100
"BackgroundStartTime",1
"CutOffTime",1000
"UseNewBackgroundCalcn",#FALSE#
"GC Label File","None.lab"
"GC No User Defined Background Points",0
"GC No Auto-detected Peaks to be Removed",0
"GC No Auto-calculated Background Points to Remove",0
"GC Std Peak In Sample",#FALSE#
"GC Std Peak Time",0
"Max Gap For Grouping EA Ref Pulses",20
"Group EA Ref Peaks",#FALSE#
"Use Defined Peak Limits (1)",#FALSE#
"Peak Start (1)",0
"Peak End (1)",0
"End of Data file"


