"Clumped CO2 Iterative Analysis,         Data File Version 10"
"Started analysis at 1:50:37 AM on the Thursday, February 14, 2019"
"UTC FileTimeLow",-1757995904," UTC FileTimeHigh",30721073
"Time Zone ","Eastern Daylight Time"
"CO Disabled",#FALSE#
"Persective Instrument","PS019"
"User logged in",#FALSE#
"Software Version","Stable 1.69.5"
"Axial Mass is :",46
"No_C_O_Cycles",6
"Num Blocks",1
0
-1
-1
-1
-1
0
-1
0
-1
0
"Sample Name is ","PD4 140.6"
Zero Data
-1.125609760971E-13, -5.804109159979E-14, -6.149077354614E-14, -3.366533126489E-14, 1.105607613246E-13, 4.086796352720E-12, Measured at start of run
Individual Data
No_C_O_Cycles                6 
Cycle_Length   20 
Zero_Measurement_Length      20 
Axial_Mass     46 
 Gas          Bla
0.000000E+00  -1.124562E-13 -1.123775E-13 -1.124455E-13 -1.125635E-13 -1.124776E-13 -1.128424E-13 -1.126851E-13 -1.126422E-13 -1.125313E-13 -1.124490E-13 -1.124097E-13 -1.125277E-13 -1.126279E-13 -1.126457E-13 -1.125671E-13 -1.127673E-13 -1.127030E-13 -1.125814E-13 -1.125134E-13 -1.124061E-13
0.000000E+00  -5.816465E-14 -5.810386E-14 -5.794650E-14 -5.790358E-14 -5.807882E-14 -5.792862E-14 -5.805379E-14 -5.812173E-14 -5.813962E-14 -5.800372E-14 -5.798584E-14 -5.812532E-14 -5.806809E-14 -5.805379E-14 -5.813247E-14 -5.810028E-14 -5.797153E-14 -5.801445E-14 -5.791431E-14 -5.801087E-14
0.000000E+00  -6.140477E-14 -6.147987E-14 -6.138688E-14 -6.158715E-14 -6.147987E-14 -6.142980E-14 -6.166583E-14 -6.157643E-14 -6.149059E-14 -6.147629E-14 -6.156212E-14 -6.137258E-14 -6.134039E-14 -6.149417E-14 -6.149774E-14 -6.144410E-14 -6.141191E-14 -6.146913E-14 -6.157643E-14 -6.166941E-14
0.000000E+00  -3.286603E-14 -3.286603E-14 -3.315213E-14 -3.293756E-14 -3.333095E-14 -3.272298E-14 -3.315213E-14 -3.329518E-14 -3.401044E-14 -3.311637E-14 -3.393892E-14 -3.361705E-14 -3.454689E-14 -3.433231E-14 -3.422502E-14 -3.390315E-14 -3.436807E-14 -3.393892E-14 -3.422502E-14 -3.476146E-14
0.000000E+00  1.108647E-13  1.115800E-13  1.122953E-13  1.140834E-13  1.094342E-13  1.122953E-13  1.122953E-13  1.126529E-13  1.115800E-13  1.105071E-13  1.097919E-13  1.072885E-13  1.108647E-13  1.105071E-13  1.097919E-13  1.112224E-13  1.087190E-13  1.094342E-13  1.076461E-13  1.083614E-13
0.000000E+00  4.273657E-12  4.291538E-12  4.237894E-12  4.184250E-12  4.202131E-12  4.166369E-12  4.166369E-12  4.130606E-12  4.094843E-12  4.076961E-12  4.041199E-12  4.059080E-12  4.023317E-12  4.041199E-12  4.023317E-12  3.969673E-12  3.987555E-12  3.969673E-12  3.916029E-12  3.880266E-12
Gas           Ref
0.000000E+00  -1.121987E-13 -1.121772E-13 -1.121951E-13 -1.121415E-13 -1.120735E-13 -1.120342E-13 -1.120807E-13 -1.122130E-13 -1.120521E-13 -1.121379E-13 -1.121164E-13 -1.122667E-13 -1.123382E-13 -1.122595E-13 -1.121236E-13 -1.120521E-13 -1.119698E-13 -1.121093E-13 -1.120270E-13 -1.121808E-13
0.000000E+00  -3.462557E-14 -3.453616E-14 -3.441456E-14 -3.451827E-14 -3.458265E-14 -3.466848E-14 -3.458265E-14 -3.465060E-14 -3.435377E-14 -3.445390E-14 -3.474001E-14 -3.458265E-14 -3.458265E-14 -3.440383E-14 -3.453616E-14 -3.443244E-14 -3.444317E-14 -3.464344E-14 -3.466490E-14 -3.484014E-14
0.000000E+00  1.840891E-13  1.844861E-13  1.851262E-13  1.857700E-13  1.858200E-13  1.846828E-13  1.841034E-13  1.844825E-13  1.854445E-13  1.855482E-13  1.840963E-13  1.842894E-13  1.847793E-13  1.848151E-13  1.847329E-13  1.848544E-13  1.849975E-13  1.849868E-13  1.848687E-13  1.839032E-13
0.000000E+00  2.107199E-11  2.112184E-11  2.117831E-11  2.119037E-11  2.118686E-11  2.103469E-11  2.104946E-11  2.112964E-11  2.118325E-11  2.111458E-11  2.102854E-11  2.109334E-11  2.111255E-11  2.112474E-11  2.112438E-11  2.113021E-11  2.113801E-11  2.114638E-11  2.106816E-11  2.098419E-11
0.000000E+00  6.030184E-11  6.042808E-11  6.060082E-11  6.066125E-11  6.062871E-11  6.020134E-11  6.024319E-11  6.047100E-11  6.062406E-11  6.044632E-11  6.017632E-11  6.036585E-11  6.042200E-11  6.046027E-11  6.045955E-11  6.047815E-11  6.049210E-11  6.051928E-11  6.029898E-11  6.006259E-11
0.000000E+00  5.046831E-09  5.057596E-09  5.072295E-09  5.077355E-09  5.075191E-09  5.038892E-09  5.041431E-09  5.060940E-09  5.074422E-09  5.058705E-09  5.036246E-09  5.051767E-09  5.056791E-09  5.060493E-09  5.060457E-09  5.061906E-09  5.062800E-09  5.064945E-09  5.046939E-09  5.026429E-09
Gas           Sam
0.000000E+00  -1.088084E-13 -1.087440E-13 -1.085831E-13 -1.084293E-13 -1.082541E-13 -1.080717E-13 -1.081539E-13 -1.079322E-13 -1.077999E-13 -1.079858E-13 -1.080538E-13 -1.079322E-13 -1.077748E-13 -1.076783E-13 -1.076676E-13 -1.079107E-13 -1.077891E-13 -1.077033E-13 -1.075853E-13 -1.074637E-13
0.000000E+00  -3.347758E-14 -3.352407E-14 -3.322009E-14 -3.309134E-14 -3.317359E-14 -3.337744E-14 -3.319505E-14 -3.305915E-14 -3.327015E-14 -3.340963E-14 -3.322366E-14 -3.311279E-14 -3.309492E-14 -3.327015E-14 -3.321651E-14 -3.318790E-14 -3.319147E-14 -3.313783E-14 -3.328803E-14 -3.333810E-14
0.000000E+00  1.955654E-13  1.958336E-13  1.971926E-13  1.977148E-13  1.965703E-13  1.966526E-13  1.970639E-13  1.977756E-13  1.968672E-13  1.969280E-13  1.974716E-13  1.981332E-13  1.987805E-13  1.985123E-13  1.972176E-13  1.975502E-13  1.986625E-13  1.986875E-13  1.986410E-13  1.985409E-13
0.000000E+00  2.130667E-11  2.137680E-11  2.144360E-11  2.140526E-11  2.127781E-11  2.132129E-11  2.139271E-11  2.140534E-11  2.126879E-11  2.129894E-11  2.135466E-11  2.140630E-11  2.140877E-11  2.131039E-11  2.125753E-11  2.135938E-11  2.140004E-11  2.139446E-11  2.139057E-11  2.132437E-11
0.000000E+00  6.057757E-11  6.078106E-11  6.097597E-11  6.087011E-11  6.049746E-11  6.061691E-11  6.082648E-11  6.088621E-11  6.047528E-11  6.057006E-11  6.071633E-11  6.086368E-11  6.088227E-11  6.062299E-11  6.045741E-11  6.072241E-11  6.086117E-11  6.084329E-11  6.082219E-11  6.064946E-11
0.000000E+00  5.039571E-09  5.056273E-09  5.073063E-09  5.064301E-09  5.033152E-09  5.042343E-09  5.060225E-09  5.065536E-09  5.030917E-09  5.038606E-09  5.050783E-09  5.063193E-09  5.064713E-09  5.042915E-09  5.028610E-09  5.051731E-09  5.062674E-09  5.061405E-09  5.059992E-09  5.045848E-09
Gas           Ref
0.000000E+00  -1.120807E-13 -1.121486E-13 -1.120592E-13 -1.119233E-13 -1.120163E-13 -1.120485E-13 -1.120270E-13 -1.119698E-13 -1.122810E-13 -1.122559E-13 -1.123167E-13 -1.122881E-13 -1.122237E-13 -1.121772E-13 -1.121737E-13 -1.123596E-13 -1.123060E-13 -1.121915E-13 -1.122166E-13 -1.121343E-13
0.000000E+00  -3.471497E-14 -3.479007E-14 -3.499750E-14 -3.500822E-14 -3.478649E-14 -3.479007E-14 -3.504041E-14 -3.492597E-14 -3.476504E-14 -3.490094E-14 -3.474716E-14 -3.482226E-14 -3.506545E-14 -3.498677E-14 -3.478649E-14 -3.481868E-14 -3.481868E-14 -3.481153E-14 -3.478292E-14 -3.480080E-14
0.000000E+00  1.827731E-13  1.816286E-13  1.819505E-13  1.820685E-13  1.824118E-13  1.825477E-13  1.824619E-13  1.821973E-13  1.814749E-13  1.812138E-13  1.820006E-13  1.820864E-13  1.810922E-13  1.812317E-13  1.817395E-13  1.824118E-13  1.826908E-13  1.820077E-13  1.810815E-13  1.814284E-13
0.000000E+00  2.091553E-11  2.081818E-11  2.088252E-11  2.090133E-11  2.091800E-11  2.091478E-11  2.092447E-11  2.087154E-11  2.078432E-11  2.085262E-11  2.092972E-11  2.080960E-11  2.077756E-11  2.083953E-11  2.090609E-11  2.090508E-11  2.089786E-11  2.077516E-11  2.076110E-11  2.087637E-11
0.000000E+00  5.987232E-11  5.957979E-11  5.976683E-11  5.981726E-11  5.987161E-11  5.986017E-11  5.988270E-11  5.974465E-11  5.948859E-11  5.966240E-11  5.990165E-11  5.956870E-11  5.946391E-11  5.963486E-11  5.983299E-11  5.983800E-11  5.981583E-11  5.947500E-11  5.941456E-11  5.975002E-11
0.000000E+00  5.011104E-09  4.986285E-09  5.001842E-09  5.006241E-09  5.010997E-09  5.009531E-09  5.011963E-09  5.000662E-09  4.978310E-09  4.993133E-09  5.013518E-09  4.985892E-09  4.976325E-09  4.990862E-09  5.008082E-09  5.008136E-09  5.006527E-09  4.977648E-09  4.972069E-09  5.000644E-09
Gas           Sam
0.000000E+00  -1.087154E-13 -1.086331E-13 -1.085294E-13 -1.084722E-13 -1.083864E-13 -1.084436E-13 -1.083506E-13 -1.082827E-13 -1.080788E-13 -1.079966E-13 -1.078249E-13 -1.078714E-13 -1.078678E-13 -1.078285E-13 -1.077426E-13 -1.078249E-13 -1.076282E-13 -1.075853E-13 -1.076962E-13 -1.076497E-13
0.000000E+00  -3.360990E-14 -3.350619E-14 -3.351692E-14 -3.332022E-14 -3.318790E-14 -3.339890E-14 -3.363136E-14 -3.369931E-14 -3.338102E-14 -3.331307E-14 -3.351334E-14 -3.332738E-14 -3.334525E-14 -3.342036E-14 -3.330234E-14 -3.334168E-14 -3.332022E-14 -3.323081E-14 -3.340963E-14 -3.351692E-14
0.000000E+00  1.936879E-13  1.940741E-13  1.944890E-13  1.945676E-13  1.948537E-13  1.947500E-13  1.948752E-13  1.946570E-13  1.948752E-13  1.951112E-13  1.953401E-13  1.954545E-13  1.954116E-13  1.959195E-13  1.960625E-13  1.953437E-13  1.952829E-13  1.956477E-13  1.958515E-13  1.957085E-13
0.000000E+00  2.119441E-11  2.121021E-11  2.120857E-11  2.122019E-11  2.120778E-11  2.115085E-11  2.115525E-11  2.116233E-11  2.116884E-11  2.118350E-11  2.117313E-11  2.117452E-11  2.119401E-11  2.119548E-11  2.116966E-11  2.111401E-11  2.111877E-11  2.113482E-11  2.114520E-11  2.109191E-11
0.000000E+00  6.027287E-11  6.030970E-11  6.031435E-11  6.033867E-11  6.030541E-11  6.015235E-11  6.015700E-11  6.018203E-11  6.019991E-11  6.022924E-11  6.021029E-11  6.021959E-11  6.026071E-11  6.027680E-11  6.020886E-11  6.003933E-11  6.005579E-11  6.009621E-11  6.013161E-11  5.998677E-11
0.000000E+00  5.014269E-09  5.017381E-09  5.017613E-09  5.020009E-09  5.017506E-09  5.003541E-09  5.004649E-09  5.006616E-09  5.008172E-09  5.010800E-09  5.008833E-09  5.009656E-09  5.013483E-09  5.014341E-09  5.008887E-09  4.994618E-09  4.995780E-09  4.998945E-09  5.001967E-09  4.990845E-09
Gas           Ref
0.000000E+00  -1.123489E-13 -1.123310E-13 -1.123561E-13 -1.121486E-13 -1.121880E-13 -1.123203E-13 -1.122845E-13 -1.122345E-13 -1.121951E-13 -1.120950E-13 -1.120163E-13 -1.120664E-13 -1.120843E-13 -1.120235E-13 -1.120700E-13 -1.121021E-13 -1.121308E-13 -1.122309E-13 -1.121558E-13 -1.122380E-13
0.000000E+00  -3.490809E-14 -3.515128E-14 -3.504041E-14 -3.487233E-14 -3.500108E-14 -3.501180E-14 -3.515843E-14 -3.522638E-14 -3.505829E-14 -3.513697E-14 -3.510121E-14 -3.513340E-14 -3.512267E-14 -3.501895E-14 -3.520492E-14 -3.501180E-14 -3.499750E-14 -3.518704E-14 -3.519062E-14 -3.522995E-14
0.000000E+00  1.799442E-13  1.795544E-13  1.788320E-13  1.792111E-13  1.799907E-13  1.798941E-13  1.784601E-13  1.784028E-13  1.791396E-13  1.796223E-13  1.797189E-13  1.795258E-13  1.782741E-13  1.781096E-13  1.788570E-13  1.790788E-13  1.793398E-13  1.785280E-13  1.781775E-13  1.790680E-13
0.000000E+00  2.070660E-11  2.061308E-11  2.056287E-11  2.066333E-11  2.070424E-11  2.064327E-11  2.053508E-11  2.057549E-11  2.066898E-11  2.067581E-11  2.067134E-11  2.063586E-11  2.051506E-11  2.055729E-11  2.066090E-11  2.065178E-11  2.064248E-11  2.049603E-11  2.055504E-11  2.063565E-11
0.000000E+00  5.927294E-11  5.900722E-11  5.886417E-11  5.913204E-11  5.925577E-11  5.910199E-11  5.877655E-11  5.889243E-11  5.915207E-11  5.917531E-11  5.916637E-11  5.908054E-11  5.871253E-11  5.882769E-11  5.913025E-11  5.910879E-11  5.908805E-11  5.866283E-11  5.881983E-11  5.906301E-11
0.000000E+00  4.961322E-09  4.938738E-09  4.925810E-09  4.949235E-09  4.959624E-09  4.946660E-09  4.918943E-09  4.928278E-09  4.950737E-09  4.953026E-09  4.951774E-09  4.944872E-09  4.913436E-09  4.923235E-09  4.949306E-09  4.947446E-09  4.945569E-09  4.909717E-09  4.922484E-09  4.943280E-09
Gas           Sam
0.000000E+00  -1.086546E-13 -1.086474E-13 -1.086868E-13 -1.085652E-13 -1.083506E-13 -1.081611E-13 -1.082898E-13 -1.080609E-13 -1.081003E-13 -1.081325E-13 -1.080431E-13 -1.082433E-13 -1.079894E-13 -1.078428E-13 -1.077713E-13 -1.078535E-13 -1.076568E-13 -1.076532E-13 -1.076604E-13 -1.077748E-13
0.000000E+00  -3.358844E-14 -3.367427E-14 -3.361348E-14 -3.365282E-14 -3.360632E-14 -3.372792E-14 -3.365282E-14 -3.366712E-14 -3.361348E-14 -3.353837E-14 -3.366355E-14 -3.367070E-14 -3.382448E-14 -3.378514E-14 -3.365997E-14 -3.362063E-14 -3.370288E-14 -3.374937E-14 -3.367070E-14 -3.357771E-14
0.000000E+00  1.908626E-13  1.909735E-13  1.913919E-13  1.915743E-13  1.918496E-13  1.911630E-13  1.909413E-13  1.919462E-13  1.925506E-13  1.927795E-13  1.921072E-13  1.915135E-13  1.920964E-13  1.930334E-13  1.931371E-13  1.929762E-13  1.921250E-13  1.922395E-13  1.932480E-13  1.936020E-13
0.000000E+00  2.093330E-11  2.095211E-11  2.097547E-11  2.096574E-11  2.098394E-11  2.084361E-11  2.088009E-11  2.099628E-11  2.098816E-11  2.098216E-11  2.086296E-11  2.083664E-11  2.095526E-11  2.097818E-11  2.096989E-11  2.088341E-11  2.081757E-11  2.090455E-11  2.095959E-11  2.095769E-11
0.000000E+00  5.953401E-11  5.958229E-11  5.963915E-11  5.962628E-11  5.968100E-11  5.927008E-11  5.935913E-11  5.971389E-11  5.968672E-11  5.967170E-11  5.934089E-11  5.925328E-11  5.959123E-11  5.965203E-11  5.963808E-11  5.939597E-11  5.919426E-11  5.943852E-11  5.960840E-11  5.959409E-11
0.000000E+00  4.951953E-09  4.956459E-09  4.962020E-09  4.960536E-09  4.965024E-09  4.930710E-09  4.938309E-09  4.967277E-09  4.965829E-09  4.964613E-09  4.936360E-09  4.929243E-09  4.957138E-09  4.962324E-09  4.961358E-09  4.941385E-09  4.923968E-09  4.944586E-09  4.959016E-09  4.958319E-09
Gas           Ref
0.000000E+00  -1.121236E-13 -1.122094E-13 -1.120378E-13 -1.121880E-13 -1.120521E-13 -1.121093E-13 -1.122667E-13 -1.120950E-13 -1.120521E-13 -1.121808E-13 -1.120378E-13 -1.121379E-13 -1.121129E-13 -1.122523E-13 -1.120521E-13 -1.123131E-13 -1.123918E-13 -1.121629E-13 -1.122273E-13 -1.122559E-13
0.000000E+00  -3.549460E-14 -3.550533E-14 -3.553394E-14 -3.538016E-14 -3.547314E-14 -3.557685E-14 -3.541592E-14 -3.549818E-14 -3.555540E-14 -3.553036E-14 -3.527645E-14 -3.554824E-14 -3.545526E-14 -3.532652E-14 -3.557685E-14 -3.565196E-14 -3.561619E-14 -3.555540E-14 -3.569845E-14 -3.544453E-14
0.000000E+00  1.760389E-13  1.767041E-13  1.769866E-13  1.768400E-13  1.756634E-13  1.754452E-13  1.765217E-13  1.767899E-13  1.759066E-13  1.755883E-13  1.761533E-13  1.767148E-13  1.765753E-13  1.768185E-13  1.766683E-13  1.764144E-13  1.762141E-13  1.764001E-13  1.761998E-13  1.761855E-13
0.000000E+00  2.032287E-11  2.044743E-11  2.045315E-11  2.043817E-11  2.029179E-11  2.034382E-11  2.043663E-11  2.041900E-11  2.027498E-11  2.032380E-11  2.041156E-11  2.041066E-11  2.041210E-11  2.040644E-11  2.040505E-11  2.039268E-11  2.039031E-11  2.038699E-11  2.038599E-11  2.037376E-11
0.000000E+00  5.817645E-11  5.851727E-11  5.854982E-11  5.849975E-11  5.808812E-11  5.821794E-11  5.850547E-11  5.846077E-11  5.804413E-11  5.816536E-11  5.841893E-11  5.844145E-11  5.842107E-11  5.840963E-11  5.841070E-11  5.838066E-11  5.836778E-11  5.835812E-11  5.834311E-11  5.832559E-11
0.000000E+00  4.868250E-09  4.897790E-09  4.900240E-09  4.896359E-09  4.861097E-09  4.872255E-09  4.896395E-09  4.892837E-09  4.857307E-09  4.867821E-09  4.889332E-09  4.891191E-09  4.889850E-09  4.888867E-09  4.888384E-09  4.886489E-09  4.885058E-09  4.884540E-09  4.883467E-09  4.881947E-09
Gas           Sam
0.000000E+00  -1.089085E-13 -1.087082E-13 -1.086081E-13 -1.087690E-13 -1.085974E-13 -1.085080E-13 -1.085437E-13 -1.084114E-13 -1.082219E-13 -1.082719E-13 -1.082183E-13 -1.080860E-13 -1.080323E-13 -1.081575E-13 -1.079107E-13 -1.080717E-13 -1.078678E-13 -1.078893E-13 -1.077283E-13 -1.078928E-13
0.000000E+00  -3.416780E-14 -3.405693E-14 -3.377083E-14 -3.392104E-14 -3.375295E-14 -3.382090E-14 -3.402833E-14 -3.402117E-14 -3.399971E-14 -3.401760E-14 -3.413204E-14 -3.409270E-14 -3.409627E-14 -3.406051E-14 -3.400329E-14 -3.391031E-14 -3.381374E-14 -3.380659E-14 -3.377441E-14 -3.397826E-14
0.000000E+00  1.878550E-13  1.884415E-13  1.891531E-13  1.896574E-13  1.895286E-13  1.889314E-13  1.883628E-13  1.895251E-13  1.898291E-13  1.895108E-13  1.887562E-13  1.894535E-13  1.903655E-13  1.904728E-13  1.903548E-13  1.906266E-13  1.900830E-13  1.892390E-13  1.893963E-13  1.904799E-13
0.000000E+00  2.065446E-11  2.075649E-11  2.079494E-11  2.078693E-11  2.077967E-11  2.063350E-11  2.065546E-11  2.078034E-11  2.077752E-11  2.065889E-11  2.063222E-11  2.071608E-11  2.075982E-11  2.075399E-11  2.074848E-11  2.073986E-11  2.068250E-11  2.059928E-11  2.067163E-11  2.074798E-11
0.000000E+00  5.873722E-11  5.902689E-11  5.914491E-11  5.911558E-11  5.909985E-11  5.869001E-11  5.873221E-11  5.909771E-11  5.909485E-11  5.875688E-11  5.867034E-11  5.889601E-11  5.904728E-11  5.901867E-11  5.901223E-11  5.898291E-11  5.883199E-11  5.858165E-11  5.878156E-11  5.900150E-11
0.000000E+00  4.886113E-09  4.910199E-09  4.920285E-09  4.918032E-09  4.916762E-09  4.882287E-09  4.886006E-09  4.916369E-09  4.916261E-09  4.887633E-09  4.880284E-09  4.899524E-09  4.911827E-09  4.910378E-09  4.909448E-09  4.907142E-09  4.894035E-09  4.872881E-09  4.889457E-09  4.908769E-09
Gas           Ref
0.000000E+00  -1.121057E-13 -1.122094E-13 -1.120807E-13 -1.121164E-13 -1.122595E-13 -1.123310E-13 -1.122953E-13 -1.123167E-13 -1.122416E-13 -1.122130E-13 -1.123167E-13 -1.121915E-13 -1.121522E-13 -1.123632E-13 -1.123882E-13 -1.123489E-13 -1.121450E-13 -1.120163E-13 -1.121057E-13 -1.122702E-13
0.000000E+00  -3.556255E-14 -3.555182E-14 -3.563407E-14 -3.580216E-14 -3.559116E-14 -3.570203E-14 -3.570203E-14 -3.560904E-14 -3.571990E-14 -3.584865E-14 -3.574851E-14 -3.581647E-14 -3.569130E-14 -3.577713E-14 -3.568414E-14 -3.569845E-14 -3.576640E-14 -3.580574E-14 -3.582719E-14 -3.566984E-14
0.000000E+00  1.730634E-13  1.731636E-13  1.739682E-13  1.740862E-13  1.730098E-13  1.726701E-13  1.732601E-13  1.738467E-13  1.737000E-13  1.727952E-13  1.723124E-13  1.732315E-13  1.734711E-13  1.726200E-13  1.724519E-13  1.733174E-13  1.735248E-13  1.733925E-13  1.733531E-13  1.732816E-13
0.000000E+00  2.007961E-11  2.018114E-11  2.020310E-11  2.017252E-11  2.004914E-11  2.008418E-11  2.019380E-11  2.017928E-11  2.015668E-11  2.002654E-11  2.007989E-11  2.017409E-11  2.008594E-11  2.002600E-11  2.008215E-11  2.013812E-11  2.015153E-11  2.014194E-11  2.014262E-11  2.010053E-11
0.000000E+00  5.747658E-11  5.775624E-11  5.783564E-11  5.775517E-11  5.739826E-11  5.748587E-11  5.779951E-11  5.777698E-11  5.771154E-11  5.732780E-11  5.746406E-11  5.775302E-11  5.750590E-11  5.732243E-11  5.748695E-11  5.763930E-11  5.768329E-11  5.764645E-11  5.765289E-11  5.755096E-11
0.000000E+00  4.809634E-09  4.833471E-09  4.840462E-09  4.833703E-09  4.802858E-09  4.810618E-09  4.837243E-09  4.835491E-09  4.830288E-09  4.797493E-09  4.808598E-09  4.833309E-09  4.812978E-09  4.797243E-09  4.811315E-09  4.824011E-09  4.827802E-09  4.825299E-09  4.825388E-09  4.816680E-09
Gas           Sam
0.000000E+00  -1.086367E-13 -1.086939E-13 -1.087762E-13 -1.085831E-13 -1.086725E-13 -1.084615E-13 -1.084150E-13 -1.083399E-13 -1.082934E-13 -1.080216E-13 -1.080502E-13 -1.079536E-13 -1.081289E-13 -1.081575E-13 -1.081968E-13 -1.081790E-13 -1.080753E-13 -1.078106E-13 -1.077534E-13 -1.078607E-13
0.000000E+00  -3.407124E-14 -3.412131E-14 -3.430012E-14 -3.421429E-14 -3.417495E-14 -3.413204E-14 -3.423217E-14 -3.445748E-14 -3.440026E-14 -3.421072E-14 -3.400687E-14 -3.392104E-14 -3.401760E-14 -3.403905E-14 -3.398898E-14 -3.405336E-14 -3.404978E-14 -3.414634E-14 -3.421787E-14 -3.416065E-14
0.000000E+00  1.867070E-13  1.866426E-13  1.866497E-13  1.860918E-13  1.854052E-13  1.865961E-13  1.873042E-13  1.862957E-13  1.859917E-13  1.870789E-13  1.874473E-13  1.878764E-13  1.875009E-13  1.863744E-13  1.871254E-13  1.878442E-13  1.881089E-13  1.874830E-13  1.865138E-13  1.869966E-13
0.000000E+00  2.057328E-11  2.057267E-11  2.056756E-11  2.046241E-11  2.043159E-11  2.055858E-11  2.053330E-11  2.041767E-11  2.045623E-11  2.056233E-11  2.055246E-11  2.054706E-11  2.042097E-11  2.041070E-11  2.052353E-11  2.053283E-11  2.053415E-11  2.039364E-11  2.039003E-11  2.051191E-11
0.000000E+00  5.851334E-11  5.851584E-11  5.849331E-11  5.820649E-11  5.809921E-11  5.845541E-11  5.841857E-11  5.805736E-11  5.816895E-11  5.847901E-11  5.844682E-11  5.843180E-11  5.808633E-11  5.803984E-11  5.836278E-11  5.840462E-11  5.838817E-11  5.800765E-11  5.799478E-11  5.832916E-11
0.000000E+00  4.867874E-09  4.867749E-09  4.866247E-09  4.841624E-09  4.832755E-09  4.862939E-09  4.859774E-09  4.829536E-09  4.838799E-09  4.864602E-09  4.862295E-09  4.861204E-09  4.832040E-09  4.827659E-09  4.854928E-09  4.859166E-09  4.857789E-09  4.826032E-09  4.824065E-09  4.852228E-09
Gas           Ref
0.000000E+00  -1.120235E-13 -1.120986E-13 -1.121665E-13 -1.121737E-13 -1.120771E-13 -1.122559E-13 -1.122380E-13 -1.120664E-13 -1.121629E-13 -1.122273E-13 -1.120270E-13 -1.120056E-13 -1.119984E-13 -1.120199E-13 -1.120664E-13 -1.119340E-13 -1.119770E-13 -1.120592E-13 -1.119913E-13 -1.120163E-13
0.000000E+00  -3.590587E-14 -3.619555E-14 -3.627065E-14 -3.608468E-14 -3.596309E-14 -3.603820E-14 -3.622774E-14 -3.608111E-14 -3.594521E-14 -3.623132E-14 -3.606323E-14 -3.600601E-14 -3.604535E-14 -3.589514E-14 -3.576997E-14 -3.586296E-14 -3.593806E-14 -3.612760E-14 -3.616694E-14 -3.604177E-14
0.000000E+00  1.713003E-13  1.707174E-13  1.705422E-13  1.705314E-13  1.709463E-13  1.712181E-13  1.702668E-13  1.695945E-13  1.700558E-13  1.708712E-13  1.703920E-13  1.697017E-13  1.700379E-13  1.706065E-13  1.706423E-13  1.706280E-13  1.701023E-13  1.690437E-13  1.697911E-13  1.701202E-13
0.000000E+00  1.995587E-11  1.987240E-11  1.989407E-11  1.990770E-11  1.992422E-11  1.994478E-11  1.980173E-11  1.981607E-11  1.994149E-11  1.993577E-11  1.982262E-11  1.979601E-11  1.988978E-11  1.992232E-11  1.991152E-11  1.991252E-11  1.979089E-11  1.977398E-11  1.990054E-11  1.985394E-11
0.000000E+00  5.711752E-11  5.689114E-11  5.694049E-11  5.698091E-11  5.704099E-11  5.709284E-11  5.668550E-11  5.671447E-11  5.708068E-11  5.707281E-11  5.676132E-11  5.666941E-11  5.693334E-11  5.702954E-11  5.700093E-11  5.699414E-11  5.666261E-11  5.660611E-11  5.696410E-11  5.684215E-11
0.000000E+00  4.780488E-09  4.760693E-09  4.765181E-09  4.768722E-09  4.773782E-09  4.777806E-09  4.743563E-09  4.746441E-09  4.777073E-09  4.776500E-09  4.750465E-09  4.741757E-09  4.764269E-09  4.772888E-09  4.770832E-09  4.770492E-09  4.741918E-09  4.736839E-09  4.767381E-09  4.757528E-09
Gas           Sam
0.000000E+00  -1.087512E-13 -1.087404E-13 -1.085688E-13 -1.085366E-13 -1.084150E-13 -1.083935E-13 -1.085223E-13 -1.084651E-13 -1.083506E-13 -1.082898E-13 -1.081539E-13 -1.082040E-13 -1.081182E-13 -1.079680E-13 -1.078964E-13 -1.078821E-13 -1.079966E-13 -1.080109E-13 -1.080574E-13 -1.078857E-13
0.000000E+00  -3.468636E-14 -3.450397E-14 -3.439311E-14 -3.469351E-14 -3.454331E-14 -3.458265E-14 -3.458980E-14 -3.441456E-14 -3.439311E-14 -3.452185E-14 -3.437523E-14 -3.439311E-14 -3.448609E-14 -3.447536E-14 -3.446105E-14 -3.470424E-14 -3.451470E-14 -3.433588E-14 -3.429297E-14 -3.433588E-14
0.000000E+00  1.827373E-13  1.834883E-13  1.840462E-13  1.843860E-13  1.844754E-13  1.835670E-13  1.836600E-13  1.845433E-13  1.849438E-13  1.852550E-13  1.852800E-13  1.844146E-13  1.840998E-13  1.847257E-13  1.850583E-13  1.845362E-13  1.842000E-13  1.849009E-13  1.856269E-13  1.856126E-13
0.000000E+00  2.025506E-11  2.035155E-11  2.036603E-11  2.036081E-11  2.031503E-11  2.021100E-11  2.028228E-11  2.035716E-11  2.034125E-11  2.034175E-11  2.031582E-11  2.019165E-11  2.023346E-11  2.033263E-11  2.028696E-11  2.018590E-11  2.023106E-11  2.030763E-11  2.030899E-11  2.031150E-11
0.000000E+00  5.760461E-11  5.787748E-11  5.792898E-11  5.790859E-11  5.778664E-11  5.748051E-11  5.767828E-11  5.789142E-11  5.785852E-11  5.785852E-11  5.779951E-11  5.742293E-11  5.753380E-11  5.783134E-11  5.770653E-11  5.739253E-11  5.753702E-11  5.775338E-11  5.776303E-11  5.776053E-11
0.000000E+00  4.791556E-09  4.814820E-09  4.819022E-09  4.817628E-09  4.807167E-09  4.781274E-09  4.797797E-09  4.816429E-09  4.813461E-09  4.812764E-09  4.808347E-09  4.777019E-09  4.785638E-09  4.811065E-09  4.800336E-09  4.774372E-09  4.786192E-09  4.804413E-09  4.805379E-09  4.805361E-09
Gas           Ref
0.000000E+00  -1.122023E-13 -1.121665E-13 -1.120628E-13 -1.121415E-13 -1.119519E-13 -1.120270E-13 -1.120306E-13 -1.120127E-13 -1.121558E-13 -1.120521E-13 -1.120843E-13 -1.120807E-13 -1.119877E-13 -1.121486E-13 -1.119841E-13 -1.122023E-13 -1.122917E-13 -1.123346E-13 -1.122023E-13 -1.121594E-13
0.000000E+00  -3.590587E-14 -3.609541E-14 -3.624920E-14 -3.638510E-14 -3.609899E-14 -3.613118E-14 -3.613118E-14 -3.611330E-14 -3.610972E-14 -3.617767E-14 -3.618482E-14 -3.607396E-14 -3.620270E-14 -3.629926E-14 -3.607038E-14 -3.606323E-14 -3.607753E-14 -3.620986E-14 -3.633860E-14 -3.620628E-14
0.000000E+00  1.684143E-13  1.684071E-13  1.674379E-13  1.673807E-13  1.682820E-13  1.684000E-13  1.677312E-13  1.673628E-13  1.674415E-13  1.675846E-13  1.677992E-13  1.680245E-13  1.673342E-13  1.666726E-13  1.672448E-13  1.679637E-13  1.681246E-13  1.670767E-13  1.664759E-13  1.672270E-13
0.000000E+00  1.972802E-11  1.967248E-11  1.957857E-11  1.965965E-11  1.971758E-11  1.970553E-11  1.964988E-11  1.962299E-11  1.964041E-11  1.966247E-11  1.967349E-11  1.968303E-11  1.956545E-11  1.954638E-11  1.965156E-11  1.967123E-11  1.966261E-11  1.953891E-11  1.953379E-11  1.965882E-11
0.000000E+00  5.647450E-11  5.632859E-11  5.605107E-11  5.627137E-11  5.644589E-11  5.641514E-11  5.626136E-11  5.617552E-11  5.621665E-11  5.628317E-11  5.631822E-11  5.635505E-11  5.601924E-11  5.594664E-11  5.625242E-11  5.631107E-11  5.628961E-11  5.594628E-11  5.592125E-11  5.627387E-11
0.000000E+00  4.726772E-09  4.714130E-09  4.690115E-09  4.708783E-09  4.723875E-09  4.721658E-09  4.708765E-09  4.701112E-09  4.704492E-09  4.710411E-09  4.713379E-09  4.716490E-09  4.688256E-09  4.682051E-09  4.708175E-09  4.712843E-09  4.711090E-09  4.682122E-09  4.680155E-09  4.709338E-09
 Gas          
0.000000E+00  0.000000E+00  0.000000E+00  0.000000E+00  0.000000E+00  0.000000E+00  0.000000E+00  0.000000E+00  0.000000E+00  0.000000E+00  0.000000E+00  0.000000E+00  0.000000E+00  0.000000E+00  0.000000E+00  0.000000E+00  0.000000E+00  0.000000E+00  0.000000E+00  0.000000E+00  0.000000E+00
0.000000E+00  0.000000E+00  0.000000E+00  0.000000E+00  0.000000E+00  0.000000E+00  0.000000E+00  0.000000E+00  0.000000E+00  0.000000E+00  0.000000E+00  0.000000E+00  0.000000E+00  0.000000E+00  0.000000E+00  0.000000E+00  0.000000E+00  0.000000E+00  0.000000E+00  0.000000E+00  0.000000E+00
0.000000E+00  0.000000E+00  0.000000E+00  0.000000E+00  0.000000E+00  0.000000E+00  0.000000E+00  0.000000E+00  0.000000E+00  0.000000E+00  0.000000E+00  0.000000E+00  0.000000E+00  0.000000E+00  0.000000E+00  0.000000E+00  0.000000E+00  0.000000E+00  0.000000E+00  0.000000E+00  0.000000E+00
0.000000E+00  0.000000E+00  0.000000E+00  0.000000E+00  0.000000E+00  0.000000E+00  0.000000E+00  0.000000E+00  0.000000E+00  0.000000E+00  0.000000E+00  0.000000E+00  0.000000E+00  0.000000E+00  0.000000E+00  0.000000E+00  0.000000E+00  0.000000E+00  0.000000E+00  0.000000E+00  0.000000E+00
0.000000E+00  0.000000E+00  0.000000E+00  0.000000E+00  0.000000E+00  0.000000E+00  0.000000E+00  0.000000E+00  0.000000E+00  0.000000E+00  0.000000E+00  0.000000E+00  0.000000E+00  0.000000E+00  0.000000E+00  0.000000E+00  0.000000E+00  0.000000E+00  0.000000E+00  0.000000E+00  0.000000E+00
0.000000E+00  0.000000E+00  0.000000E+00  0.000000E+00  0.000000E+00  0.000000E+00  0.000000E+00  0.000000E+00  0.000000E+00  0.000000E+00  0.000000E+00  0.000000E+00  0.000000E+00  0.000000E+00  0.000000E+00  0.000000E+00  0.000000E+00  0.000000E+00  0.000000E+00  0.000000E+00  0.000000E+00
End of Analysis
"H3 factor",13.13339
"Linearity factor (0)",52.88039
"Linearity factor (1)",18.00761
"Linearity factor (2)",-.1321419
"Linearity factor (3)",9.804096E-04
"Linearity factor (4)",-7.965973E-02
"Linearity factor (5)",0
"Collector Gains :",500,5000,5000,5000,500,500,50,500,1,5
"Number of deflectors available : ",33
"Source HT",8000
"Extraction V",780
"H Defl",310
"Trap",850
"Trap Voltage",24
"Repeller",4
"Filament V",-110
"Delta HP",19
"Z Lens",110
"Delta Z",130
"Max Current",3.5
"Heater Current",1
"Quad 1",120
"Cubic 1",50
"Lin 1",0
"Deflect 1 I",5
"Deflect 1 O",5
"Offset 1",0
"Offset 2",0
"Quad 2",-620
"Cubic 2",0
"Lin 2",0
"Q1 I Cor",0
"Q1 O Cor",0
"Suppressor",-100
"Mop Plate",-15
"ESA H1",790
"ESA H1 delta",0
"ESA H2",800
"ESA H2 delta",0
"ESA H3",820
"ESA H3 delta",0
"ESA HD",0
"ESA HD delta",0
"Batch Started: ","13:02:19 15:29:56"
"Data File: ","C:\Nu Stable\Results\2019\201902013 standard PD4 BSS WNI ZE NTA\Data_9293 PD4 140.6.txt"
"Sample Name: ","PD4 140.6"
"Sample Weight: ",76
"Sample Type: ","Sam"
"Vial Number: ",16
"Sam Beam First CO: ","5.047706e-09"
"Sam Beam Last CO: ","4.797415e-09"
"Ref Beam First CO: ","5.052535e-09"
"Ref Beam Second CO: ","4.993402e-09"
"Ref BeamLast CO: ","4.701614e-09"
"Sam Depletion: ","5 %"
"Ref Depletion: ","7 %"
"Observed CP Temperature: ",69.739
"Std Dev: ","8.390e-07"
"Min: ","69.739"
"Max: ","69.739"
"Ave Started: ","14:02:19 01:08:22"
"Ave Stopped: ","14:02:19 01:12:33"
"Num: ",9
"Current Mass: ",46.03193
"Method File Name","C:\Nu Stable\Analyses\DI\040216 12-12-20 6 collectors.rdf"
"Version 6"
"Analysis Type","DI"
"Analysis Calculation Routine ","Clumped CO2 Iterative"
"Gas ID ","CO2"
"Ref Gas Identifier ","AirLiquide01"
"Centring collector ",8
"Num of Ref/Sam cycles ",6
"Cycles length(secs) ",20
"C/O valve stabilisation time ",12
"Offset for zero measurement(amu) ",0
"Zero measurement time ",20
"Spare",0
"Spare",0
0
-1
-1
-1
-1
0
-1
0
-1
0
"Num Clumped Blocks","1"
"Do zero at start of block",#FALSE#
"Balance beams",#FALSE#
"Mag Hysteresis Offset",.001
"Apply Hysteresis Offset",#FALSE#
"Target Beam (A) ",.00000005
"Use CF with Bellows ",#FALSE#
"DI Auto Gas balancing: ","True"
"Pirani pressure",3.398285E-02
"Cold finger status","CF"
"Inlet transducer pressure",.6712825
"Sample operations:  InitialisePrepSampleRun; CheckIfCFRequired; UseCF; SampleTrapped; BalanceRefToSamValue; DepletingBalance; SampleReady;"
"Number of sample chops",0
"Number of sample double chops",0
"Run from bellows",#FALSE#
"Max sample pump-over pressure (mBar)","0.000000e00"
"Max sample pump-over pressure (raw)",0
"Pre-balance Sam Beam","5.168488e-09"
"Min ref beam","3.776161e-09"
"Max ref beam","2.316768e-08"
"Ref bellows position",6434
"Sam bellows position",8444
"Balance %",9.097626E-02
"Initial Sam Beam","5.380302e-09"
"Final Ref Beam","5.227952e-09"
"Final Sam Beam","5.232708e-09"
"Pre-depleted Ref Beam",5.232422E-09
"InletPiraniPressure",3.398285E-02
"Depletion Factor",.96
"Balance End","14/02/19 01:50:04"
"Water Trap Temperature Hot",-195.1766
"Water Trap Temperature Cold",-195.1766
"DP Version",25
"Num Gas Cycles ",1
"UseFrontHeightThreshold(1)",#TRUE#
"FrontHeightThreshold(1)",2
"UseBackHeightThreshold(1)",#TRUE#
"BackHeightThreshold(1)",2.7
"UsePeakWidthLimit(1)",#FALSE#
"PeakWidthLimit(1)",6
"RefGasFrontHeightThreshold(1)",40
"RefGasBackHeightThreshold(1)",10
"Measure_Elemental_Comp",#TRUE#
"Use_TCD_For_Elem_Calcs",#FALSE#
"Sample_Name","PD4 140.6"
"Sample_Type","Sam"
"Sample_Weight",76
"Sample_Vial",16
"Standard_Type",""
"NoAnalysisCycles",1
"Gas1","CO2"
"Ref Gas1","AirLiquide01"
"Analysis_Routine1","Clumped CO2 Iterative"
"ZeroWidth1",10
"NoZeros1",1
"ZeroTime1",10
"Delta wrt Std 1",#FALSE#
"AllowLinearityCorrection",#FALSE#
"Num Collectors",6
"LinearityFactor(Cent)",52880.39
"LinearityFactor(Low2)",18007.61
"LinearityFactor(Low4)",-132.1419
"LinearityFactor()",.9804096
"LinearityFactor()",-79.65973
"LinearityFactor()",0
"UseH3Factor",#FALSE#
"H3Factor",0
"Axial Mass",46
"Anal Start",0
"Anal End",0
"Calc Linearity Correction from Ref Peaks",#FALSE#
"Temperature",25
"Std Temperature",25
"A_Factor",1.01025
"K_Factor",.04
"TemperatureCorrectionEnabled",#FALSE#
"GC ZeroMethod","Lowest Peak Limit"
"GC AllowZeroToCutPoints",#FALSE#
"GC UseIsotopicShift",#TRUE#
"GC InterpolatePeakHeight",#TRUE#
"GC NumZeroPoints",10
"GC Min Peak Height",.0000000001
"GC No UserPeaks",0
"SmoothingInterval",10
"DropFactor",1
"GradientRejectfactor",10
"SectionSize",100
"BackgroundStartTime",1
"CutOffTime",1000
"UseNewBackgroundCalcn",#FALSE#
"GC Label File","None.lab"
"GC No User Defined Background Points",0
"GC No Auto-detected Peaks to be Removed",0
"GC No Auto-calculated Background Points to Remove",0
"GC Std Peak In Sample",#FALSE#
"GC Std Peak Time",0
"Max Gap For Grouping EA Ref Pulses",20
"Group EA Ref Peaks",#FALSE#
"Use Defined Peak Limits (1)",#FALSE#
"Peak Start (1)",0
"Peak End (1)",0
"DP Version",25
"Num Gas Cycles ",1
"UseFrontHeightThreshold(1)",#TRUE#
"FrontHeightThreshold(1)",2
"UseBackHeightThreshold(1)",#TRUE#
"BackHeightThreshold(1)",2.7
"UsePeakWidthLimit(1)",#FALSE#
"PeakWidthLimit(1)",6
"RefGasFrontHeightThreshold(1)",40
"RefGasBackHeightThreshold(1)",10
"Measure_Elemental_Comp",#TRUE#
"Use_TCD_For_Elem_Calcs",#FALSE#
"Sample_Name","PD4 140.6"
"Sample_Type","Sam"
"Sample_Weight",76
"Sample_Vial",16
"Standard_Type",""
"NoAnalysisCycles",1
"Gas1","CO2"
"Ref Gas1","AirLiquide01"
"Analysis_Routine1","Clumped CO2 Iterative"
"ZeroWidth1",10
"NoZeros1",1
"ZeroTime1",10
"Delta wrt Std 1",#FALSE#
"AllowLinearityCorrection",#FALSE#
"Num Collectors",6
"LinearityFactor(Cent)",52880.39
"LinearityFactor(Low2)",18007.61
"LinearityFactor(Low4)",-132.1419
"LinearityFactor()",.9804096
"LinearityFactor()",-79.65973
"LinearityFactor()",0
"UseH3Factor",#FALSE#
"H3Factor",0
"Axial Mass",46
"Anal Start",0
"Anal End",0
"Calc Linearity Correction from Ref Peaks",#FALSE#
"Temperature",25
"Std Temperature",25
"A_Factor",1.01025
"K_Factor",.04
"TemperatureCorrectionEnabled",#FALSE#
"GC ZeroMethod","Lowest Peak Limit"
"GC AllowZeroToCutPoints",#FALSE#
"GC UseIsotopicShift",#TRUE#
"GC InterpolatePeakHeight",#TRUE#
"GC NumZeroPoints",10
"GC Min Peak Height",.0000000001
"GC No UserPeaks",0
"SmoothingInterval",10
"DropFactor",1
"GradientRejectfactor",10
"SectionSize",100
"BackgroundStartTime",1
"CutOffTime",1000
"UseNewBackgroundCalcn",#FALSE#
"GC Label File","None.lab"
"GC No User Defined Background Points",0
"GC No Auto-detected Peaks to be Removed",0
"GC No Auto-calculated Background Points to Remove",0
"GC Std Peak In Sample",#FALSE#
"GC Std Peak Time",0
"Max Gap For Grouping EA Ref Pulses",20
"Group EA Ref Peaks",#FALSE#
"Use Defined Peak Limits (1)",#FALSE#
"Peak Start (1)",0
"Peak End (1)",0
"End of Data file"


