"Clumped CO2 Iterative Analysis,         Data File Version 10"
"Started analysis at 7:08:48 AM on the Thursday, February 14, 2019"
"UTC FileTimeLow",173443072," UTC FileTimeHigh",30721118
"Time Zone ","Eastern Daylight Time"
"CO Disabled",#FALSE#
"Persective Instrument","PS019"
"User logged in",#FALSE#
"Software Version","Stable 1.69.5"
"Axial Mass is :",46
"No_C_O_Cycles",6
"Num Blocks",1
0
-1
-1
-1
-1
0
-1
0
-1
0
"Sample Name is ","WNI-5"
Zero Data
-1.108808374571E-13, -5.748945055087E-14, -6.078034499042E-14, -3.182175846477E-14, 1.116515259696E-13, 4.208389929941E-12, Measured at start of run
Individual Data
No_C_O_Cycles                6 
Cycle_Length   20 
Zero_Measurement_Length      20 
Axial_Mass     46 
 Gas          Bla
0.000000E+00  -1.110364E-13 -1.110042E-13 -1.107575E-13 -1.107467E-13 -1.110328E-13 -1.109685E-13 -1.107467E-13 -1.109756E-13 -1.110936E-13 -1.110006E-13 -1.108111E-13 -1.108540E-13 -1.109863E-13 -1.108469E-13 -1.107360E-13 -1.107825E-13 -1.107646E-13 -1.108004E-13 -1.108075E-13 -1.108647E-13
0.000000E+00  -5.737787E-14 -5.749947E-14 -5.730277E-14 -5.743867E-14 -5.752807E-14 -5.757814E-14 -5.756742E-14 -5.767828E-14 -5.755310E-14 -5.726701E-14 -5.729203E-14 -5.750662E-14 -5.773550E-14 -5.768901E-14 -5.750304E-14 -5.758172E-14 -5.751735E-14 -5.738860E-14 -5.740648E-14 -5.737787E-14
0.000000E+00  -6.097203E-14 -6.092554E-14 -6.080753E-14 -6.070382E-14 -6.076461E-14 -6.077534E-14 -6.083256E-14 -6.082183E-14 -6.075746E-14 -6.057864E-14 -6.067162E-14 -6.076818E-14 -6.082541E-14 -6.069308E-14 -6.079679E-14 -6.081110E-14 -6.078607E-14 -6.074673E-14 -6.078249E-14 -6.078607E-14
0.000000E+00  -3.118518E-14 -3.143552E-14 -3.111365E-14 -3.046993E-14 -3.143552E-14 -3.179315E-14 -3.136399E-14 -3.190044E-14 -3.161433E-14 -3.157857E-14 -3.179315E-14 -3.218654E-14 -3.240112E-14 -3.250841E-14 -3.197196E-14 -3.243688E-14 -3.218654E-14 -3.257993E-14 -3.193620E-14 -3.254417E-14
0.000000E+00  1.126529E-13  1.140834E-13  1.126529E-13  1.137258E-13  1.133681E-13  1.130105E-13  1.122953E-13  1.119376E-13  1.126529E-13  1.122953E-13  1.119376E-13  1.119376E-13  1.090766E-13  1.108647E-13  1.105071E-13  1.105071E-13  1.097919E-13  1.108647E-13  1.090766E-13  1.097919E-13
0.000000E+00  4.363064E-12  4.363064E-12  4.327302E-12  4.345183E-12  4.309420E-12  4.309420E-12  4.273657E-12  4.202131E-12  4.202131E-12  4.220013E-12  4.237894E-12  4.148487E-12  4.220013E-12  4.184250E-12  4.148487E-12  4.130606E-12  4.076961E-12  4.076961E-12  3.987555E-12  4.041199E-12
Gas           Ref
0.000000E+00  -1.105071E-13 -1.103498E-13 -1.102568E-13 -1.102389E-13 -1.103963E-13 -1.105286E-13 -1.105250E-13 -1.105179E-13 -1.105286E-13 -1.104284E-13 -1.103390E-13 -1.102639E-13 -1.103176E-13 -1.103390E-13 -1.103605E-13 -1.103784E-13 -1.102496E-13 -1.103283E-13 -1.103140E-13 -1.104535E-13
0.000000E+00  -1.704814E-14 -1.712324E-14 -1.728775E-14 -1.732709E-14 -1.709821E-14 -1.716973E-14 -1.712324E-14 -1.717688E-14 -1.726271E-14 -1.704098E-14 -1.707675E-14 -1.720907E-14 -1.726271E-14 -1.714470E-14 -1.697661E-14 -1.704456E-14 -1.724841E-14 -1.731993E-14 -1.723768E-14 -1.725198E-14
0.000000E+00  3.658608E-13  3.663901E-13  3.652278E-13  3.644160E-13  3.652314E-13  3.651885E-13  3.649882E-13  3.652278E-13  3.651026E-13  3.650132E-13  3.650132E-13  3.638188E-13  3.635970E-13  3.646163E-13  3.644375E-13  3.647379E-13  3.647092E-13  3.643910E-13  3.638724E-13  3.635291E-13
0.000000E+00  3.665020E-11  3.658909E-11  3.645122E-11  3.647911E-11  3.661905E-11  3.653279E-11  3.655479E-11  3.656913E-11  3.656369E-11  3.657449E-11  3.650415E-11  3.638935E-11  3.642600E-11  3.656552E-11  3.648720E-11  3.650780E-11  3.650737E-11  3.648294E-11  3.643484E-11  3.634150E-11
0.000000E+00  1.047193E-10  1.045687E-10  1.041596E-10  1.042239E-10  1.046481E-10  1.043942E-10  1.044410E-10  1.044986E-10  1.044782E-10  1.045136E-10  1.043266E-10  1.039922E-10  1.040916E-10  1.044922E-10  1.042654E-10  1.043134E-10  1.043234E-10  1.042497E-10  1.041202E-10  1.038438E-10
0.000000E+00  8.767596E-09  8.754971E-09  8.719530E-09  8.725288E-09  8.760997E-09  8.739235E-09  8.743867E-09  8.748516E-09  8.746942E-09  8.749446E-09  8.734121E-09  8.705547E-09  8.713969E-09  8.748015E-09  8.728811E-09  8.733531E-09  8.734121E-09  8.728078E-09  8.716920E-09  8.693334E-09
Gas           Sam
0.000000E+00  -1.063765E-13 -1.063443E-13 -1.062907E-13 -1.061798E-13 -1.060546E-13 -1.060225E-13 -1.059295E-13 -1.058794E-13 -1.056684E-13 -1.057685E-13 -1.055754E-13 -1.055361E-13 -1.055432E-13 -1.053501E-13 -1.054789E-13 -1.053680E-13 -1.053966E-13 -1.053501E-13 -1.053859E-13 -1.053358E-13
0.000000E+00  -1.521708E-14 -1.527073E-14 -1.527788E-14 -1.539232E-14 -1.531364E-14 -1.538159E-14 -1.529218E-14 -1.518132E-14 -1.525284E-14 -1.529934E-14 -1.529934E-14 -1.525284E-14 -1.539947E-14 -1.533152E-14 -1.524569E-14 -1.511694E-14 -1.520277E-14 -1.505257E-14 -1.520277E-14 -1.532794E-14
0.000000E+00  3.825799E-13  3.819112E-13  3.816930E-13  3.826801E-13  3.824047E-13  3.825406E-13  3.833488E-13  3.837708E-13  3.836349E-13  3.824941E-13  3.829769E-13  3.830484E-13  3.825549E-13  3.832988E-13  3.839210E-13  3.840498E-13  3.830770E-13  3.832630E-13  3.833631E-13  3.829983E-13
0.000000E+00  3.724941E-11  3.706426E-11  3.710178E-11  3.723070E-11  3.707256E-11  3.716018E-11  3.718396E-11  3.719037E-11  3.711122E-11  3.704878E-11  3.715439E-11  3.703483E-11  3.707088E-11  3.712892E-11  3.714609E-11  3.715071E-11  3.698030E-11  3.711333E-11  3.697561E-11  3.704134E-11
0.000000E+00  1.056165E-10  1.051101E-10  1.051863E-10  1.055683E-10  1.051209E-10  1.053587E-10  1.054281E-10  1.054578E-10  1.052292E-10  1.050540E-10  1.053387E-10  1.050282E-10  1.051087E-10  1.052900E-10  1.053333E-10  1.053426E-10  1.048630E-10  1.052182E-10  1.048609E-10  1.050125E-10
0.000000E+00  8.808472E-09  8.766468E-09  8.772853E-09  8.804878E-09  8.767184E-09  8.786979E-09  8.793005E-09  8.795651E-09  8.776965E-09  8.760711E-09  8.786049E-09  8.759799E-09  8.766325E-09  8.781257E-09  8.784779E-09  8.786406E-09  8.744958E-09  8.775320E-09  8.745065E-09  8.758207E-09
Gas           Ref
0.000000E+00  -1.101710E-13 -1.102854E-13 -1.104106E-13 -1.102961E-13 -1.103641E-13 -1.103605E-13 -1.103426E-13 -1.104034E-13 -1.104821E-13 -1.103569E-13 -1.105286E-13 -1.103068E-13 -1.103319E-13 -1.103176E-13 -1.104392E-13 -1.103140E-13 -1.101602E-13 -1.100064E-13 -1.101710E-13 -1.103283E-13
0.000000E+00  -1.783134E-14 -1.772405E-14 -1.768829E-14 -1.763107E-14 -1.779916E-14 -1.777412E-14 -1.780631E-14 -1.782061E-14 -1.766683E-14 -1.765610E-14 -1.762749E-14 -1.772048E-14 -1.768471E-14 -1.789214E-14 -1.775624E-14 -1.777055E-14 -1.791002E-14 -1.793506E-14 -1.792790E-14 -1.778127E-14
0.000000E+00  3.601709E-13  3.606001E-13  3.605178E-13  3.593484E-13  3.591589E-13  3.600673E-13  3.596345E-13  3.599707E-13  3.600207E-13  3.590909E-13  3.588120E-13  3.595236E-13  3.591803E-13  3.590659E-13  3.580645E-13  3.580073E-13  3.584472E-13  3.588620E-13  3.596560E-13  3.595844E-13
0.000000E+00  3.613225E-11  3.616018E-11  3.613837E-11  3.598763E-11  3.609359E-11  3.611791E-11  3.609098E-11  3.611483E-11  3.608204E-11  3.595433E-11  3.601506E-11  3.608733E-11  3.601409E-11  3.605493E-11  3.592615E-11  3.599953E-11  3.603970E-11  3.605411E-11  3.606745E-11  3.605979E-11
0.000000E+00  1.032541E-10  1.033274E-10  1.032830E-10  1.028253E-10  1.031174E-10  1.032212E-10  1.031174E-10  1.032122E-10  1.031078E-10  1.027355E-10  1.029115E-10  1.031171E-10  1.029025E-10  1.030363E-10  1.026550E-10  1.028632E-10  1.029751E-10  1.030273E-10  1.030717E-10  1.030391E-10
0.000000E+00  8.642890E-09  8.649793E-09  8.646950E-09  8.608326E-09  8.632644E-09  8.642211E-09  8.632751E-09  8.640691E-09  8.632358E-09  8.600171E-09  8.615245E-09  8.632949E-09  8.615300E-09  8.626922E-09  8.593341E-09  8.611222E-09  8.621397E-09  8.624973E-09  8.628657E-09  8.626797E-09
Gas           Sam
0.000000E+00  -1.064409E-13 -1.063980E-13 -1.064266E-13 -1.062800E-13 -1.059760E-13 -1.061190E-13 -1.059188E-13 -1.057721E-13 -1.056863E-13 -1.055575E-13 -1.056720E-13 -1.055611E-13 -1.055504E-13 -1.056183E-13 -1.056362E-13 -1.055540E-13 -1.054574E-13 -1.054073E-13 -1.052464E-13 -1.052786E-13
0.000000E+00  -1.567127E-14 -1.562478E-14 -1.565696E-14 -1.543523E-14 -1.544239E-14 -1.553894E-14 -1.555325E-14 -1.566412E-14 -1.589657E-14 -1.591088E-14 -1.587869E-14 -1.585723E-14 -1.580717E-14 -1.592876E-14 -1.573206E-14 -1.568200E-14 -1.578213E-14 -1.583220E-14 -1.555683E-14 -1.563908E-14
0.000000E+00  3.776518E-13  3.767863E-13  3.767971E-13  3.778199E-13  3.777055E-13  3.771476E-13  3.780524E-13  3.783492E-13  3.774015E-13  3.780309E-13  3.789428E-13  3.780058E-13  3.786174E-13  3.784923E-13  3.780666E-13  3.789929E-13  3.778449E-13  3.786245E-13  3.785209E-13  3.782204E-13
0.000000E+00  3.683789E-11  3.667205E-11  3.672674E-11  3.685545E-11  3.667685E-11  3.668983E-11  3.679669E-11  3.671844E-11  3.665707E-11  3.674909E-11  3.673282E-11  3.664141E-11  3.676511E-11  3.662621E-11  3.667953E-11  3.671050E-11  3.663704E-11  3.674630E-11  3.658844E-11  3.663357E-11
0.000000E+00  1.044750E-10  1.039994E-10  1.041303E-10  1.044940E-10  1.040072E-10  1.040383E-10  1.043398E-10  1.041474E-10  1.039600E-10  1.041939E-10  1.041771E-10  1.038892E-10  1.042329E-10  1.038770E-10  1.039865E-10  1.041113E-10  1.038756E-10  1.042036E-10  1.037694E-10  1.038610E-10
0.000000E+00  8.713879E-09  8.673521E-09  8.684768E-09  8.714970E-09  8.674737E-09  8.676275E-09  8.702758E-09  8.686110E-09  8.668944E-09  8.689793E-09  8.689132E-09  8.664259E-09  8.693459E-09  8.662989E-09  8.672574E-09  8.683481E-09  8.662703E-09  8.690956E-09  8.654245E-09  8.662506E-09
Gas           Ref
0.000000E+00  -1.101960E-13 -1.101173E-13 -1.103176E-13 -1.102675E-13 -1.102961E-13 -1.103998E-13 -1.102675E-13 -1.102460E-13 -1.103211E-13 -1.101710E-13 -1.101674E-13 -1.103355E-13 -1.105465E-13 -1.102568E-13 -1.100780E-13 -1.101066E-13 -1.103641E-13 -1.102568E-13 -1.103891E-13 -1.102818E-13
0.000000E+00  -1.808526E-14 -1.817824E-14 -1.824977E-14 -1.824619E-14 -1.816394E-14 -1.819612E-14 -1.839640E-14 -1.826407E-14 -1.828553E-14 -1.807453E-14 -1.808526E-14 -1.824261E-14 -1.816751E-14 -1.809241E-14 -1.813533E-14 -1.829268E-14 -1.830699E-14 -1.832129E-14 -1.827122E-14 -1.832129E-14
0.000000E+00  3.547529E-13  3.549746E-13  3.540626E-13  3.542164E-13  3.547386E-13  3.540913E-13  3.538624E-13  3.544882E-13  3.537909E-13  3.537372E-13  3.528110E-13  3.536621E-13  3.538517E-13  3.529326E-13  3.530291E-13  3.524319E-13  3.532186E-13  3.524855E-13  3.529433E-13  3.532580E-13
0.000000E+00  3.570299E-11  3.563976E-11  3.553945E-11  3.562635E-11  3.570052E-11  3.550779E-11  3.557338E-11  3.566379E-11  3.551162E-11  3.557435E-11  3.551277E-11  3.558018E-11  3.559102E-11  3.546620E-11  3.553019E-11  3.548501E-11  3.557249E-11  3.543334E-11  3.555457E-11  3.547593E-11
0.000000E+00  1.020202E-10  1.018593E-10  1.015460E-10  1.017871E-10  1.020074E-10  1.014756E-10  1.016333E-10  1.018979E-10  1.014788E-10  1.016623E-10  1.014563E-10  1.016694E-10  1.017177E-10  1.013243E-10  1.015414E-10  1.013865E-10  1.016726E-10  1.012538E-10  1.015957E-10  1.013779E-10
0.000000E+00  8.541038E-09  8.528324E-09  8.500822E-09  8.521171E-09  8.541575E-09  8.495422E-09  8.508726E-09  8.532312E-09  8.495101E-09  8.511319E-09  8.494010E-09  8.511122E-09  8.516039E-09  8.482673E-09  8.500716E-09  8.487483E-09  8.512052E-09  8.476522E-09  8.504757E-09  8.487644E-09
Gas           Sam
0.000000E+00  -1.064659E-13 -1.063336E-13 -1.062692E-13 -1.061834E-13 -1.060439E-13 -1.060725E-13 -1.061226E-13 -1.060868E-13 -1.058651E-13 -1.058007E-13 -1.056434E-13 -1.057256E-13 -1.057256E-13 -1.055540E-13 -1.057185E-13 -1.055218E-13 -1.054574E-13 -1.054574E-13 -1.055647E-13 -1.055683E-13
0.000000E+00  -1.601101E-14 -1.611830E-14 -1.606824E-14 -1.595379E-14 -1.589300E-14 -1.594664E-14 -1.600029E-14 -1.590373E-14 -1.594306E-14 -1.611830E-14 -1.603963E-14 -1.633646E-14 -1.618268E-14 -1.622559E-14 -1.622559E-14 -1.627924E-14 -1.651169E-14 -1.639368E-14 -1.634719E-14 -1.618268E-14
0.000000E+00  3.722516E-13  3.724197E-13  3.730635E-13  3.725842E-13  3.729311E-13  3.743294E-13  3.742865E-13  3.730027E-13  3.730098E-13  3.738574E-13  3.733889E-13  3.729240E-13  3.739396E-13  3.735248E-13  3.734354E-13  3.747050E-13  3.742901E-13  3.735999E-13  3.734640E-13  3.739074E-13
0.000000E+00  3.630216E-11  3.639250E-11  3.643005E-11  3.625992E-11  3.643259E-11  3.643770E-11  3.640895E-11  3.624719E-11  3.631006E-11  3.639114E-11  3.628614E-11  3.624526E-11  3.640365E-11  3.621329E-11  3.628903E-11  3.634279E-11  3.631800E-11  3.619226E-11  3.626500E-11  3.630431E-11
0.000000E+00  1.029408E-10  1.031793E-10  1.033116E-10  1.028439E-10  1.033016E-10  1.033174E-10  1.032641E-10  1.027891E-10  1.029722E-10  1.031836E-10  1.029061E-10  1.027752E-10  1.032197E-10  1.026790E-10  1.028893E-10  1.030620E-10  1.029858E-10  1.026243E-10  1.028342E-10  1.029569E-10
0.000000E+00  8.584919E-09  8.605536E-09  8.617034E-09  8.576818E-09  8.615800E-09  8.617606E-09  8.613350E-09  8.572080E-09  8.587297E-09  8.605965E-09  8.582755E-09  8.571293E-09  8.608952E-09  8.563514E-09  8.580914E-09  8.595826E-09  8.589067E-09  8.558830E-09  8.575692E-09  8.586492E-09
Gas           Ref
0.000000E+00  -1.102174E-13 -1.103641E-13 -1.102103E-13 -1.102353E-13 -1.105035E-13 -1.104785E-13 -1.103498E-13 -1.102961E-13 -1.102532E-13 -1.102139E-13 -1.100637E-13 -1.103104E-13 -1.103927E-13 -1.103390E-13 -1.103712E-13 -1.104141E-13 -1.105143E-13 -1.105679E-13 -1.104106E-13 -1.103247E-13
0.000000E+00  -1.861455E-14 -1.855018E-14 -1.870395E-14 -1.866819E-14 -1.870395E-14 -1.880409E-14 -1.875760E-14 -1.855375E-14 -1.861812E-14 -1.870753E-14 -1.876118E-14 -1.882555E-14 -1.871111E-14 -1.874687E-14 -1.890780E-14 -1.896860E-14 -1.899363E-14 -1.886489E-14 -1.895787E-14 -1.885774E-14
0.000000E+00  3.489843E-13  3.496853E-13  3.494957E-13  3.493312E-13  3.484443E-13  3.481654E-13  3.489772E-13  3.490845E-13  3.491667E-13  3.488019E-13  3.473285E-13  3.476647E-13  3.475502E-13  3.470353E-13  3.479901E-13  3.473071E-13  3.465847E-13  3.479258E-13  3.478614E-13  3.466526E-13
0.000000E+00  3.518289E-11  3.518875E-11  3.522194E-11  3.521640E-11  3.504906E-11  3.511337E-11  3.515950E-11  3.516977E-11  3.518947E-11  3.510643E-11  3.499006E-11  3.509946E-11  3.499714E-11  3.507717E-11  3.513708E-11  3.496045E-11  3.500247E-11  3.518808E-11  3.498577E-11  3.495247E-11
0.000000E+00  1.005168E-10  1.005625E-10  1.006541E-10  1.006251E-10  1.001520E-10  1.003358E-10  1.004724E-10  1.004975E-10  1.005590E-10  1.003372E-10  9.999142E-11  1.003040E-10  1.000032E-10  1.002210E-10  1.004084E-10  9.991703E-11  1.000125E-10  1.005497E-10  1.000043E-10  9.988091E-11
0.000000E+00  8.414795E-09  8.419248E-09  8.426454E-09  8.425077E-09  8.384504E-09  8.399382E-09  8.411218E-09  8.413544E-09  8.418300E-09  8.399828E-09  8.370574E-09  8.397128E-09  8.371487E-09  8.390209E-09  8.405872E-09  8.364405E-09  8.372595E-09  8.418496E-09  8.372166E-09  8.361902E-09
Gas           Sam
0.000000E+00  -1.066197E-13 -1.064087E-13 -1.063980E-13 -1.062478E-13 -1.061905E-13 -1.062549E-13 -1.061905E-13 -1.059688E-13 -1.059867E-13 -1.057971E-13 -1.058258E-13 -1.058794E-13 -1.056398E-13 -1.057077E-13 -1.058830E-13 -1.057793E-13 -1.056255E-13 -1.055039E-13 -1.055540E-13 -1.055897E-13
0.000000E+00  -1.673342E-14 -1.684786E-14 -1.686217E-14 -1.664044E-14 -1.665117E-14 -1.687290E-14 -1.679780E-14 -1.676919E-14 -1.659037E-14 -1.660110E-14 -1.654388E-14 -1.649381E-14 -1.651527E-14 -1.669408E-14 -1.645447E-14 -1.642229E-14 -1.667620E-14 -1.650454E-14 -1.661541E-14 -1.657964E-14
0.000000E+00  3.671197E-13  3.676776E-13  3.677741E-13  3.681568E-13  3.683964E-13  3.683678E-13  3.677956E-13  3.682319E-13  3.679458E-13  3.687075E-13  3.682605E-13  3.692440E-13  3.692547E-13  3.683392E-13  3.690258E-13  3.692440E-13  3.688506E-13  3.695408E-13  3.689507E-13  3.691903E-13
0.000000E+00  3.595733E-11  3.593931E-11  3.593677E-11  3.599682E-11  3.599843E-11  3.599077E-11  3.585648E-11  3.593051E-11  3.589085E-11  3.595465E-11  3.587258E-11  3.599496E-11  3.588302E-11  3.585355E-11  3.593892E-11  3.590559E-11  3.589894E-11  3.586707E-11  3.583227E-11  3.591227E-11
0.000000E+00  1.019530E-10  1.019273E-10  1.018958E-10  1.020778E-10  1.020928E-10  1.020492E-10  1.016644E-10  1.018922E-10  1.017502E-10  1.019659E-10  1.017177E-10  1.020753E-10  1.017653E-10  1.016526E-10  1.019283E-10  1.018160E-10  1.017778E-10  1.017299E-10  1.015990E-10  1.018296E-10
0.000000E+00  8.502378E-09  8.501323E-09  8.497961E-09  8.512678E-09  8.513948E-09  8.511373E-09  8.478542E-09  8.498498E-09  8.486446E-09  8.504649E-09  8.483084E-09  8.513251E-09  8.488001E-09  8.477773E-09  8.500662E-09  8.491506E-09  8.488342E-09  8.484551E-09  8.473536E-09  8.492561E-09
Gas           Ref
0.000000E+00  -1.105536E-13 -1.104499E-13 -1.103533E-13 -1.101960E-13 -1.103176E-13 -1.103569E-13 -1.103891E-13 -1.103998E-13 -1.105822E-13 -1.104499E-13 -1.103319E-13 -1.104284E-13 -1.105000E-13 -1.104570E-13 -1.103855E-13 -1.104427E-13 -1.104857E-13 -1.102890E-13 -1.103068E-13 -1.103605E-13
0.000000E+00  -1.913669E-14 -1.939775E-14 -1.933338E-14 -1.929762E-14 -1.910808E-14 -1.928689E-14 -1.927258E-14 -1.930835E-14 -1.927258E-14 -1.924398E-14 -1.932623E-14 -1.926543E-14 -1.919391E-14 -1.936199E-14 -1.949074E-14 -1.947643E-14 -1.935841E-14 -1.930119E-14 -1.929404E-14 -1.928331E-14
0.000000E+00  3.438810E-13  3.432015E-13  3.430191E-13  3.421572E-13  3.431586E-13  3.425291E-13  3.419641E-13  3.426257E-13  3.428903E-13  3.433088E-13  3.423932E-13  3.423790E-13  3.432373E-13  3.422716E-13  3.417602E-13  3.425113E-13  3.418747E-13  3.426936E-13  3.418103E-13  3.417710E-13
0.000000E+00  3.465406E-11  3.464016E-11  3.461920E-11  3.461608E-11  3.473704E-11  3.457102E-11  3.460757E-11  3.470692E-11  3.463447E-11  3.464588E-11  3.456501E-11  3.464323E-11  3.471325E-11  3.452121E-11  3.458294E-11  3.460139E-11  3.456001E-11  3.462492E-11  3.448974E-11  3.459266E-11
0.000000E+00  9.904763E-11  9.897753E-11  9.894178E-11  9.891567E-11  9.926042E-11  9.879336E-11  9.889135E-11  9.916565E-11  9.897861E-11  9.902832E-11  9.877262E-11  9.898755E-11  9.920142E-11  9.866461E-11  9.881303E-11  9.889851E-11  9.874616E-11  9.894571E-11  9.855912E-11  9.884629E-11
0.000000E+00  8.291986E-09  8.285280E-09  8.283206E-09  8.281078E-09  8.309510E-09  8.270796E-09  8.278914E-09  8.302357E-09  8.286692E-09  8.291289E-09  8.268203E-09  8.286621E-09  8.305200E-09  8.259817E-09  8.272191E-09  8.280273E-09  8.266272E-09  8.284315E-09  8.250679E-09  8.274998E-09
Gas           Sam
0.000000E+00  -1.065804E-13 -1.064945E-13 -1.065017E-13 -1.063944E-13 -1.062585E-13 -1.062120E-13 -1.062192E-13 -1.060761E-13 -1.060475E-13 -1.059867E-13 -1.057828E-13 -1.057077E-13 -1.056899E-13 -1.057507E-13 -1.057221E-13 -1.056791E-13 -1.058794E-13 -1.056720E-13 -1.055325E-13 -1.055683E-13
0.000000E+00  -1.706959E-14 -1.700165E-14 -1.703741E-14 -1.700522E-14 -1.698019E-14 -1.691581E-14 -1.703741E-14 -1.693370E-14 -1.700880E-14 -1.699092E-14 -1.709105E-14 -1.709463E-14 -1.720907E-14 -1.716615E-14 -1.696588E-14 -1.704456E-14 -1.713039E-14 -1.705529E-14 -1.689078E-14 -1.702310E-14
0.000000E+00  3.626207E-13  3.630749E-13  3.626386E-13  3.635005E-13  3.636435E-13  3.635184E-13  3.629426E-13  3.638938E-13  3.642014E-13  3.642622E-13  3.634397E-13  3.644053E-13  3.635970E-13  3.637043E-13  3.647379E-13  3.647772E-13  3.637937E-13  3.645090E-13  3.643409E-13  3.642765E-13
0.000000E+00  3.559756E-11  3.551484E-11  3.553762E-11  3.565077E-11  3.557743E-11  3.549649E-11  3.551591E-11  3.557839E-11  3.560035E-11  3.549331E-11  3.550540E-11  3.558247E-11  3.543037E-11  3.552879E-11  3.554166E-11  3.549857E-11  3.549031E-11  3.550161E-11  3.553687E-11  3.543294E-11
0.000000E+00  1.009298E-10  1.007285E-10  1.007753E-10  1.010897E-10  1.008726E-10  1.006838E-10  1.006945E-10  1.008866E-10  1.009398E-10  1.006570E-10  1.006584E-10  1.009291E-10  1.004721E-10  1.007324E-10  1.007989E-10  1.006731E-10  1.006087E-10  1.006784E-10  1.007557E-10  1.004742E-10
0.000000E+00  8.417352E-09  8.400829E-09  8.404621E-09  8.430995E-09  8.413239E-09  8.396610E-09  8.397736E-09  8.413669E-09  8.418407E-09  8.395108E-09  8.395054E-09  8.417442E-09  8.378710E-09  8.400829E-09  8.407357E-09  8.396216E-09  8.390745E-09  8.397003E-09  8.403243E-09  8.379873E-09
Gas           Ref
0.000000E+00  -1.104570E-13 -1.102460E-13 -1.103963E-13 -1.104320E-13 -1.102854E-13 -1.102961E-13 -1.103033E-13 -1.100744E-13 -1.101209E-13 -1.102925E-13 -1.102675E-13 -1.102174E-13 -1.104106E-13 -1.105357E-13 -1.105465E-13 -1.104535E-13 -1.103140E-13 -1.103104E-13 -1.103247E-13 -1.104070E-13
0.000000E+00  -1.971962E-14 -1.974465E-14 -1.972320E-14 -1.960518E-14 -1.962306E-14 -1.966240E-14 -1.963736E-14 -1.963021E-14 -1.951935E-14 -1.950862E-14 -1.960518E-14 -1.958372E-14 -1.954080E-14 -1.964809E-14 -1.977326E-14 -1.979472E-14 -1.974108E-14 -1.975538E-14 -1.953365E-14 -1.967313E-14
0.000000E+00  3.381303E-13  3.383306E-13  3.377191E-13  3.383377E-13  3.374401E-13  3.370753E-13  3.381733E-13  3.373078E-13  3.378192E-13  3.379193E-13  3.369251E-13  3.378657E-13  3.373829E-13  3.376404E-13  3.374222E-13  3.370538E-13  3.375188E-13  3.365389E-13  3.375581E-13  3.375080E-13
0.000000E+00  3.423747E-11  3.421136E-11  3.421046E-11  3.430130E-11  3.412274E-11  3.420063E-11  3.423307E-11  3.414845E-11  3.423839E-11  3.416480E-11  3.412632E-11  3.424419E-11  3.416336E-11  3.423868E-11  3.405307E-11  3.412385E-11  3.414133E-11  3.407292E-11  3.421837E-11  3.412653E-11
0.000000E+00  9.782347E-11  9.778198E-11  9.777198E-11  9.801946E-11  9.752843E-11  9.771368E-11  9.784708E-11  9.759030E-11  9.784493E-11  9.764502E-11  9.750983E-11  9.787676E-11  9.761820E-11  9.783027E-11  9.733138E-11  9.749804E-11  9.759173E-11  9.735856E-11  9.778842E-11  9.752235E-11
0.000000E+00  8.189668E-09  8.185913E-09  8.184357E-09  8.205904E-09  8.164562E-09  8.180030E-09  8.191778E-09  8.169748E-09  8.191439E-09  8.174594E-09  8.163401E-09  8.194210E-09  8.172341E-09  8.190938E-09  8.148129E-09  8.162291E-09  8.170661E-09  8.150132E-09  8.187272E-09  8.164044E-09
Gas           Sam
0.000000E+00  -1.065517E-13 -1.065696E-13 -1.063837E-13 -1.064230E-13 -1.063586E-13 -1.063157E-13 -1.061619E-13 -1.062335E-13 -1.061298E-13 -1.061226E-13 -1.059974E-13 -1.061405E-13 -1.060654E-13 -1.059152E-13 -1.059188E-13 -1.058436E-13 -1.057793E-13 -1.057864E-13 -1.057864E-13 -1.058222E-13
0.000000E+00  -1.770260E-14 -1.753809E-14 -1.762392E-14 -1.749517E-14 -1.739861E-14 -1.744153E-14 -1.742365E-14 -1.718046E-14 -1.738788E-14 -1.718761E-14 -1.732709E-14 -1.758458E-14 -1.753809E-14 -1.750590E-14 -1.743437E-14 -1.735570E-14 -1.745226E-14 -1.741649E-14 -1.752736E-14 -1.766683E-14
0.000000E+00  3.577498E-13  3.585759E-13  3.586439E-13  3.583113E-13  3.588442E-13  3.591839E-13  3.586904E-13  3.594020E-13  3.592876E-13  3.596703E-13  3.592375E-13  3.586474E-13  3.599063E-13  3.593019E-13  3.592519E-13  3.603104E-13  3.600529E-13  3.601888E-13  3.594020E-13  3.593627E-13
0.000000E+00  3.519934E-11  3.518729E-11  3.523875E-11  3.509667E-11  3.518246E-11  3.518547E-11  3.509685E-11  3.524680E-11  3.513919E-11  3.523407E-11  3.507307E-11  3.511322E-11  3.523257E-11  3.503655E-11  3.516265E-11  3.516343E-11  3.513357E-11  3.518618E-11  3.507246E-11  3.501910E-11
0.000000E+00  9.980581E-11  9.980546E-11  9.992276E-11  9.951970E-11  9.976111E-11  9.979902E-11  9.951041E-11  9.996352E-11  9.964988E-11  9.990701E-11  9.948287E-11  9.955010E-11  9.991775E-11  9.936056E-11  9.969638E-11  9.971175E-11  9.961591E-11  9.979258E-11  9.945140E-11  9.931801E-11
0.000000E+00  8.323582E-09  8.324566E-09  8.333309E-09  8.299728E-09  8.320059E-09  8.323493E-09  8.299263E-09  8.336635E-09  8.310403E-09  8.332576E-09  8.296689E-09  8.302267E-09  8.332898E-09  8.286335E-09  8.314695E-09  8.316948E-09  8.308347E-09  8.322366E-09  8.294506E-09  8.283099E-09
Gas           Ref
0.000000E+00  -1.101674E-13 -1.103033E-13 -1.105393E-13 -1.104463E-13 -1.102460E-13 -1.101602E-13 -1.102854E-13 -1.103033E-13 -1.103104E-13 -1.103641E-13 -1.105286E-13 -1.105465E-13 -1.105643E-13 -1.104606E-13 -1.104964E-13 -1.103927E-13 -1.102747E-13 -1.102210E-13 -1.103462E-13 -1.104177E-13
0.000000E+00  -2.010943E-14 -2.007725E-14 -2.027394E-14 -2.025249E-14 -2.014520E-14 -2.043130E-14 -2.017381E-14 -2.009155E-14 -2.020957E-14 -2.008440E-14 -2.008798E-14 -2.024891E-14 -2.014162E-14 -2.031328E-14 -2.038481E-14 -2.032759E-14 -2.012374E-14 -2.030255E-14 -2.025964E-14 -2.039554E-14
0.000000E+00  3.336886E-13  3.336170E-13  3.328124E-13  3.330770E-13  3.329840E-13  3.320685E-13  3.326264E-13  3.321686E-13  3.322402E-13  3.331164E-13  3.321150E-13  3.320757E-13  3.324834E-13  3.312352E-13  3.322008E-13  3.313032E-13  3.317395E-13  3.318325E-13  3.315536E-13  3.312674E-13
0.000000E+00  3.386922E-11  3.374244E-11  3.375123E-11  3.384822E-11  3.375563E-11  3.371576E-11  3.383241E-11  3.365153E-11  3.375903E-11  3.379927E-11  3.364345E-11  3.375821E-11  3.373367E-11  3.363980E-11  3.377044E-11  3.360343E-11  3.372885E-11  3.362274E-11  3.372824E-11  3.358408E-11
0.000000E+00  9.676919E-11  9.644196E-11  9.644875E-11  9.672162E-11  9.647486E-11  9.633538E-11  9.668980E-11  9.618697E-11  9.647379E-11  9.660039E-11  9.614513E-11  9.645554E-11  9.641871E-11  9.613297E-11  9.652278E-11  9.604213E-11  9.637938E-11  9.610292E-11  9.636685E-11  9.598813E-11
0.000000E+00  8.101835E-09  8.073654E-09  8.074298E-09  8.097596E-09  8.076873E-09  8.064731E-09  8.094915E-09  8.052375E-09  8.076246E-09  8.087601E-09  8.048101E-09  8.075102E-09  8.072187E-09  8.047278E-09  8.081128E-09  8.039750E-09  8.068342E-09  8.045150E-09  8.067735E-09  8.035673E-09
 Gas          
0.000000E+00  0.000000E+00  0.000000E+00  0.000000E+00  0.000000E+00  0.000000E+00  0.000000E+00  0.000000E+00  0.000000E+00  0.000000E+00  0.000000E+00  0.000000E+00  0.000000E+00  0.000000E+00  0.000000E+00  0.000000E+00  0.000000E+00  0.000000E+00  0.000000E+00  0.000000E+00  0.000000E+00
0.000000E+00  0.000000E+00  0.000000E+00  0.000000E+00  0.000000E+00  0.000000E+00  0.000000E+00  0.000000E+00  0.000000E+00  0.000000E+00  0.000000E+00  0.000000E+00  0.000000E+00  0.000000E+00  0.000000E+00  0.000000E+00  0.000000E+00  0.000000E+00  0.000000E+00  0.000000E+00  0.000000E+00
0.000000E+00  0.000000E+00  0.000000E+00  0.000000E+00  0.000000E+00  0.000000E+00  0.000000E+00  0.000000E+00  0.000000E+00  0.000000E+00  0.000000E+00  0.000000E+00  0.000000E+00  0.000000E+00  0.000000E+00  0.000000E+00  0.000000E+00  0.000000E+00  0.000000E+00  0.000000E+00  0.000000E+00
0.000000E+00  0.000000E+00  0.000000E+00  0.000000E+00  0.000000E+00  0.000000E+00  0.000000E+00  0.000000E+00  0.000000E+00  0.000000E+00  0.000000E+00  0.000000E+00  0.000000E+00  0.000000E+00  0.000000E+00  0.000000E+00  0.000000E+00  0.000000E+00  0.000000E+00  0.000000E+00  0.000000E+00
0.000000E+00  0.000000E+00  0.000000E+00  0.000000E+00  0.000000E+00  0.000000E+00  0.000000E+00  0.000000E+00  0.000000E+00  0.000000E+00  0.000000E+00  0.000000E+00  0.000000E+00  0.000000E+00  0.000000E+00  0.000000E+00  0.000000E+00  0.000000E+00  0.000000E+00  0.000000E+00  0.000000E+00
0.000000E+00  0.000000E+00  0.000000E+00  0.000000E+00  0.000000E+00  0.000000E+00  0.000000E+00  0.000000E+00  0.000000E+00  0.000000E+00  0.000000E+00  0.000000E+00  0.000000E+00  0.000000E+00  0.000000E+00  0.000000E+00  0.000000E+00  0.000000E+00  0.000000E+00  0.000000E+00  0.000000E+00
End of Analysis
"H3 factor",13.13339
"Linearity factor (0)",52.88039
"Linearity factor (1)",18.00761
"Linearity factor (2)",-.1321419
"Linearity factor (3)",9.804096E-04
"Linearity factor (4)",-7.965973E-02
"Linearity factor (5)",0
"Collector Gains :",500,5000,5000,5000,500,500,50,500,1,5
"Number of deflectors available : ",33
"Source HT",8000
"Extraction V",780
"H Defl",310
"Trap",850
"Trap Voltage",24
"Repeller",4
"Filament V",-110
"Delta HP",19
"Z Lens",110
"Delta Z",130
"Max Current",3.5
"Heater Current",1
"Quad 1",120
"Cubic 1",50
"Lin 1",0
"Deflect 1 I",5
"Deflect 1 O",5
"Offset 1",0
"Offset 2",0
"Quad 2",-620
"Cubic 2",0
"Lin 2",0
"Q1 I Cor",0
"Q1 O Cor",0
"Suppressor",-100
"Mop Plate",-15
"ESA H1",790
"ESA H1 delta",0
"ESA H2",800
"ESA H2 delta",0
"ESA H3",820
"ESA H3 delta",0
"ESA HD",0
"ESA HD delta",0
"Batch Started: ","13:02:19 15:29:56"
"Data File: ","C:\Nu Stable\Results\2019\201902013 standard PD4 BSS WNI ZE NTA\Data_9301 WNI-5.txt"
"Sample Name: ","WNI-5"
"Sample Weight: ",81
"Sample Type: ","Sam"
"Vial Number: ",24
"Sam Beam First CO: ","8.771858e-09"
"Sam Beam Last CO: ","8.308880e-09"
"Ref Beam First CO: ","8.730433e-09"
"Ref Beam Second CO: ","8.622071e-09"
"Ref BeamLast CO: ","8.064820e-09"
"Sam Depletion: ","5 %"
"Ref Depletion: ","8 %"
"Observed CP Temperature: ",70.254
"Std Dev: ","0.000e00"
"Min: ","70.254"
"Max: ","70.254"
"Ave Started: ","14:02:19 06:25:16"
"Ave Stopped: ","14:02:19 06:27:48"
"Num: ",5
"Current Mass: ",46.03193
"Method File Name","C:\Nu Stable\Analyses\DI\040216 12-12-20 6 collectors.rdf"
"Version 6"
"Analysis Type","DI"
"Analysis Calculation Routine ","Clumped CO2 Iterative"
"Gas ID ","CO2"
"Ref Gas Identifier ","AirLiquide01"
"Centring collector ",8
"Num of Ref/Sam cycles ",6
"Cycles length(secs) ",20
"C/O valve stabilisation time ",12
"Offset for zero measurement(amu) ",0
"Zero measurement time ",20
"Spare",0
"Spare",0
0
-1
-1
-1
-1
0
-1
0
-1
0
"Num Clumped Blocks","1"
"Do zero at start of block",#FALSE#
"Balance beams",#FALSE#
"Mag Hysteresis Offset",.001
"Apply Hysteresis Offset",#FALSE#
"Target Beam (A) ",.00000005
"Use CF with Bellows ",#FALSE#
"DI Auto Gas balancing: ","True"
"Pirani pressure",3.248841E-02
"Cold finger status","CF"
"Inlet transducer pressure",2.685443
"Sample operations:  InitialisePrepSampleRun; CheckIfCFRequired; UseCF; SampleTrapped; BalanceRefToSamValue; DepletingBalance; SampleReady;"
"Number of sample chops",0
"Number of sample double chops",0
"Run from bellows",#FALSE#
"Max sample pump-over pressure (mBar)","0.000000e00"
"Max sample pump-over pressure (raw)",0
"Pre-balance Sam Beam","9.054253e-09"
"Min ref beam","3.595988e-09"
"Max ref beam","2.197845e-08"
"Ref bellows position",3974
"Sam bellows position",8448
"Balance %",.4793792
"Initial Sam Beam","9.416029e-09"
"Final Ref Beam","9.041878e-09"
"Final Sam Beam","9.085223e-09"
"Pre-depleted Ref Beam",9.092519E-09
"InletPiraniPressure",3.248841E-02
"Depletion Factor",.96
"Balance End","14/02/19 07:08:15"
"Water Trap Temperature Hot",-195.1766
"Water Trap Temperature Cold",-195.1766
"DP Version",25
"Num Gas Cycles ",1
"UseFrontHeightThreshold(1)",#TRUE#
"FrontHeightThreshold(1)",2
"UseBackHeightThreshold(1)",#TRUE#
"BackHeightThreshold(1)",2.7
"UsePeakWidthLimit(1)",#FALSE#
"PeakWidthLimit(1)",6
"RefGasFrontHeightThreshold(1)",40
"RefGasBackHeightThreshold(1)",10
"Measure_Elemental_Comp",#TRUE#
"Use_TCD_For_Elem_Calcs",#FALSE#
"Sample_Name","WNI-5"
"Sample_Type","Sam"
"Sample_Weight",81
"Sample_Vial",24
"Standard_Type",""
"NoAnalysisCycles",1
"Gas1","CO2"
"Ref Gas1","AirLiquide01"
"Analysis_Routine1","Clumped CO2 Iterative"
"ZeroWidth1",10
"NoZeros1",1
"ZeroTime1",10
"Delta wrt Std 1",#FALSE#
"AllowLinearityCorrection",#FALSE#
"Num Collectors",6
"LinearityFactor(Cent)",52880.39
"LinearityFactor(Low2)",18007.61
"LinearityFactor(Low4)",-132.1419
"LinearityFactor()",.9804096
"LinearityFactor()",-79.65973
"LinearityFactor()",0
"UseH3Factor",#FALSE#
"H3Factor",0
"Axial Mass",46
"Anal Start",0
"Anal End",0
"Calc Linearity Correction from Ref Peaks",#FALSE#
"Temperature",25
"Std Temperature",25
"A_Factor",1.01025
"K_Factor",.04
"TemperatureCorrectionEnabled",#FALSE#
"GC ZeroMethod","Lowest Peak Limit"
"GC AllowZeroToCutPoints",#FALSE#
"GC UseIsotopicShift",#TRUE#
"GC InterpolatePeakHeight",#TRUE#
"GC NumZeroPoints",10
"GC Min Peak Height",.0000000001
"GC No UserPeaks",0
"SmoothingInterval",10
"DropFactor",1
"GradientRejectfactor",10
"SectionSize",100
"BackgroundStartTime",1
"CutOffTime",1000
"UseNewBackgroundCalcn",#FALSE#
"GC Label File","None.lab"
"GC No User Defined Background Points",0
"GC No Auto-detected Peaks to be Removed",0
"GC No Auto-calculated Background Points to Remove",0
"GC Std Peak In Sample",#FALSE#
"GC Std Peak Time",0
"Max Gap For Grouping EA Ref Pulses",20
"Group EA Ref Peaks",#FALSE#
"Use Defined Peak Limits (1)",#FALSE#
"Peak Start (1)",0
"Peak End (1)",0
"DP Version",25
"Num Gas Cycles ",1
"UseFrontHeightThreshold(1)",#TRUE#
"FrontHeightThreshold(1)",2
"UseBackHeightThreshold(1)",#TRUE#
"BackHeightThreshold(1)",2.7
"UsePeakWidthLimit(1)",#FALSE#
"PeakWidthLimit(1)",6
"RefGasFrontHeightThreshold(1)",40
"RefGasBackHeightThreshold(1)",10
"Measure_Elemental_Comp",#TRUE#
"Use_TCD_For_Elem_Calcs",#FALSE#
"Sample_Name","WNI-5"
"Sample_Type","Sam"
"Sample_Weight",81
"Sample_Vial",24
"Standard_Type",""
"NoAnalysisCycles",1
"Gas1","CO2"
"Ref Gas1","AirLiquide01"
"Analysis_Routine1","Clumped CO2 Iterative"
"ZeroWidth1",10
"NoZeros1",1
"ZeroTime1",10
"Delta wrt Std 1",#FALSE#
"AllowLinearityCorrection",#FALSE#
"Num Collectors",6
"LinearityFactor(Cent)",52880.39
"LinearityFactor(Low2)",18007.61
"LinearityFactor(Low4)",-132.1419
"LinearityFactor()",.9804096
"LinearityFactor()",-79.65973
"LinearityFactor()",0
"UseH3Factor",#FALSE#
"H3Factor",0
"Axial Mass",46
"Anal Start",0
"Anal End",0
"Calc Linearity Correction from Ref Peaks",#FALSE#
"Temperature",25
"Std Temperature",25
"A_Factor",1.01025
"K_Factor",.04
"TemperatureCorrectionEnabled",#FALSE#
"GC ZeroMethod","Lowest Peak Limit"
"GC AllowZeroToCutPoints",#FALSE#
"GC UseIsotopicShift",#TRUE#
"GC InterpolatePeakHeight",#TRUE#
"GC NumZeroPoints",10
"GC Min Peak Height",.0000000001
"GC No UserPeaks",0
"SmoothingInterval",10
"DropFactor",1
"GradientRejectfactor",10
"SectionSize",100
"BackgroundStartTime",1
"CutOffTime",1000
"UseNewBackgroundCalcn",#FALSE#
"GC Label File","None.lab"
"GC No User Defined Background Points",0
"GC No Auto-detected Peaks to be Removed",0
"GC No Auto-calculated Background Points to Remove",0
"GC Std Peak In Sample",#FALSE#
"GC Std Peak Time",0
"Max Gap For Grouping EA Ref Pulses",20
"Group EA Ref Peaks",#FALSE#
"Use Defined Peak Limits (1)",#FALSE#
"Peak Start (1)",0
"Peak End (1)",0
"End of Data file"


