"Clumped CO2 Iterative Analysis,         Data File Version 10"
"Started analysis at 3:29:56 PM on the Wednesday, February 13, 2019"
"UTC FileTimeLow",-505841152," UTC FileTimeHigh",30720986
"Time Zone ","Eastern Daylight Time"
"CO Disabled",#FALSE#
"Persective Instrument","PS019"
"User logged in",#FALSE#
"Software Version","Stable 1.69.5"
"Axial Mass is :",46
"No_C_O_Cycles",6
"Num Blocks",1
0
-1
-1
-1
-1
0
-1
0
-1
0
"Sample Name is ","ETH-01"
Zero Data
-1.221956590818E-13, -6.044435344767E-14, -6.623810929005E-14, -4.186217040061E-14, 1.066268509711E-13, 4.090372658638E-12, Measured at start of run
Individual Data
No_C_O_Cycles                6 
Cycle_Length   20 
Zero_Measurement_Length      20 
Axial_Mass     46 
 Gas          Bla
0.000000E+00  -1.220800E-13 -1.219870E-13 -1.220549E-13 -1.222337E-13 -1.222230E-13 -1.222588E-13 -1.222552E-13 -1.221908E-13 -1.222016E-13 -1.221730E-13 -1.221694E-13 -1.222051E-13 -1.221551E-13 -1.222802E-13 -1.222945E-13 -1.222266E-13 -1.222266E-13 -1.222159E-13 -1.222123E-13 -1.222695E-13
0.000000E+00  -6.038553E-14 -6.053930E-14 -6.043201E-14 -6.042486E-14 -6.036765E-14 -6.038195E-14 -6.043559E-14 -6.040698E-14 -6.035334E-14 -6.044275E-14 -6.051069E-14 -6.043916E-14 -6.037837E-14 -6.044275E-14 -6.052142E-14 -6.043559E-14 -6.049281E-14 -6.038553E-14 -6.061441E-14 -6.049639E-14
0.000000E+00  -6.626851E-14 -6.611831E-14 -6.626851E-14 -6.629712E-14 -6.628282E-14 -6.624347E-14 -6.630427E-14 -6.639725E-14 -6.638295E-14 -6.630427E-14 -6.618983E-14 -6.630785E-14 -6.634003E-14 -6.626135E-14 -6.612188E-14 -6.605036E-14 -6.606823E-14 -6.598598E-14 -6.623275E-14 -6.633646E-14
0.000000E+00  -4.084114E-14 -4.130606E-14 -4.127029E-14 -4.123453E-14 -4.127029E-14 -4.173521E-14 -4.162792E-14 -4.127029E-14 -4.209284E-14 -4.180674E-14 -4.230742E-14 -4.173521E-14 -4.162792E-14 -4.245047E-14 -4.234318E-14 -4.234318E-14 -4.230742E-14 -4.234318E-14 -4.277233E-14 -4.255776E-14
0.000000E+00  1.105071E-13  1.094342E-13  1.076461E-13  1.094342E-13  1.065732E-13  1.090766E-13  1.094342E-13  1.047851E-13  1.055003E-13  1.069308E-13  1.069308E-13  1.055003E-13  1.083614E-13  1.040698E-13  1.065732E-13  1.033546E-13  1.040698E-13  1.058579E-13  1.047851E-13  1.037122E-13
0.000000E+00  4.309420E-12  4.291538E-12  4.255776E-12  4.184250E-12  4.220013E-12  4.166369E-12  4.112724E-12  4.094843E-12  4.184250E-12  4.130606E-12  4.059080E-12  4.076961E-12  4.023317E-12  3.951792E-12  3.969673E-12  3.969673E-12  3.969673E-12  3.933910E-12  3.898147E-12  4.005436E-12
Gas           Ref
0.000000E+00  -1.209570E-13 -1.212252E-13 -1.212324E-13 -1.212324E-13 -1.214112E-13 -1.212288E-13 -1.212574E-13 -1.212288E-13 -1.212360E-13 -1.211930E-13 -1.212968E-13 -1.212395E-13 -1.212467E-13 -1.213361E-13 -1.213933E-13 -1.213361E-13 -1.213111E-13 -1.214291E-13 -1.214434E-13 -1.213289E-13
0.000000E+00  -5.360847E-15 -5.185609E-15 -5.432373E-15 -5.339389E-15 -5.339389E-15 -5.353694E-15 -5.171304E-15 -5.232101E-15 -5.342965E-15 -5.360847E-15 -5.267863E-15 -5.489593E-15 -5.471712E-15 -5.579000E-15 -5.761390E-15 -5.557542E-15 -5.607610E-15 -5.632644E-15 -5.639797E-15 -5.478864E-15
0.000000E+00  5.164724E-13  5.162864E-13  5.159001E-13  5.160754E-13  5.162899E-13  5.162077E-13  5.160468E-13  5.157178E-13  5.153029E-13  5.145233E-13  5.141407E-13  5.139511E-13  5.145268E-13  5.135970E-13  5.126242E-13  5.124955E-13  5.129211E-13  5.134861E-13  5.140334E-13  5.140155E-13
0.000000E+00  4.998931E-11  4.999135E-11  4.998498E-11  4.999138E-11  4.996620E-11  4.998101E-11  4.996385E-11  4.996184E-11  4.981364E-11  4.981811E-11  4.979211E-11  4.982544E-11  4.985466E-11  4.965181E-11  4.968103E-11  4.970102E-11  4.970871E-11  4.977061E-11  4.981171E-11  4.981550E-11
0.000000E+00  1.427670E-10  1.427988E-10  1.427841E-10  1.428042E-10  1.427376E-10  1.427555E-10  1.426997E-10  1.426983E-10  1.422978E-10  1.422995E-10  1.422259E-10  1.423067E-10  1.424133E-10  1.418514E-10  1.419090E-10  1.419494E-10  1.419838E-10  1.421654E-10  1.422792E-10  1.422917E-10
0.000000E+00  1.195349E-08  1.195585E-08  1.195431E-08  1.195605E-08  1.195072E-08  1.195292E-08  1.194881E-08  1.194814E-08  1.191454E-08  1.191454E-08  1.190796E-08  1.191492E-08  1.192327E-08  1.187592E-08  1.187985E-08  1.188563E-08  1.188720E-08  1.190251E-08  1.191299E-08  1.191267E-08
Gas           Sam
0.000000E+00  -1.157535E-13 -1.158715E-13 -1.157499E-13 -1.154317E-13 -1.155103E-13 -1.152993E-13 -1.151527E-13 -1.151813E-13 -1.151384E-13 -1.149775E-13 -1.149095E-13 -1.148094E-13 -1.148308E-13 -1.149381E-13 -1.148523E-13 -1.149381E-13 -1.147522E-13 -1.147557E-13 -1.146556E-13 -1.146020E-13
0.000000E+00  -2.989772E-15 -2.996924E-15 -2.868178E-15 -2.707246E-15 -2.732279E-15 -2.793076E-15 -2.753737E-15 -3.021958E-15 -2.943280E-15 -3.104213E-15 -2.843144E-15 -2.782347E-15 -2.775195E-15 -2.678635E-15 -2.675059E-15 -2.864602E-15 -3.068450E-15 -3.107789E-15 -3.000501E-15 -2.743008E-15
0.000000E+00  5.345576E-13  5.347364E-13  5.357628E-13  5.369752E-13  5.366998E-13  5.364137E-13  5.360954E-13  5.355339E-13  5.355017E-13  5.361491E-13  5.371182E-13  5.376511E-13  5.379157E-13  5.384343E-13  5.372935E-13  5.364244E-13  5.356377E-13  5.356377E-13  5.358844E-13  5.367284E-13
0.000000E+00  5.046588E-11  5.047947E-11  5.056248E-11  5.059692E-11  5.051556E-11  5.049059E-11  5.042443E-11  5.040766E-11  5.043602E-11  5.051087E-11  5.053208E-11  5.052636E-11  5.053726E-11  5.055235E-11  5.039951E-11  5.037547E-11  5.030495E-11  5.034264E-11  5.036242E-11  5.045615E-11
0.000000E+00  1.431325E-10  1.431822E-10  1.434293E-10  1.435201E-10  1.432988E-10  1.432337E-10  1.430370E-10  1.429715E-10  1.430466E-10  1.432559E-10  1.433327E-10  1.433141E-10  1.433567E-10  1.433882E-10  1.429583E-10  1.428986E-10  1.426869E-10  1.427888E-10  1.428503E-10  1.431157E-10
0.000000E+00  1.192361E-08  1.192751E-08  1.194713E-08  1.195607E-08  1.193702E-08  1.193169E-08  1.191562E-08  1.190927E-08  1.191608E-08  1.193379E-08  1.194017E-08  1.193861E-08  1.194167E-08  1.194566E-08  1.190934E-08  1.190383E-08  1.188626E-08  1.189473E-08  1.189942E-08  1.192206E-08
Gas           Ref
0.000000E+00  -1.212360E-13 -1.212431E-13 -1.212216E-13 -1.211287E-13 -1.210357E-13 -1.212932E-13 -1.212288E-13 -1.210679E-13 -1.210536E-13 -1.212145E-13 -1.212538E-13 -1.211001E-13 -1.211680E-13 -1.212610E-13 -1.211215E-13 -1.210822E-13 -1.213254E-13 -1.213719E-13 -1.213826E-13 -1.212646E-13
0.000000E+00  -6.115442E-15 -6.251341E-15 -6.161934E-15 -6.279951E-15 -6.179816E-15 -6.194121E-15 -5.990272E-15 -6.201273E-15 -6.226307E-15 -6.279951E-15 -6.322867E-15 -6.144053E-15 -6.355053E-15 -6.440884E-15 -6.233459E-15 -6.076104E-15 -6.108290E-15 -6.111866E-15 -6.190545E-15 -6.208425E-15
0.000000E+00  5.078213E-13  5.078071E-13  5.078142E-13  5.066268E-13  5.064874E-13  5.061047E-13  5.066304E-13  5.069988E-13  5.075352E-13  5.068271E-13  5.061154E-13  5.063980E-13  5.054932E-13  5.055254E-13  5.054824E-13  5.058222E-13  5.060153E-13  5.066054E-13  5.065839E-13  5.063372E-13
0.000000E+00  4.925778E-11  4.925320E-11  4.922563E-11  4.908379E-11  4.912871E-11  4.913737E-11  4.922262E-11  4.924251E-11  4.919648E-11  4.912460E-11  4.913454E-11  4.913025E-11  4.899614E-11  4.903065E-11  4.905568E-11  4.914863E-11  4.915428E-11  4.916995E-11  4.915124E-11  4.913168E-11
0.000000E+00  1.406849E-10  1.406759E-10  1.406173E-10  1.401928E-10  1.403076E-10  1.403326E-10  1.405965E-10  1.406516E-10  1.405164E-10  1.403226E-10  1.403451E-10  1.403426E-10  1.399392E-10  1.400386E-10  1.401313E-10  1.403959E-10  1.404134E-10  1.404503E-10  1.403805E-10  1.403451E-10
0.000000E+00  1.177868E-08  1.177893E-08  1.177350E-08  1.173727E-08  1.174698E-08  1.174929E-08  1.177062E-08  1.177630E-08  1.176507E-08  1.174880E-08  1.175032E-08  1.175091E-08  1.171654E-08  1.172452E-08  1.173239E-08  1.175494E-08  1.175562E-08  1.175978E-08  1.175447E-08  1.175098E-08
Gas           Sam
0.000000E+00  -1.159109E-13 -1.157285E-13 -1.155711E-13 -1.155318E-13 -1.155604E-13 -1.154281E-13 -1.152815E-13 -1.151062E-13 -1.150919E-13 -1.149739E-13 -1.149059E-13 -1.148595E-13 -1.146842E-13 -1.147164E-13 -1.146985E-13 -1.147164E-13 -1.147629E-13 -1.146771E-13 -1.147057E-13 -1.147307E-13
0.000000E+00  -3.737215E-15 -3.690723E-15 -3.644231E-15 -3.665689E-15 -3.451112E-15 -3.511909E-15 -3.494028E-15 -3.433231E-15 -3.379586E-15 -3.361705E-15 -3.468994E-15 -3.569129E-15 -3.165010E-15 -3.397468E-15 -3.479722E-15 -3.468994E-15 -3.640655E-15 -3.798011E-15 -3.637079E-15 -3.615622E-15
0.000000E+00  5.284028E-13  5.289106E-13  5.285101E-13  5.290287E-13  5.298226E-13  5.306237E-13  5.306666E-13  5.307167E-13  5.304771E-13  5.308419E-13  5.308919E-13  5.316036E-13  5.317324E-13  5.310600E-13  5.315285E-13  5.312925E-13  5.293291E-13  5.288713E-13  5.291896E-13  5.298369E-13
0.000000E+00  4.992930E-11  4.998827E-11  4.989976E-11  4.993030E-11  4.996914E-11  5.000959E-11  5.001563E-11  5.000701E-11  5.001352E-11  5.002242E-11  5.001813E-11  5.001309E-11  5.000976E-11  4.998795E-11  5.001130E-11  4.991274E-11  4.971851E-11  4.974415E-11  4.977580E-11  4.985019E-11
0.000000E+00  1.416190E-10  1.418121E-10  1.415324E-10  1.416340E-10  1.417299E-10  1.418432E-10  1.418704E-10  1.418393E-10  1.418690E-10  1.418879E-10  1.418747E-10  1.418615E-10  1.418400E-10  1.418060E-10  1.418400E-10  1.415850E-10  1.410199E-10  1.411015E-10  1.411902E-10  1.413865E-10
0.000000E+00  1.179712E-08  1.181332E-08  1.178930E-08  1.179821E-08  1.180642E-08  1.181595E-08  1.181836E-08  1.181652E-08  1.181858E-08  1.182035E-08  1.181875E-08  1.181772E-08  1.181645E-08  1.181244E-08  1.181616E-08  1.179542E-08  1.174698E-08  1.175361E-08  1.176041E-08  1.177832E-08
Gas           Ref
0.000000E+00  -1.212252E-13 -1.213075E-13 -1.211966E-13 -1.211394E-13 -1.212968E-13 -1.213111E-13 -1.212181E-13 -1.212181E-13 -1.212431E-13 -1.212038E-13 -1.212074E-13 -1.209177E-13 -1.211466E-13 -1.210393E-13 -1.212038E-13 -1.213111E-13 -1.212181E-13 -1.212681E-13 -1.211537E-13 -1.211466E-13
0.000000E+00  -6.737715E-15 -6.895072E-15 -6.762750E-15 -6.752021E-15 -6.819970E-15 -6.741292E-15 -6.809242E-15 -7.091767E-15 -6.855733E-15 -7.098920E-15 -7.342108E-15 -7.091767E-15 -6.945140E-15 -6.887919E-15 -6.955868E-15 -6.859309E-15 -6.684071E-15 -6.873614E-15 -6.963021E-15 -6.988055E-15
0.000000E+00  4.999141E-13  5.003827E-13  5.007761E-13  4.986768E-13  4.984050E-13  4.985337E-13  4.988949E-13  4.987018E-13  4.977684E-13  4.977433E-13  4.981546E-13  4.986875E-13  4.988342E-13  4.986768E-13  4.985802E-13  4.992239E-13  4.994743E-13  4.988127E-13  4.985873E-13  4.986696E-13
0.000000E+00  4.860890E-11  4.864527E-11  4.861491E-11  4.836528E-11  4.840090E-11  4.842004E-11  4.848241E-11  4.838441E-11  4.836231E-11  4.839361E-11  4.844750E-11  4.847779E-11  4.850190E-11  4.850190E-11  4.848909E-11  4.848352E-11  4.847239E-11  4.844221E-11  4.844886E-11  4.843520E-11
0.000000E+00  1.388492E-10  1.389511E-10  1.388720E-10  1.381597E-10  1.382480E-10  1.383095E-10  1.384815E-10  1.382297E-10  1.381464E-10  1.382215E-10  1.383832E-10  1.384683E-10  1.385284E-10  1.385287E-10  1.385133E-10  1.384751E-10  1.384457E-10  1.383739E-10  1.383817E-10  1.383581E-10
0.000000E+00  1.162508E-08  1.163404E-08  1.162739E-08  1.156695E-08  1.157541E-08  1.157947E-08  1.159416E-08  1.157349E-08  1.156568E-08  1.157288E-08  1.158580E-08  1.159372E-08  1.159837E-08  1.159922E-08  1.159626E-08  1.159481E-08  1.159195E-08  1.158547E-08  1.158660E-08  1.158469E-08
Gas           Sam
0.000000E+00  -1.160003E-13 -1.159431E-13 -1.157785E-13 -1.157213E-13 -1.154531E-13 -1.152421E-13 -1.153530E-13 -1.151742E-13 -1.152207E-13 -1.151277E-13 -1.148559E-13 -1.150490E-13 -1.149131E-13 -1.147021E-13 -1.146341E-13 -1.147379E-13 -1.148523E-13 -1.148308E-13 -1.148487E-13 -1.148773E-13
0.000000E+00  -4.220013E-15 -3.991131E-15 -3.976826E-15 -4.091267E-15 -4.041198E-15 -4.187827E-15 -4.327301E-15 -4.209284E-15 -4.137758E-15 -4.402403E-15 -4.352335E-15 -4.241471E-15 -3.951792E-15 -3.991131E-15 -4.098419E-15 -4.184250E-15 -4.144911E-15 -4.155640E-15 -4.237894E-15 -4.216436E-15
0.000000E+00  5.230706E-13  5.232637E-13  5.234318E-13  5.237215E-13  5.243473E-13  5.224197E-13  5.218725E-13  5.217760E-13  5.229132E-13  5.220120E-13  5.222087E-13  5.224877E-13  5.231492E-13  5.237465E-13  5.238109E-13  5.241507E-13  5.239718E-13  5.242973E-13  5.239826E-13  5.239754E-13
0.000000E+00  4.952532E-11  4.952957E-11  4.952743E-11  4.953523E-11  4.947325E-11  4.923818E-11  4.927856E-11  4.931214E-11  4.939779E-11  4.924279E-11  4.927276E-11  4.932466E-11  4.937515E-11  4.937208E-11  4.938585E-11  4.938334E-11  4.938964E-11  4.938588E-11  4.937061E-11  4.930720E-11
0.000000E+00  1.404781E-10  1.404993E-10  1.405007E-10  1.405128E-10  1.403551E-10  1.396792E-10  1.397940E-10  1.398580E-10  1.401287E-10  1.396620E-10  1.397436E-10  1.398916E-10  1.400561E-10  1.400451E-10  1.400959E-10  1.400815E-10  1.400940E-10  1.400983E-10  1.400472E-10  1.398695E-10
0.000000E+00  1.170236E-08  1.170360E-08  1.170415E-08  1.170499E-08  1.169205E-08  1.163483E-08  1.164434E-08  1.165108E-08  1.167383E-08  1.163336E-08  1.164121E-08  1.165337E-08  1.166664E-08  1.166653E-08  1.167014E-08  1.166936E-08  1.167034E-08  1.167046E-08  1.166612E-08  1.165172E-08
Gas           Ref
0.000000E+00  -1.211787E-13 -1.211752E-13 -1.211787E-13 -1.211609E-13 -1.213611E-13 -1.211322E-13 -1.210679E-13 -1.212431E-13 -1.211501E-13 -1.212324E-13 -1.212431E-13 -1.209677E-13 -1.208426E-13 -1.209642E-13 -1.210250E-13 -1.210965E-13 -1.210035E-13 -1.210428E-13 -1.212252E-13 -1.211787E-13
0.000000E+00  -7.342108E-15 -7.227666E-15 -7.395751E-15 -7.646091E-15 -7.678277E-15 -7.656820E-15 -7.528074E-15 -7.510192E-15 -7.445819E-15 -7.624633E-15 -7.588871E-15 -7.549532E-15 -7.556684E-15 -7.510192E-15 -7.524498E-15 -7.631786E-15 -7.649668E-15 -7.542379E-15 -7.506616E-15 -7.746227E-15
0.000000E+00  4.924326E-13  4.926150E-13  4.909413E-13  4.899721E-13  4.901724E-13  4.903047E-13  4.902010E-13  4.900901E-13  4.909520E-13  4.910343E-13  4.912560E-13  4.907661E-13  4.909663E-13  4.907482E-13  4.904120E-13  4.900687E-13  4.894142E-13  4.896753E-13  4.892032E-13  4.878228E-13
0.000000E+00  4.797858E-11  4.793917E-11  4.769098E-11  4.772559E-11  4.774398E-11  4.778117E-11  4.770113E-11  4.773975E-11  4.778128E-11  4.779801E-11  4.782337E-11  4.779808E-11  4.780585E-11  4.781339E-11  4.781056E-11  4.770792E-11  4.766569E-11  4.771275E-11  4.764245E-11  4.753930E-11
0.000000E+00  1.370499E-10  1.369516E-10  1.362456E-10  1.363408E-10  1.363829E-10  1.364960E-10  1.362521E-10  1.363697E-10  1.365010E-10  1.365421E-10  1.365818E-10  1.365331E-10  1.365671E-10  1.365732E-10  1.365746E-10  1.362853E-10  1.361619E-10  1.362835E-10  1.361076E-10  1.357857E-10
0.000000E+00  1.147498E-08  1.146696E-08  1.140712E-08  1.141462E-08  1.141866E-08  1.142831E-08  1.140757E-08  1.141660E-08  1.142815E-08  1.143171E-08  1.143593E-08  1.143114E-08  1.143441E-08  1.143480E-08  1.143459E-08  1.141043E-08  1.139936E-08  1.141022E-08  1.139593E-08  1.136909E-08
Gas           Sam
0.000000E+00  -1.160861E-13 -1.160289E-13 -1.160253E-13 -1.157571E-13 -1.156748E-13 -1.154174E-13 -1.152886E-13 -1.154245E-13 -1.153566E-13 -1.152707E-13 -1.151920E-13 -1.148952E-13 -1.148988E-13 -1.149667E-13 -1.148738E-13 -1.146985E-13 -1.148273E-13 -1.148738E-13 -1.149131E-13 -1.147808E-13
0.000000E+00  -4.870896E-15 -4.802947E-15 -4.570489E-15 -4.502539E-15 -4.706387E-15 -4.652743E-15 -4.713540E-15 -4.799370E-15 -4.556183E-15 -4.674201E-15 -4.481081E-15 -4.681353E-15 -4.577641E-15 -4.552607E-15 -4.423861E-15 -4.488234E-15 -4.774336E-15 -4.777913E-15 -4.806523E-15 -4.799370E-15
0.000000E+00  5.156713E-13  5.163615E-13  5.165796E-13  5.167835E-13  5.170267E-13  5.173915E-13  5.171161E-13  5.163615E-13  5.164259E-13  5.162721E-13  5.161541E-13  5.163221E-13  5.168085E-13  5.170767E-13  5.171948E-13  5.174702E-13  5.164938E-13  5.153745E-13  5.155783E-13  5.159180E-13
0.000000E+00  4.891610E-11  4.894224E-11  4.893856E-11  4.894292E-11  4.895987E-11  4.895355E-11  4.888223E-11  4.880570E-11  4.882129E-11  4.878989E-11  4.878978E-11  4.880870E-11  4.881779E-11  4.884586E-11  4.884257E-11  4.879368E-11  4.868887E-11  4.862177E-11  4.866505E-11  4.871987E-11
0.000000E+00  1.387583E-10  1.388216E-10  1.388270E-10  1.388316E-10  1.388710E-10  1.388656E-10  1.386682E-10  1.384343E-10  1.384951E-10  1.384010E-10  1.383839E-10  1.384404E-10  1.384794E-10  1.385359E-10  1.385359E-10  1.384200E-10  1.381321E-10  1.379301E-10  1.380427E-10  1.382022E-10
0.000000E+00  1.155878E-08  1.156444E-08  1.156521E-08  1.156550E-08  1.156831E-08  1.156797E-08  1.155207E-08  1.153142E-08  1.153639E-08  1.152938E-08  1.152713E-08  1.153279E-08  1.153508E-08  1.154063E-08  1.154079E-08  1.153072E-08  1.150620E-08  1.148931E-08  1.149864E-08  1.151182E-08
Gas           Ref
0.000000E+00  -1.212288E-13 -1.212181E-13 -1.212646E-13 -1.211215E-13 -1.210107E-13 -1.209964E-13 -1.210393E-13 -1.210607E-13 -1.212145E-13 -1.210714E-13 -1.211644E-13 -1.212324E-13 -1.211823E-13 -1.209570E-13 -1.209999E-13 -1.210929E-13 -1.212753E-13 -1.211072E-13 -1.210858E-13 -1.211609E-13
0.000000E+00  -8.322008E-15 -8.304127E-15 -8.168228E-15 -8.361348E-15 -8.425720E-15 -8.432873E-15 -8.314856E-15 -8.100279E-15 -8.275517E-15 -8.540161E-15 -8.625992E-15 -8.518704E-15 -8.354195E-15 -8.200415E-15 -8.296974E-15 -8.389957E-15 -8.307703E-15 -8.533009E-15 -8.618840E-15 -8.429297E-15
0.000000E+00  4.825835E-13  4.825656E-13  4.826622E-13  4.830734E-13  4.823832E-13  4.825406E-13  4.829948E-13  4.830306E-13  4.830806E-13  4.831307E-13  4.831128E-13  4.825835E-13  4.828660E-13  4.831521E-13  4.834096E-13  4.832666E-13  4.821078E-13  4.805271E-13  4.806273E-13  4.808347E-13
0.000000E+00  4.705994E-11  4.709291E-11  4.711906E-11  4.713282E-11  4.705540E-11  4.710264E-11  4.713365E-11  4.712535E-11  4.714888E-11  4.712521E-11  4.713905E-11  4.709888E-11  4.713579E-11  4.712825E-11  4.714212E-11  4.713826E-11  4.689396E-11  4.689475E-11  4.691982E-11  4.697382E-11
0.000000E+00  1.344299E-10  1.345333E-10  1.345773E-10  1.346631E-10  1.344010E-10  1.345472E-10  1.346363E-10  1.346134E-10  1.346839E-10  1.346195E-10  1.346531E-10  1.345508E-10  1.346320E-10  1.346181E-10  1.346696E-10  1.346452E-10  1.339765E-10  1.339479E-10  1.340269E-10  1.341907E-10
0.000000E+00  1.125463E-08  1.126318E-08  1.126795E-08  1.127478E-08  1.125234E-08  1.126472E-08  1.127235E-08  1.126983E-08  1.127668E-08  1.127115E-08  1.127432E-08  1.126506E-08  1.127207E-08  1.127085E-08  1.127561E-08  1.127323E-08  1.121746E-08  1.121495E-08  1.122135E-08  1.123550E-08
Gas           Sam
0.000000E+00  -1.161183E-13 -1.158751E-13 -1.157643E-13 -1.157285E-13 -1.156820E-13 -1.156641E-13 -1.155103E-13 -1.152958E-13 -1.154138E-13 -1.153494E-13 -1.151634E-13 -1.151706E-13 -1.149524E-13 -1.148273E-13 -1.150204E-13 -1.151491E-13 -1.150526E-13 -1.147486E-13 -1.148666E-13 -1.149560E-13
0.000000E+00  -5.264287E-15 -5.275016E-15 -5.235677E-15 -5.307203E-15 -5.539661E-15 -5.564695E-15 -5.525356E-15 -5.650526E-15 -5.471712E-15 -5.257135E-15 -5.303626E-15 -5.382305E-15 -5.350118E-15 -5.525356E-15 -5.553966E-15 -5.425220E-15 -5.257135E-15 -5.453830E-15 -5.593305E-15 -5.453830E-15
0.000000E+00  5.101423E-13  5.106966E-13  5.105214E-13  5.086546E-13  5.082361E-13  5.089050E-13  5.090408E-13  5.084865E-13  5.095344E-13  5.098777E-13  5.107682E-13  5.109542E-13  5.109827E-13  5.104249E-13  5.099385E-13  5.104821E-13  5.100708E-13  5.088585E-13  5.088763E-13  5.093305E-13
0.000000E+00  4.842114E-11  4.842325E-11  4.835974E-11  4.816569E-11  4.820356E-11  4.822799E-11  4.822570E-11  4.818704E-11  4.824462E-11  4.828775E-11  4.832004E-11  4.832358E-11  4.825728E-11  4.824544E-11  4.822666E-11  4.829229E-11  4.815278E-11  4.809888E-11  4.812578E-11  4.816322E-11
0.000000E+00  1.373586E-10  1.373525E-10  1.372180E-10  1.366229E-10  1.367406E-10  1.368150E-10  1.368028E-10  1.366834E-10  1.368454E-10  1.369759E-10  1.370571E-10  1.370793E-10  1.368886E-10  1.368554E-10  1.368042E-10  1.369745E-10  1.366032E-10  1.364209E-10  1.365088E-10  1.366032E-10
0.000000E+00  1.144240E-08  1.144237E-08  1.143057E-08  1.138045E-08  1.139017E-08  1.139611E-08  1.139588E-08  1.138533E-08  1.139920E-08  1.141040E-08  1.141671E-08  1.141900E-08  1.140272E-08  1.140013E-08  1.139622E-08  1.140997E-08  1.137980E-08  1.136405E-08  1.137129E-08  1.137891E-08
Gas           Ref
0.000000E+00  -1.210571E-13 -1.209320E-13 -1.209069E-13 -1.209034E-13 -1.209177E-13 -1.208247E-13 -1.209928E-13 -1.210214E-13 -1.209606E-13 -1.209427E-13 -1.211036E-13 -1.210858E-13 -1.211430E-13 -1.212002E-13 -1.211823E-13 -1.210321E-13 -1.211609E-13 -1.210500E-13 -1.210357E-13 -1.209820E-13
0.000000E+00  -9.030112E-15 -9.090909E-15 -8.990774E-15 -8.951434E-15 -8.872756E-15 -8.865603E-15 -8.858451E-15 -9.026535E-15 -9.030112E-15 -8.955010E-15 -8.965740E-15 -8.958586E-15 -9.065875E-15 -9.180316E-15 -9.187469E-15 -9.251842E-15 -9.241113E-15 -9.355553E-15 -9.241113E-15 -9.080180E-15
0.000000E+00  4.757277E-13  4.750984E-13  4.752343E-13  4.752306E-13  4.762392E-13  4.764395E-13  4.760854E-13  4.758601E-13  4.760389E-13  4.751377E-13  4.751162E-13  4.754667E-13  4.749875E-13  4.746978E-13  4.742400E-13  4.734568E-13  4.731349E-13  4.733531E-13  4.739396E-13  4.741542E-13
0.000000E+00  4.641081E-11  4.642765E-11  4.646209E-11  4.654395E-11  4.655136E-11  4.652961E-11  4.651563E-11  4.653959E-11  4.644961E-11  4.642086E-11  4.645322E-11  4.646659E-11  4.640172E-11  4.642991E-11  4.631242E-11  4.626221E-11  4.629397E-11  4.631897E-11  4.639450E-11  4.640347E-11
0.000000E+00  1.325892E-10  1.326168E-10  1.327069E-10  1.329483E-10  1.329887E-10  1.329207E-10  1.328825E-10  1.329397E-10  1.327155E-10  1.325967E-10  1.327033E-10  1.327584E-10  1.325567E-10  1.326211E-10  1.323056E-10  1.321654E-10  1.322237E-10  1.323046E-10  1.325284E-10  1.325595E-10
0.000000E+00  1.110108E-08  1.110276E-08  1.111090E-08  1.113120E-08  1.113459E-08  1.112905E-08  1.112599E-08  1.113086E-08  1.111222E-08  1.110155E-08  1.111061E-08  1.111491E-08  1.109817E-08  1.110462E-08  1.107744E-08  1.106466E-08  1.107042E-08  1.107677E-08  1.109577E-08  1.109833E-08
Gas           Sam
0.000000E+00  -1.161576E-13 -1.160074E-13 -1.158000E-13 -1.158680E-13 -1.156641E-13 -1.156248E-13 -1.155497E-13 -1.155604E-13 -1.155675E-13 -1.155819E-13 -1.155139E-13 -1.152993E-13 -1.151241E-13 -1.150740E-13 -1.149989E-13 -1.150311E-13 -1.150740E-13 -1.151098E-13 -1.149238E-13 -1.148058E-13
0.000000E+00  -6.054646E-15 -6.133324E-15 -6.061798E-15 -5.836492E-15 -5.847221E-15 -5.875832E-15 -5.918747E-15 -6.344324E-15 -6.197697E-15 -6.093985E-15 -6.051070E-15 -5.972391E-15 -5.983120E-15 -5.915170E-15 -6.068951E-15 -6.104713E-15 -5.968815E-15 -6.101137E-15 -5.958086E-15 -6.140476E-15
0.000000E+00  5.017381E-13  5.026143E-13  5.034332E-13  5.036514E-13  5.035262E-13  5.023103E-13  5.022387E-13  5.025678E-13  5.031185E-13  5.034833E-13  5.033152E-13  5.034941E-13  5.040627E-13  5.027931E-13  5.022745E-13  5.028181E-13  5.035047E-13  5.028253E-13  5.030470E-13  5.037265E-13
0.000000E+00  4.775874E-11  4.781543E-11  4.783757E-11  4.784186E-11  4.781622E-11  4.764026E-11  4.765210E-11  4.767442E-11  4.777609E-11  4.770975E-11  4.769938E-11  4.770610E-11  4.771200E-11  4.755500E-11  4.760261E-11  4.766311E-11  4.762750E-11  4.756552E-11  4.764005E-11  4.767005E-11
0.000000E+00  1.354503E-10  1.356273E-10  1.357078E-10  1.356952E-10  1.356380E-10  1.351377E-10  1.351749E-10  1.352282E-10  1.355232E-10  1.353451E-10  1.352904E-10  1.353247E-10  1.353616E-10  1.349031E-10  1.350483E-10  1.351970E-10  1.351130E-10  1.349299E-10  1.351234E-10  1.352296E-10
0.000000E+00  1.128337E-08  1.129812E-08  1.130461E-08  1.130384E-08  1.129912E-08  1.125721E-08  1.125992E-08  1.126472E-08  1.128886E-08  1.127423E-08  1.126987E-08  1.127339E-08  1.127645E-08  1.123770E-08  1.124886E-08  1.126207E-08  1.125544E-08  1.123968E-08  1.125669E-08  1.126411E-08
Gas           Ref
0.000000E+00  -1.208140E-13 -1.208605E-13 -1.209034E-13 -1.208676E-13 -1.208748E-13 -1.209892E-13 -1.209820E-13 -1.209713E-13 -1.210357E-13 -1.211394E-13 -1.211215E-13 -1.210714E-13 -1.208354E-13 -1.207997E-13 -1.208032E-13 -1.209570E-13 -1.208569E-13 -1.210142E-13 -1.208998E-13 -1.209499E-13
0.000000E+00  -9.795436E-15 -9.766826E-15 -9.834776E-15 -9.870538E-15 -9.677419E-15 -9.584436E-15 -9.673843E-15 -9.706029E-15 -9.698877E-15 -9.680995E-15 -9.748944E-15 -1.017452E-14 -9.902725E-15 -9.781132E-15 -9.917030E-15 -9.959945E-15 -9.791860E-15 -9.580860E-15 -9.645233E-15 -9.613046E-15
0.000000E+00  4.689650E-13  4.688827E-13  4.680424E-13  4.669408E-13  4.670661E-13  4.678850E-13  4.683678E-13  4.685216E-13  4.688756E-13  4.681389E-13  4.665045E-13  4.659788E-13  4.664581E-13  4.661791E-13  4.663115E-13  4.668049E-13  4.674844E-13  4.675774E-13  4.675488E-13  4.679565E-13
0.000000E+00  4.591714E-11  4.586557E-11  4.577194E-11  4.573560E-11  4.578764E-11  4.587698E-11  4.587862E-11  4.586718E-11  4.588527E-11  4.575985E-11  4.564684E-11  4.566959E-11  4.570353E-11  4.565396E-11  4.570077E-11  4.573968E-11  4.576089E-11  4.576468E-11  4.577731E-11  4.576872E-11
0.000000E+00  1.311634E-10  1.310235E-10  1.307617E-10  1.306359E-10  1.307896E-10  1.310471E-10  1.310743E-10  1.310325E-10  1.310675E-10  1.307389E-10  1.304002E-10  1.304646E-10  1.305790E-10  1.304224E-10  1.305429E-10  1.306677E-10  1.307324E-10  1.307303E-10  1.307707E-10  1.307578E-10
0.000000E+00  1.098198E-08  1.097035E-08  1.094800E-08  1.093720E-08  1.095033E-08  1.097241E-08  1.097447E-08  1.097041E-08  1.097409E-08  1.094602E-08  1.091664E-08  1.092288E-08  1.093262E-08  1.091825E-08  1.092955E-08  1.093979E-08  1.094527E-08  1.094569E-08  1.094941E-08  1.094839E-08
 Gas          
0.000000E+00  0.000000E+00  0.000000E+00  0.000000E+00  0.000000E+00  0.000000E+00  0.000000E+00  0.000000E+00  0.000000E+00  0.000000E+00  0.000000E+00  0.000000E+00  0.000000E+00  0.000000E+00  0.000000E+00  0.000000E+00  0.000000E+00  0.000000E+00  0.000000E+00  0.000000E+00  0.000000E+00
0.000000E+00  0.000000E+00  0.000000E+00  0.000000E+00  0.000000E+00  0.000000E+00  0.000000E+00  0.000000E+00  0.000000E+00  0.000000E+00  0.000000E+00  0.000000E+00  0.000000E+00  0.000000E+00  0.000000E+00  0.000000E+00  0.000000E+00  0.000000E+00  0.000000E+00  0.000000E+00  0.000000E+00
0.000000E+00  0.000000E+00  0.000000E+00  0.000000E+00  0.000000E+00  0.000000E+00  0.000000E+00  0.000000E+00  0.000000E+00  0.000000E+00  0.000000E+00  0.000000E+00  0.000000E+00  0.000000E+00  0.000000E+00  0.000000E+00  0.000000E+00  0.000000E+00  0.000000E+00  0.000000E+00  0.000000E+00
0.000000E+00  0.000000E+00  0.000000E+00  0.000000E+00  0.000000E+00  0.000000E+00  0.000000E+00  0.000000E+00  0.000000E+00  0.000000E+00  0.000000E+00  0.000000E+00  0.000000E+00  0.000000E+00  0.000000E+00  0.000000E+00  0.000000E+00  0.000000E+00  0.000000E+00  0.000000E+00  0.000000E+00
0.000000E+00  0.000000E+00  0.000000E+00  0.000000E+00  0.000000E+00  0.000000E+00  0.000000E+00  0.000000E+00  0.000000E+00  0.000000E+00  0.000000E+00  0.000000E+00  0.000000E+00  0.000000E+00  0.000000E+00  0.000000E+00  0.000000E+00  0.000000E+00  0.000000E+00  0.000000E+00  0.000000E+00
0.000000E+00  0.000000E+00  0.000000E+00  0.000000E+00  0.000000E+00  0.000000E+00  0.000000E+00  0.000000E+00  0.000000E+00  0.000000E+00  0.000000E+00  0.000000E+00  0.000000E+00  0.000000E+00  0.000000E+00  0.000000E+00  0.000000E+00  0.000000E+00  0.000000E+00  0.000000E+00  0.000000E+00
End of Analysis
"H3 factor",13.13339
"Linearity factor (0)",52.88039
"Linearity factor (1)",18.00761
"Linearity factor (2)",-.1321419
"Linearity factor (3)",9.804096E-04
"Linearity factor (4)",-7.965973E-02
"Linearity factor (5)",0
"Collector Gains :",500,5000,5000,5000,500,500,50,500,1,5
"Number of deflectors available : ",33
"Source HT",8000
"Extraction V",780
"H Defl",310
"Trap",850
"Trap Voltage",24
"Repeller",4
"Filament V",-110
"Delta HP",19
"Z Lens",110
"Delta Z",130
"Max Current",3.5
"Heater Current",1
"Quad 1",120
"Cubic 1",50
"Lin 1",0
"Deflect 1 I",5
"Deflect 1 O",5
"Offset 1",0
"Offset 2",0
"Quad 2",-620
"Cubic 2",0
"Lin 2",0
"Q1 I Cor",0
"Q1 O Cor",0
"Suppressor",-100
"Mop Plate",-15
"ESA H1",790
"ESA H1 delta",0
"ESA H2",800
"ESA H2 delta",0
"ESA H3",820
"ESA H3 delta",0
"ESA HD",0
"ESA HD delta",0
"Batch Started: ","13:02:19 15:29:56"
"Data File: ","C:\Nu Stable\Results\2019\201902013 standard PD4 BSS WNI ZE NTA\Data_9278 ETH-01.txt"
"Sample Name: ","ETH-01"
"Sample Weight: ",99
"Sample Type: ","Sam"
"Vial Number: ",1
"Sam Beam First CO: ","1.191989e-08"
"Sam Beam Last CO: ","1.126682e-08"
"Ref Beam First CO: ","1.191852e-08"
"Ref Beam Second CO: ","1.174971e-08"
"Ref BeamLast CO: ","1.094460e-08"
"Sam Depletion: ","5 %"
"Ref Depletion: ","8 %"
"Observed CP Temperature: ",70.172
"Std Dev: ","1.700e-01"
"Min: ","69.837"
"Max: ","70.256"
"Ave Started: ","13:02:19 14:46:52"
"Ave Stopped: ","13:02:19 14:43:11"
"Num: ",35
"Current Mass: ",46.03439
"Method File Name","C:\Nu Stable\Analyses\DI\040216 12-12-20 6 collectors.rdf"
"Version 6"
"Analysis Type","DI"
"Analysis Calculation Routine ","Clumped CO2 Iterative"
"Gas ID ","CO2"
"Ref Gas Identifier ","AirLiquide01"
"Centring collector ",8
"Num of Ref/Sam cycles ",6
"Cycles length(secs) ",20
"C/O valve stabilisation time ",12
"Offset for zero measurement(amu) ",0
"Zero measurement time ",20
"Spare",0
"Spare",0
0
-1
-1
-1
-1
0
-1
0
-1
0
"Num Clumped Blocks","1"
"Do zero at start of block",#FALSE#
"Balance beams",#FALSE#
"Mag Hysteresis Offset",.001
"Apply Hysteresis Offset",#FALSE#
"Target Beam (A) ",.00000005
"Use CF with Bellows ",#FALSE#
"DI Auto Gas balancing: ","True"
"Pirani pressure",3.475565E-02
"Cold finger status","CF"
"Inlet transducer pressure",3.906146
"Sample operations:  InitialisePrepSampleRun; CheckIfCFRequired; UseCF; SampleTrapped; BalanceRefToSamValue; DepletingBalance; SampleReady;"
"Number of sample chops",0
"Number of sample double chops",0
"Run from bellows",#FALSE#
"Max sample pump-over pressure (mBar)","0.000000e00"
"Max sample pump-over pressure (raw)",0
"Pre-balance Sam Beam","1.233766e-08"
"Min ref beam","3.125420e-09"
"Max ref beam","1.870254e-08"
"Ref bellows position",2758
"Sam bellows position",8447
"Balance %",-.3402391
"Initial Sam Beam","1.281900e-08"
"Final Ref Beam","1.241349e-08"
"Final Sam Beam","1.237125e-08"
"Pre-depleted Ref Beam",1.236664E-08
"InletPiraniPressure",3.475565E-02
"Depletion Factor",.96
"Balance End","13/02/19 15:29:22"
"Water Trap Temperature Hot",-195.1766
"Water Trap Temperature Cold",-195.1766
"DP Version",25
"Num Gas Cycles ",1
"UseFrontHeightThreshold(1)",#TRUE#
"FrontHeightThreshold(1)",2
"UseBackHeightThreshold(1)",#TRUE#
"BackHeightThreshold(1)",2.7
"UsePeakWidthLimit(1)",#FALSE#
"PeakWidthLimit(1)",6
"RefGasFrontHeightThreshold(1)",40
"RefGasBackHeightThreshold(1)",10
"Measure_Elemental_Comp",#TRUE#
"Use_TCD_For_Elem_Calcs",#FALSE#
"Sample_Name","ETH-01"
"Sample_Type","Sam"
"Sample_Weight",99
"Sample_Vial",1
"Standard_Type",""
"NoAnalysisCycles",1
"Gas1","CO2"
"Ref Gas1","AirLiquide01"
"Analysis_Routine1","Clumped CO2 Iterative"
"ZeroWidth1",10
"NoZeros1",1
"ZeroTime1",10
"Delta wrt Std 1",#FALSE#
"AllowLinearityCorrection",#FALSE#
"Num Collectors",6
"LinearityFactor(Cent)",52880.39
"LinearityFactor(Low2)",18007.61
"LinearityFactor(Low4)",-132.1419
"LinearityFactor()",.9804096
"LinearityFactor()",-79.65973
"LinearityFactor()",0
"UseH3Factor",#FALSE#
"H3Factor",0
"Axial Mass",46
"Anal Start",0
"Anal End",0
"Calc Linearity Correction from Ref Peaks",#FALSE#
"Temperature",25
"Std Temperature",25
"A_Factor",1.01025
"K_Factor",.04
"TemperatureCorrectionEnabled",#FALSE#
"GC ZeroMethod","Lowest Peak Limit"
"GC AllowZeroToCutPoints",#FALSE#
"GC UseIsotopicShift",#TRUE#
"GC InterpolatePeakHeight",#TRUE#
"GC NumZeroPoints",10
"GC Min Peak Height",.0000000001
"GC No UserPeaks",0
"SmoothingInterval",10
"DropFactor",1
"GradientRejectfactor",10
"SectionSize",100
"BackgroundStartTime",1
"CutOffTime",1000
"UseNewBackgroundCalcn",#FALSE#
"GC Label File","None.lab"
"GC No User Defined Background Points",0
"GC No Auto-detected Peaks to be Removed",0
"GC No Auto-calculated Background Points to Remove",0
"GC Std Peak In Sample",#FALSE#
"GC Std Peak Time",0
"Max Gap For Grouping EA Ref Pulses",20
"Group EA Ref Peaks",#FALSE#
"Use Defined Peak Limits (1)",#FALSE#
"Peak Start (1)",0
"Peak End (1)",0
"DP Version",25
"Num Gas Cycles ",1
"UseFrontHeightThreshold(1)",#TRUE#
"FrontHeightThreshold(1)",2
"UseBackHeightThreshold(1)",#TRUE#
"BackHeightThreshold(1)",2.7
"UsePeakWidthLimit(1)",#FALSE#
"PeakWidthLimit(1)",6
"RefGasFrontHeightThreshold(1)",40
"RefGasBackHeightThreshold(1)",10
"Measure_Elemental_Comp",#TRUE#
"Use_TCD_For_Elem_Calcs",#FALSE#
"Sample_Name","ETH-01"
"Sample_Type","Sam"
"Sample_Weight",99
"Sample_Vial",1
"Standard_Type",""
"NoAnalysisCycles",1
"Gas1","CO2"
"Ref Gas1","AirLiquide01"
"Analysis_Routine1","Clumped CO2 Iterative"
"ZeroWidth1",10
"NoZeros1",1
"ZeroTime1",10
"Delta wrt Std 1",#FALSE#
"AllowLinearityCorrection",#FALSE#
"Num Collectors",6
"LinearityFactor(Cent)",52880.39
"LinearityFactor(Low2)",18007.61
"LinearityFactor(Low4)",-132.1419
"LinearityFactor()",.9804096
"LinearityFactor()",-79.65973
"LinearityFactor()",0
"UseH3Factor",#FALSE#
"H3Factor",0
"Axial Mass",46
"Anal Start",0
"Anal End",0
"Calc Linearity Correction from Ref Peaks",#FALSE#
"Temperature",25
"Std Temperature",25
"A_Factor",1.01025
"K_Factor",.04
"TemperatureCorrectionEnabled",#FALSE#
"GC ZeroMethod","Lowest Peak Limit"
"GC AllowZeroToCutPoints",#FALSE#
"GC UseIsotopicShift",#TRUE#
"GC InterpolatePeakHeight",#TRUE#
"GC NumZeroPoints",10
"GC Min Peak Height",.0000000001
"GC No UserPeaks",0
"SmoothingInterval",10
"DropFactor",1
"GradientRejectfactor",10
"SectionSize",100
"BackgroundStartTime",1
"CutOffTime",1000
"UseNewBackgroundCalcn",#FALSE#
"GC Label File","None.lab"
"GC No User Defined Background Points",0
"GC No Auto-detected Peaks to be Removed",0
"GC No Auto-calculated Background Points to Remove",0
"GC Std Peak In Sample",#FALSE#
"GC Std Peak Time",0
"Max Gap For Grouping EA Ref Pulses",20
"Group EA Ref Peaks",#FALSE#
"Use Defined Peak Limits (1)",#FALSE#
"Peak Start (1)",0
"Peak End (1)",0
"End of Data file"


